1408080
365648
363968
364808
365160
397536
397624
395296
362552
363872
397896
398968
392616
450224
392400
405288
467392
363896
1390448
366528
364592
393112
393480
367712
396032
396568
364328
363552
396392
392800
361560
1580624
441255
361368
403992
360632
361544
394496
359312
399904
359792
359888
359624
359408
364024
392256
360720
359608
359560
403752
358440
356096
355504
355416
388304
393120
359544
392320
359144
409464
430576
360976
363768
393648
366840
356136
359056
360512
528536
451664
361984
394656
362504
361992
417568
371920
413200
412944
407848
478136
363760
362464
393840
396152
360464
360952
363328
355944
356328
621200
393768
360728
359656
375688
360944
360072
373016
360448
503824
358392
355264
355056
355056
355056
434448
358864
359464
1127881
358216
363816
358000
390816
358832
358008
360304
362520
358792
358072
358712
390912
392568
358304
357920
391560
391392
358864
358688
358872
357264
355208
355072
355072
355064
355064
397736
357592
355168
355064
355072
355056
355056
393872
355456
387848
355056
387856
354992
387856
361560
355400
355288
355064
355056
355064
355072
357416
355320
363112
358816
543118
355648
497850
358768
359936
358248
359464
395336
404608
397432
410904
410728
407728
393696
399048
392776
360184
360488
364424
365560
374328
411232
410928
411136
365984
361008
439568
358960
361352
609368
392840
392592
361616
359552
360944
359400
359464
362288
407304
362056
355752
355152
355072
355064
355064
358304
388136
358736
359784
547582
359648
433696
369576
366608
361920
360496
372168
358616
355648
387856
355056
387856
355064
397184
355360
355064
355064
355056
355072
355064
392928
355208
387864
355064
387856
355072
387872
359768
387960
355064
387856
355064
387856
355040
394160
355160
355056
355056
355064
355056
358728
388200
355056
387856
355056
387856
355056
391880
355184
355056
361336
385480
355520
387912
424778
395728
394944
392496
391504
360448
392895
388752
355064
387848
355056
387864
355056
403112
355560
355056
387872
355064
355056
428472
393640
393744
360064
359680
355456
387856
371816
355808
387856
355160
387864
355064
420416
543120
359992
360592
359600
360584
376776
360224
360672
360928
358720
355360
402056
362120
408552
393760
356048
358704
360736
402584
357976
388096
355056
387872
355064
396776
355616
356520
392768
358432
355360
355072
431193
388656
355208
388000
355064
387848
355056
395512
355552
355064
355056
355056
355056
359040
388544
355064
355112
355064
355072
355056
406863
364616
393808
388912
355064
388072
355248
500664
355064
388552
355352
388024
355456
372072
355912
355064
393392
393632
401568
356008
355072
355064
355056
355072
355064
391096
355168
355072
355064
355064
355056
389584
359600
360800
359960
360832
362400
392063
393736
390472
355304
387856
355056
387856
455842
355704
355064
355064
355064
355064
359104
388256
357000
355464
355064
355088
358552
368784
503112
362488
363704
359912
388808
368464
355360
387864
803656
355552
387848
366960
355304
355056
355064
355056
355072
391520
355744
355064
355064
387848
355072
387856
358672
355496
355072
355072
355064
355064
355056
359976
388200
355056
387848
355072
387856
355056
411478
355360
355056
355064
355064
355072
355064
357136
355264
355056
355056
355016
355056
359168
355552
387864
355064
387856
355064
387856
359912
355552
355160
355160
357688
355312
387864
462408
355312
387848
355064
387856
355064
390760
362720
362224
360304
358896
360112
364816
374928
368480
412568
409104
361816
362880
433944
361176
362768
365776
368808
378088
416568
412368
409056
362976
364488
360752
412801
397936
396280
392080
355704
355064
393376
357080
355120
355056
355072
389336
397128
355456
357560
391408
358792
355312
366800
357488
355208
355064
355064
355040
355056
360056
387848
355064
387864
355056
387864
355056
399592
355456
355056
355064
355056
355056
355064
396336
355280
355168
355056
355056
355072
387856
360704
355112
387872
355064
387904
355032
394536
355360
387864
355072
387856
355056
387848
411432
356312
355072
355072
355064
355056
355056
359744
355072
355064
356088
387872
355208
390904
355072
387864
355056
387856
355064
392544
355064
355056
355072
355064
355064
355064
400000
355496
387800
355096
355056
355056
355072
362376
355512
387848
355056
387872
355056
387856
384895
400600
394056
355856
355056
355056
363960
388296
355064
387856
355064
387856
355056
399016
388704
355072
387864
355064
387856
355056
558144
359760
359912
363968
355696
355072
426034
388312
355208
387864
355064
387856
355064
389696
355152
355064
355056
355056
355056
366856
388256
355064
387856
355064
387856
355072
394288
355352
355064
355056
355064
355112
355064
427527
362032
359816
356144
387848
355064
398648
357776
355112
387856
355056
387856
355016
393384
355112
387856
355064
387856
355064
387856
365200
355304
355040
355064
356912
359832
357704
363288
387960
355056
387848
355064
387856
420392
355656
355072
355072
355056
355064
355064
412840
388488
355072
387848
355208
355056
355160
434345
392192
391600
358448
355264
392296
356704
355216
355056
355064
355056
355056
359536
355440
387872
355064
387864
355056
387856
360184
388208
355056
387856
355056
387856
355064
395136
355496
355072
355056
355064
391584
355464
484942
355760
390184
355168
388032
355064
398736
355552
359040
355848
355056
355064
355064
364608
388144
355056
387848
355064
387864
355072
394080
355136
355064
355056
355056
355064
355072
355208
355072
355064
355072
355064
355064
391872
355168
387864
355064
387872
355056
388016
375713
398792
360472
364176
360872
359224
368256
363152
366832
413144
362872
431832
393720
393624
361376
365584
402832
412936
412576
412320
412728
396800
396648
489863
365848
363520
359376
388112
355072
407592
394480
391152
355360
355072
355064
355072
397248
355264
387864
355064
387856
355072
387872
360184
388008
355064
387856
355072
387864
355056
392680
355256
355064
355064
355072
355072
358192
388248
355056
387848
357568
388144
355064
399048
392504
517344
355888
355064
355120
355056
358120
355592
355072
355056
355064
355056
360536
356848
387856
355064
387856
355056
387856
360608
355504
355072
355216
355064
355208
355064
361024
388288
355056
387912
355056
387856
355056
400320
355216
355064
355056
355064
355064
355056
400832
388504
355072
387856
355072
387872
420992
355496
355056
355064
357664
355264
355080
397912
355992
355072
355056
355072
355064
355064
393624
355304
387856
355072
387856
355056
391304
358176
355112
387864
355056
387864
355056
400392
393208
355848
355064
355056
355072
355072
363504
388352
355056
387856
355072
387856
355064
392040
355056
355216
355064
355064
355072
355064
393616
355120
387864
355064
387864
355056
391920
355264
388008
355208
388008
355208
388000
363352
358288
388016
355072
387840
355064
387848
377921
393616
355704
355152
355112
355152
355216
358040
356200
355600
355168
387864
355064
393152
355208
387856
355056
387856
355064
387856
362056
361608
361784
359680
389912
355072
388008
364136
359640
359672
362848
357968
355248
375824
357880
387824
355040
387848
355072
387856
363656
357368
355848
358840
505656
358120
525081
392480
396112
