73400
55224
55120
22344
22336
55136
22336
55112
23032
55120
22328
55128
55120
22336
55120
22336
55120
55120
22328
55120
22328
22328
55120
22344
22336
55128
22328
55128
55128
55920
55768
55864
22584
22544
23168
23152
56096
55856
55800
55832
55952
55856
55712
55880
104423
55272
22328
55128
22328
22328
55128
22328
55120
55120
22328
55128
22328
22328
22336
55176
22328
55128
55120
22328
64344
22312
55128
22328
22336
55128
22328
22328
55128
22336
22328
55120
22328
55120
55112
22328
55128
22328
22328
55120
22336
22336
55120
22328
55128
22328
55120
55128
22328
55136
55120
22328
55128
22328
22328
55136
22328
22328
55128
22336
22376
55104
22232
22312
55096
58768
22232
55104
55032
22232
55104
22232
22304
55104
22232
22304
55112
22232
22312
55104
22232
22312
55104
22232
22312
55096
22232
55104
55032
22232
55096
55040
22232
55104
22232
22312
55104
22232
22312
55104
22224
22312
55104
22232
22312
55104
22232
55104
55032
22232
55104
22232
25104
22304
22312
55104
22232
22304
55104
22232
55104
55040
22232
55104
22232
22312
55104
55032
22232
55104
22232
22312
55104
22232
22312
55104
22232
22304
55104
22232
22312
55104
22232
55104
55032
22232
55104
22232
22312
55104
22232
22296
55096
22232
22312
55104
22232
22304
55104
23896
22312
55096
22232
22312
55096
22224
22312
55272
22232
22312
55104
22232
55096
55032
22480
55104
55032
22232
55104
22232
22312
55104
22232
22312
55104
22232
22304
55104
22232
55096
55024
22232
55104
55024
22232
55104
22232
22312
55104
22232
22304
55096
22224
22312
55104
22232
57984
55104
22224
22312
55112
22232
22312
55104
22232
22312
55048
22224
55104
55024
22232
55104
22232
22304
55104
22232
22304
55104
22224
22312
55104
22224
55104
55040
22232
55104
55024
22232
55104
22232
22304
55104
22232
22312
55096
22232
22304
55104
22232
55104
55024
22224
55104
57664
85728
55104
22232
22304
55104
22232
22312
55104
22224
55096
55024
22232
55104
55040
22232
55104
22232
22312
55104
22224
22312
55096
22232
22312
55104
22232
55104
55032
22232
55104
22232
22296
55104
22232
22304
55104
22232
22312
55104
22232
55096
55048
22232
55104
55032
22232
57984
55104
22232
55096
55032
22232
55096
22232
22312
55096
22232
22312
55104
22248
22304
55104
22232
22304
55104
22232
22312
55104
22232
55112
55032
22232
55104
55024
22232
55096
22232
22312
55104
22232
22304
55104
22232
22304
55104
22232
55104
55040
22232
55096
55032
22232
55096
22232
23728
22312
55096
22232
55104
55032
22232
55096
22232
22312
55104
22232
22304
55104
22232
22304
55104
22232
22312
55104
22232
55104
55032
22232
55104
22232
22312
55104
22224
22312
55104
22232
22312
55104
22232
22312
55080
22232
55104
55024
22224
55096
22232
22312
55104
22232
22304
58320
55080
22232
55104
55032
22224
55104
22232
22304
55104
22232
22304
55104
22232
22312
55104
22232
55104
55032
22232
55096
55024
22232
55104
22232
22296
55104
22232
22304
241984
55128
22472
22304
55336
22232
22312
55104
22232
22304
55104
22232
55104
55088
22232
136680
55056
22232
55104
55024
22232
55104
55048
22232
55104
22232
22312
55096
22248
22296
55096
22232
22528
55104
22232
22304
55104
22224
22312
55104
22312
22304
55104
22232
22312
55104
22232
55104
55024
22704
55784
55448
22224
55104
55032
22232
55552
55104
22224
55104
80048
55304
22232
22312
55272
22232
22312
55112
22232
55104
55032
22232
55104
55032
22224
55096
55032
22232
55104
55600
22440
22464
55680
55128
22248
22336
55096
22232
22312
55104
22232
22312
55104
22232
22312
55104
22224
55096
55032
22232
55104
22232
22312
55104
22232
33072
22312
55096
22232
55096
55032
22232
55104
55032
22232
55104
22232
22432
22312
55104
55040
22232
55104
55040
22232
55096
22232
22312
55104
22232
22312
55104
22232
22312
55104
22232
22304
55104
22232
55104
55024
22232
55104
22224
22232
55104
22232
91496
55168
22232
22312
55104
22232
55104
55024
22232
55096
22232
22312
55104
22232
22296
55104
22232
22304
55104
22232
22312
55104
22232
55096
55032
22232
55104
55024
22232
55104
22232
22312
55104
22232
22312
55104
22232
22304
55104
22232
22312
55104
22232
55104
55024
22224
61392
55104
22232
22304
55104
22232
55096
55040
22232
55104
55040
22232
55104
22224
22304
55104
22232
22312
55104
22224
22312
55104
22232
55096
55032
22232
55104
55032
22232
55096
22232
22312
55104
22232
22312
55104
22232
22304
55096
22232
22304
55024
22232
55104
55032
22232
55104
22232
22304
55104
22232
22312
55104
22232
22312
55104
22232
22312
55104
22232
22304
55104
22232
55096
55040
22232
55104
55032
22232
55104
55032
22232
55104
22232
22312
55104
22224
22304
55104
22232
22304
55104
22232
55096
55032
22224
55104
55040
22232
55104
22232
22296
55096
22224
22304
57520
22232
22304
55104
22232
22312
55104
22232
22312
55104
22232
55096
55040
22232
55328
55032
22232
55104
55032
22232
55104
22232
22304
55096
22232
22312
55104
22232
22536
55112
22232
22312
55104
22232
22304
55104
22232
55104
183104
22488
55136
22232
22312
55104
22232
22304
55096
22232
23880
22328
60888
55128
22232
55096
55040
22232
55328
55040
22232
55104
55464
22344
27040
55080
55032
22232
55104
55040
22232
55104
22232
22296
55104
22224
22280
55104
22232
22296
55096
22232
22312
55104
22232
55096
55016
22232
55104
55024
22224
55104
22224
55416
55432
22368
22592
55528
55424
22776
22696
22824
56072
56160
55824
22736
22808
55688
55592
22824
22832
55720
55656
22784
22784
55832
55536
22776
22680
55744
55376
23952
22928
23120
55928
55872
22968
23440
23040
55640
56016
55584
22480
22784
22600
55952
55576
95855
22424
22312
55104
22232
22312
55032
22232
55096
55032
22472
55328
55016
22456
55104
22232
22304
55104
22232
22312
55104
22304
22304
55104
22232
22312
55096
22232
22296
55096
22224
22544
55104
22232
22312
55104
22232
55120
22232
55104
55032
22456
55104
22232
22312
55096
80144
55128
22232
55096
55032
218183
82016
22920
24112
22696
23848
56808
56064
55944
22944
23104
55952
56440
22968
22872
22632
22808
24384
23136
23216
23488
56208
56200
56032
42511
22312
22312
55104
22224
22312
55104
22232
22312
55096
22232
22312
55104
22232
55104
55024
22232
55104
55032
22232
55104
22232
22312
55104
22232
22312
55104
22232
22312
55104
22232
22312
55104
22224
