4160720
3938111
3688328
3687272
3678944
3676968
3643728
3642808
3704552
3726239
3800858
3756416
3937471
3870952
3738495
3907545
3781448
4441840
3711376
3714648
3680544
3712280
3690632
3648192
3748344
3764463
3683056
3672688
3856049
3780992
3722600
3761832
3690352
4724328
3851184
3642536
3726576
3677400
3753064
3834912
3746127
3700024
3818376
3747449
4738312
3752391
3844321
3708632
3795055
4272425
3682296
3734424
3703888
3680880
4515392
4019912
3638416
3864208
3668344
3840392
3646632
3697104
3646968
3706352
3820040
3714000
4691103
3848777
3668776
3787040
3705256
4803473
3674600
3835704
3706144
3711136
3781256
4378368
3796992
3716928
3686856
3866560
3644904
3674303
3699321
3692784
3667632
3790040
4975135
4015993
3807743
3830881
3658320
3797248
3772304
3672112
3830071
3691920
3763553
4391352
4046080
3644360
3679312
3704144
3698928
3668384
3634096
3768496
4237376
3764176
3653344
4937368
3652352
3637424
4117624
3673752
3671960
3676024
3748392
3678208
3652160
3888536
4586888
4166896
3782208
3787936
3677408
3671960
3836072
3716455
5073305
3842464
3856080
4197559
4074001
3861472
3675192
3691096
3778463
3670304
3721265
3714360
3647080
3715480
3907464
3712256
4032376
3674640
3679208
3724752
3661832
3694392
3878664
3678320
3751560
3718144
4032184
4312776
3971031
3720817
3765112
3679488
3768104
3713464
3800919
3794577
3704007
3748744
3678112
4040321
3713440
5054432
3771967
3677432
4752400
3789129
3763832
3680952
4275072
4159568
4058008
3682128
3688856
3640496
3634320
3635456
3754960
3825680
3669272
3980536
4493928
3804440
3794039
3908520
3699088
4740273
3705416
6275024
4733768
9642863
4067728
4047544
3883680
3747128
5431480
4166784
3705904
3741856
4020953
4734097
4063064
3696911
3734785
3675552
3634384
3825903
3717736
3711040
3657217
3690007
3935072
3671408
3668728
3694568
3641160
3779113
3683776
3796384
3688359
3738832
3670792
3703584
3808624
3683864
3703569
3694224
4218568
4219912
3827544
3844544
3816376
3709616
3662312
3945424
3870344
3681816
3692104
3805296
3763672
3884352
3711320
3693960
3693040
3635656
3640040
3789456
3654568
3635024
4311936
3696640
3684568
3674008
3668664
3678504
3781384
3781040
3647360
3883464
3676456
4795704
3909656
4243088
3821976
3845016
3798624
3967352
3730288
4224367
3707120
4053401
4168760
3692416
3821768
3960656
3703263
3810865
3798280
3644056
3651656
3846304
3934504
3653896
3705008
3797127
3696129
3671688
3668880
3676312
3636544
3653288
3878280
4071016
3696432
3721888
3732543
3689377
3698928
3636600
3640520
3678712
3679648
3681768
3643704
3645856
3783120
3713856
3805031
3681641
3822560
3710912
3841920
3730455
3641184
3643528
3714584
4334073
3968616
4095016
4118336
3783000
3707328
3925243
3696069
3834384
3699616
3750528
3735488
3790168
3636264
3700376
3945627
3742341
3694159
3637632
3637344
3993657
3682752
4017099
3680920
3678776
3695128
3710808
3633456
3634000
3635168
3708253
3743440
3691552
3704152
3730608
3825643
3767005
3762448
3878807
3652625
3813907
4010749
3676112
3765016
3774584
3977328
3975207
3792249
3765800
3792656
3718552
3747144
3780856
3758656
3747272
3852904
3697856
4538840
3894608
3808056
3817824
4070680
3789848
3775592
3736968
3800232
3871312
4087328
4923360
4225183
3681536
3737464
3766737
3702312
3682848
3725912
3858288
3670808
4103648
3794151
3692328
3664697
3786000
3973672
3704568
3744952
3756936
3767248
3722584
3827207
3709808
3854392
3671208
3666536
3685016
3685145
3839784
3684448
3642624
3874184
3729632
4176967
3708960
3762136
3690448
3968624
3675656
3803248
3696472
3695353
3802232
3705487
3787321
3670976
4112376
3685512
6421168
3643520
3640976
3898112
3673760
3744960
3767960
3667416
3870304
3654871
3874953
3675688
3757656
3759936
3840864
3647304
3672224
3791896
3641216
3769399
3769232
16141329
4390256
4891063
12007664
12243920
3798264
3693760
18779569
4039040
3650976
4151808
3942672
3791968
3710768
3717896
3772168
3704960
3807704
3706736
3784992
3716696
3761976
4759615
3776465
3674872
3668368
3676952
3667424
3678848
3669296
3667576
3643272
3693624
4389920
3754064
3726440
3706776
3796680
3685912
3675120
3825160
3638176
3709968
4807536
7988280
3815256
3785784
3692320
3640256
4670000
4282247
3769729
3698392
3694952
3721088
3733128
3685440
3651120
4396664
3701240
3746288
3828144
3697832
4531440
3724504
3750704
3718760
3764256
4462480
3710024
3680240
3827120
3776512
3800760
3895056
3872544
10007872
5275344
3710248
3676088
3766864
3786248
3665399
4430120
3749337
3671808
3857807
3709792
4216320
3711408
3703000
3711352
3666384
3749001
3672264
3670088
3683944
3639600
3659184
4273000
3706296
3709776
3725504
3642072
4193599
3791064
3642976
3794280
3897201
4182992
4743968
3950607
3866593
3977559
3802697
4515064
3776624
3720840
3716400
3690880
4293559
5558529
3724992
4104448
3657216
3692832
3684008
3702832
3755903
3647568
3707248
4067609
3935800
3643048
3956303
3699848
3671185
3674808
3699424
3636824
3640016
3714840
4200176
4309440
3870560
3703696
3673984
3748544
3690992
3692328
3639232
3894000
3687000
3839488
4100800
3730855
3640624
3632056
3700201
3819296
3685416
3651688
3728367
3686697
3781808
4131560
4306336
3692256
3700640
4253456
3670856
3687576
3721552
3645032
3647048
3637784
3718384
4692392
3721952
3767208
3669080
3831568
4026536
3699184
3678512
3676728
4458288
3730960
4218736
3802400
3688440
3672608
3943383
3697240
3696520
3632600
3631744
4257145
3706048
4203992
3730424
3697616
3787720
3696768
3640224
3635360
3730815
3677409
3954800
3640592
3686632
3882352
3670064
3638448
3632720
3709752
3654513
3651360
3634968
3635960
3642872
3675880
4127840
3877071
4769689
3640440
3871935
3658824
3740697
3683608
3678728
3639752
3672136
3868368
4399024
3700768
3671951
3711101
3700752
3705275
3643384
3641200
3654096
3679616
3876096
3641112
4157159
3729512
3691296
3749001
3703288
3652704
3675664
3674160
3801528
3781432
3685304
3988735
3768400
3711745
3694672
3642648
3637928
3707624
3705416
3872264
3769824
3672024
3709440
3890344
3940115
3706888
3701872
3673205
3903848
3716296
3741848
3836872
3721096
3799168
3744656
4049632
3757840
3693680
3646888
3713568
3995768
3675328
3721528
3750128
3835056
3686272
4264235
3957504
3712104
3714072
3692045
4038456
3721728
3925456
3714616
3804112
3775936
3842267
3898080
3783904
3896765
3780800
3767160
3649792
3825080
3714952
3921896
3770776
3650184
3704376
3942771
3871920
3751360
3857063
3678609
3891568
3709184
3785680
3716600
3714952
3869536
4802248
3787720
6324456
4691024
4079376
3829040
3939112
3747096
4304792
5115560
3694504
4087960
3820680
3939384
3871232
3924984
4060432
4012224
3803024
3891144
4139392
4050215
3742785
3854904
3699968
3847581
4178072
4118128
4073320
3714336
3642080
3848440
3823056
4087504
3943411
4109728
3709288
3949629
4212280
3876776
3800496
3931576
3712024
4642712
3816280
3792439
3769249
4055840
3892016
3878976
3800120
4032752
3756184
4325264
5175552
3798048
4015968
3916480
4307587
3703989
3793184
3816535
3711849
3881187
3736525
3767807
3751160
3782793
4340480
3980592
6080395
3832256
3877256
3810168
7572216
3844568
4123784
4306541
4049512
5071288
4015120
3771248
3948928
3775704
4514976
3802280
5284560
4107960
4752320
5105296
4023096
4045440
3981176
4259312
4081768
4126472
3894304
3954600
5402920
4441480
4035192
3939968
4123224
3785720
3789744
3984496
3754440
3685984
4379672
4062176
3706080
3655256
3671960
3688864
3815256
3714232
4197816
3700744
3757928
3960120
3821368
3689784
3720240
3733384
3749691
3648928
3632000
3883424
3637320
3739752
3670984
3665608
3669896
3664912
3838213
3946808
4465304
3704472
4055608
3702856
3775400
3678520
3703704
3789352
3746000
3930479
3638112
3635776
3676849
3661368
3948275
4627853
4412712
3755768
3737088
3896696
3951704
3895287
3694000
3672576
3670224
4049105
3754240
4496720
3704768
3727176
3806216
3720304
3761243
3638696
3645024
3707421
3704696
3726496
3917208
3839440
3780688
3745339
3691861
3703504
4304864
3722576
3875099
3670224
3728837
3750304
3849944
3750640
3719704
3789520
3713120
4296064
3773856
3750592
3708896
3841056
4262131
3876285
3819344
3789720
3642368
3778607
3669361
3806752
3953792
3856240
3804216
3869344
3954152
3786240
3701512
