6728
35384
2216
2680
2248
2248
2224
2240
2216
2240
2216
2224
2328
2216
2224
2232
2304
2240
2264
2280
2248
2208
2296
2272
2224
2640
2736
2224
2256
2216
2248
2224
2200
2248
2240
2232
2248
2192
2192
2192
2192
2184
2184
34984
128168
2184
2184
2184
2192
34992
2184
2184
2296
2232
2232
2224
2248
2248
2240
2256
2256
2232
2280
2232
2288
2216
2232
2264
2256
35368
2272
2232
2256
2256
2280
2240
2232
2224
2240
2272
2280
2224
2264
2224
2240
2240
2248
2288
2232
2240
2240
2240
2264
2640
2248
2248
2256
2264
2256
2232
2264
2248
2256
2240
2264
2296
2336
2224
2240
2232
2224
2232
2280
2232
2224
2256
2280
2624
2216
2248
2216
2304
2272
2240
2264
2232
2248
2240
5912
2224
2216
2200
2224
2224
2240
2216
2272
2240
2208
2256
2216
2256
2280
2240
2304
2344
2304
2320
2336
2320
2328
2304
2288
2256
2312
2280
2264
2312
2264
2296
2248
2296
2256
2264
2232
2320
2288
2264
2304
2272
2296
2272
2272
2248
2256
2256
35424
2280
2264
2248
2320
2280
2280
2304
2200
2272
2392
2264
2296
35392
2304
2360
2296
2312
2256
2296
2528
2296
2304
2248
2224
2184
2192
2192
34984
2184
2184
2192
2184
2184
2184
2184
2184
2184
2184
2184
2184
2184
2184
2184
2192
2184
2184
2184
2184
34976
2192
2184
2184
34992
2184
2184
2184
2184
2184
2184
2184
2184
2184
2184
2184
2184
2192
2184
2184
2184
2184
2184
2192
2192
34976
2184
2184
2184
2192
2184
2184
2192
2192
2184
2192
2184
2192
2192
2184
2184
2184
2184
2192
2192
2184
2192
2184
2192
2184
2184
2184
2184
2184
2184
2184
2192
2184
2192
2184
2192
2184
2192
34984
2192
2184
2184
2184
2184
2184
2192
2184
2192
2184
2184
2192
2184
2184
2184
2184
2184
2184
2184
2184
34976
2184
2184
2192
2184
2184
2176
2176
2184
2192
2184
2192
2184
2184
2192
2192
2192
2176
2176
2184
2184
2184
2176
2184
2184
2184
2176
34984
2176
2184
2184
34992
2184
2184
2192
2184
2184
2184
2176
2176
2192
2176
2184
2176
2192
2192
2192
2176
2184
2184
2192
2184
2176
2192
2184
2192
2184
2192
2176
2176
2176
2184
2184
51280
2192
2192
15200
2176
2192
2184
2192
2184
2184
2184
2184
2184
2184
2184
2184
34984
2192
2184
2184
2192
2216
2240
2224
2224
2208
2224
2224
2216
35712
75992
2184
2176
2176
2192
2184
2184
2192
2184
2184
2184
2184
2184
2192
34968
2184
2184
2184
35008
2184
2184
2192
2192
2184
2192
2184
2184
2192
2184
2176
2184
2192
2192
2192
2184
2184
2184
2184
2192
34984
2192
2312
2184
34992
2176
2176
2176
2176
2184
2176
2184
2184
2192
2176
2184
2176
2184
2184
2192
2176
2184
2176
2176
2176
34984
2184
2176
2184
2176
2184
2176
2184
2176
34976
2184
2176
2184
2176
2192
2176
2184
2184
2184
2184
2184
2192
2176
2176
2184
2184
2176
2184
2176
2192
2176
2176
2192
2184
2176
2176
2184
2192
2192
2192
2192
2184
2184
2184
2192
2192
2184
2184
2176
2184
2184
2176
2192
2192
2176
2176
2184
2184
2176
2184
2192
2192
2192
2176
34992
2176
2192
2184
2184
2192
2184
2184
2192
2184
2192
2184
2176
2184
2176
2176
2184
2184
2176
2192
2184
2184
2176
2184
2184
34992
2176
2184
2176
34984
2432
2184
2184
298008
2192
2176
35000
2176
2176
2192
2184
2184
2184
2184
2176
2192
2184
2176
2184
2184
2192
2184
2184
2184
2184
2184
2192
2184
2176
2192
2176
2184
2176
2184
2176
2184
2184
2184
2176
2184
2184
2192
2184
34984
2184
2176
2184
2176
2192
2176
2192
2176
2184
2176
2176
2184
2192
2192
2192
2176
2192
2192
2184
2176
35216
2408
2184
2192
2184
2192
2184
2184
2176
2184
2184
2184
2184
2184
2184
2192
2184
2184
2192
2184
2176
2184
2184
2184
2192
2184
34984
2184
2176
2184
34976
2184
2192
2280
2176
2424
2248
2184
2184
2184
2192
2176
2184
2184
2184
2184
2192
2192
2184
2192
2184
2184
2192
2184
2184
2184
2176
2184
2184
2176
2192
34976
2176
2184
2192
2184
2192
2184
2192
2184
2192
2176
2176
2176
2280
35408
2280
2280
2272
2280
2296
2280
2272
2288
2280
2208
2240
2216
2224
2216
2200
2240
2216
2240
2184
2192
2184
2184
34984
2176
2184
2176
2192
2184
2184
2184
2184
2184
2176
2176
2192
2192
2192
2176
2176
2184
2192
2176
2184
2184
2184
2176
2192
2184
2192
2184
2192
34984
2184
2184
2176
2184
2240
2216
2208
2232
2216
2272
2232
2280
2240
2296
2232
2232
2240
2184
2184
2184
2184
2184
2184
2184
2176
2184
2176
34984
2184
2184
2176
2184
2192
2176
2176
2184
2192
2184
2176
2176
2184
2184
2184
2184
2192
2184
2192
2192
2192
2184
2184
2184
2192
2192
2184
2184
34976
2184
2184
2192
2184
2184
2184
2192
2184
2192
2184
2184
2184
2184
2192
2184
2192
2184
2184
2184
2184
34968
2192
2192
2184
35032
2184
2184
2184
2272
2224
2240
2240
2192
2184
2192
2184
2192
2184
2192
2184
2184
2192
2192
2176
2184
2184
2192
2184
2184
2184
34976
2184
2192
2184
2184
2184
2184
2192
2192
2184
2184
2184
2192
2184
2184
2184
2192
2184
2184
2184
2192
34976
2184
2192
2184
2184
2312
2192
2176
2192
2192
2184
2184
2184
2184
2176
2192
2184
2192
2184
2184
2192
2184
2184
2192
2192
2192
2416
2176
2184
66480
2184
2184
2176
2192
2192
2184
2192
2184
2184
2192
2184
2184
2184
2184
2192
2192
2192
2192
2192
2192
2184
34984
2184
2184
2184
2192
2184
2192
2192
2184
2184
2184
2184
2192
2184
2184
2184
2192
2192
2192
2184
2184
2184
2184
2192
2192
2184
2184
2184
2192
34976
2192
2184
2184
2184
2184
2192
2184
2192
2184
2192
2184
2184
2184
2184
2184
2192
2184
2192
2176
2192
2184
2184
2184
2184
34976
2184
2192
2184
2192
2184
2184
2184
2192
2192
2184
2184
2192
2192
2184
