2024
360
200
160
160
152
160
160
192
168
160
208
224
288
240
184
232
168
160
208
152
168
160
160
160
176
160
160
168
160
160
160
168
168
160
160
192
184
192
224
168
192
160
160
160
160
256
232
160
200
232
176
160
168
216
176
232
208
224
264
160
168
176
152
168
168
160
168
168
160
160
176
176
264
192
256
208
160
184
160
200
168
160
336
160
352
272
296
200
264
192
272
248
240
248
256
312
368
344
256
160
152
160
160
168
272
160
192
272
160
288
272
184
160
160
160
176
168
160
200
248
160
160
168
248
168
200
168
168
160
272
200
216
176
224
216
248
296
688
184
232
168
272
232
160
232
168
288
232
168
144
136
112
128
120
112
128
104
120
120
128
112
120
128
112
112
112
120
128
120
128
112
120
120
120
112
32896
120
128
128
112
128
112
128
128
120
192
256
240
248
240
232
240
232
208
112
160
120
200
184
256
144
136
112
120
112
120
128
120
120
128
128
120
120
120
120
104
120
120
120
128
120
120
112
120
112
120
112
128
120
120
128
120
128
128
120
128
288
240
160
160
192
312
696
184
152
224
208
232
240
136
136
128
120
112
128
120
120
112
120
128
128
128
112
120
176
168
136
248
152
224
184
144
208
208
160
2664
192
120
112
120
136
144
136
120
120
128
128
120
128
128
112
128
232
224
192
168
256
200
152
144
120
120
120
128
120
128
120
120
128
112
168
176
232
176
184
160
184
200
208
232
216
216
160
224
128
144
112
128
112
128
120
112
112
128
128
120
120
120
128
120
128
128
120
128
128
120
128
120
128
128
128
128
120
168
232
224
152
136
136
128
144
128
128
128
112
128
120
128
120
128
120
192
192
208
216
232
208
232
168
136
120
120
112
120
120
120
120
120
128
120
128
128
120
120
112
128
128
128
128
112
120
112
128
112
128
120
120
120
128
120
120
112
112
120
112
120
128
128
120
112
120
120
120
128
120
120
120
128
128
120
120
120
120
112
128
128
120
112
120
120
120
112
112
112
128
120
152
144
128
120
128
120
120
120
112
120
112
128
128
112
120
120
120
120
128
112
128
120
128
128
120
128
120
128
120
104
120
120
120
128
120
120
120
120
120
128
128
120
112
112
128
120
224
184
168
120
128
120
120
112
120
112
128
128
128
128
120
120
120
128
120
112
120
120
128
112
120
128
120
120
128
128
128
120
128
120
128
120
128
128
128
120
128
120
128
128
112
128
120
120
128
104
120
120
128
128
120
128
128
128
128
112
112
128
112
112
128
128
128
120
128
136
128
128
128
128
120
120
120
120
120
112
120
112
120
120
112
128
112
128
120
112
120
120
120
120
128
128
112
128
112
128
112
128
120
112
128
120
112
120
120
128
120
128
120
120
120
128
128
120
120
120
128
120
128
120
128
128
112
120
128
112
120
120
120
120
120
128
128
128
128
120
112
128
120
120
120
128
128
128
112
120
128
112
120
176
232
152
144
136
144
128
136
128
136
128
120
128
120
112
128
120
128
120
112
120
128
128
120
112
128
128
112
128
112
128
120
120
112
128
112
128
120
128
120
120
120
112
120
120
120
120
120
128
128
128
120
120
120
128
120
128
120
128
128
120
120
112
112
120
120
120
120
128
112
112
120
120
128
128
120
120
112
128
128
128
120
120
128
128
112
120
120
128
128
112
128
120
128
128
120
128
112
120
120
120
128
104
128
128
120
128
120
120
120
112
120
128
120
112
120
120
120
128
120
120
120
128
112
120
120
128
128
112
128
112
120
112
128
128
120
128
112
128
128
128
128
120
120
128
128
128
128
128
120
120
120
128
120
112
120
176
544
288
216
176
176
176
200
176
208
168
168
128
128
120
120
120
328
136
120
144
136
120
144
120
112
128
112
128
120
128
120
120
128
120
112
120
128
120
128
120
128
120
128
120
120
120
120
120
128
128
120
120
128
120
128
128
128
104
120
128
120
128
128
120
120
112
120
120
128
128
128
128
128
120
112
120
128
128
112
112
128
128
128
120
112
112
120
128
112
128
112
120
112
112
120
120
120
120
120
120
128
128
128
120
120
120
120
120
120
120
104
128
112
128
112
120
128
120
120
120
120
120
128
120
128
120
216
168
208
192
136
144
136
128
120
136
128
112
128
120
120
112
120
120
120
112
112
128
128
120
128
112
128
112
120
120
120
120
128
112
120
112
128
120
120
120
120
128
128
120
104
120
120
128
112
112
128
104
128
112
128
128
112
128
112
120
112
120
112
120
112
112
120
128
112
128
120
