33208
53680
49768
16456
15776
48640
16416
15568
48752
15792
15984
49664
15992
16152
68608
16512
48408
16264
15608
48560
49360
16504
16968
49392
16264
15824
49096
15856
16736
48552
16792
15704
48960
15504
15552
15680
49184
15664
19480
48608
16856
15832
48488
48448
16264
16432
48704
15632
15640
49200
15800
16984
22712
49144
16192
16872
50768
17368
16328
24376
49512
16456
15776
49544
16872
16720
48528
15728
15960
49152
48752
15832
15800
49232
16304
16400
49616
281272
20856
16448
49416
16232
17208
19224
16344
48304
16528
16208
48608
15760
16424
48712
15760
15656
48968
48696
15616
49960
15728
15904
49584
15576
16032
16272
21576
14808
47136
14544
47368
14232
14808
14192
14768
14088
14720
47064
14544
47344
14288
47600
14168
14744
14080
14752
47080
14600
47344
14448
47568
14192
14720
14104
14736
47008
14616
47184
17224
14736
47008
14600
47264
14472
47480
14272
14736
14184
14752
14192
14784
47088
14496
47304
14336
14808
14208
14784
14200
14728
47104
14512
47320
14376
47488
14192
14696
14168
14760
14184
14792
47112
14568
47312
14336
14800
14200
14760
14200
14720
47072
14592
47272
14392
47472
14280
14752
14184
14880
47256
15824
136480
14880
14792
14240
15144
14816
14176
15432
47248
14496
47480
14416
47656
14240
16496
14256
14824
47096
14664
47656
15216
47792
14280
14808
14176
14840
47072
14696
85816
16824
47168
14688
47408
14536
47528
14256
15352
14264
15384
47032
14832
47240
14512
47464
14344
14896
14296
14856
14192
14816
47136
14640
75472
16008
14264
14832
47016
14728
47232
14480
47472
14184
14848
14296
14792
14152
14800
47120
14608
47376
14480
47584
14304
14800
14152
14792
14168
14784
47176
14528
47368
14336
47656
14288
14768
14208
14784
47064
14664
47272
14472
47520
14272
14832
14280
14800
14176
14792
47096
14576
47400
14480
47544
14240
14816
14176
14816
71240
48496
14600
47384
14376
14904
14296
14824
14216
14824
47080
14696
47336
14488
47536
14248
14832
14248
14808
14192
14808
47136
14520
47392
14400
47616
14200
14784
14176
14784
47056
14632
47264
14456
47504
14232
14824
14200
14776
14160
14776
47112
14568
47424
14392
47592
14176
14792
14144
14776
47008
14696
47184
14480
47384
14232
16344
14776
14144
15672
47080
14632
47320
14544
47544
14232
14784
14152
14768
14160
14776
47224
14504
47384
14256
14888
14224
14800
14160
14768
47040
14632
47288
14432
47504
14272
14832
14200
14792
14136
14728
47096
14568
47400
14328
47592
14184
14792
14144
14784
47000
14696
47208
14480
47400
14232
14792
14344
14776
47016
14656
51552
14544
14896
14304
14824
14184
14800
47040
14640
47272
14496
47512
14208
14840
14224
14824
14184
16392
47120
14664
47192
14472
47376
14256
14792
14224
14744
14144
14752
47160
14512
47392
14408
47568
14192
14760
14168
14744
47088
14608
47232
14496
47456
14240
14776
14264
14728
14112
14760
47112
14536
47344
14456
70504
62864
83056
17232
15432
47040
14616
47312
14416
47480
14112
14720
14064
14752
14112
14736
47032
14528
47392
14384
47520
14120
14752
14112
14696
14104
14744
47144
14504
47352
14320
47600
14168
14760
14080
14736
46984
14600
47264
14472
47456
14184
14784
14184
14736
14120
14808
15208
14176
14808
14136
14736
47056
14512
47304
14408
47480
14104
14736
14248
14752
46984
14656
47152
14448
47408
14336
14776
14152
14776
14152
14728
47000
14600
47320
14400
47528
14184
14744
14120
14744
14128
14752
47080
14464
47336
14344
47576
14128
14752
14136
14728
46976
14664
47160
14448
47384
14216
14744
14144
14800
14144
122208
16688
47336
14392
14856
14232
14792
14136
14752
47008
14592
47264
14472
47504
14256
14816
14216
14784
14136
14808
47088
14592
47496
19600
19984
59128
53224
15240
14800
47608
14424
48376
14744
15056
14200
14784
14176
14784
47104
14600
47424
14472
48128
14216
14744
14176
25152
14888
14128
14776
14176
14784
47048
14608
47376
14488
47576
14248
14784
14144
14760
14120
15312
47232
14496
47488
14184
15976
14288
14744
47032
15408
314368
57744
14264
15032
14200
14784
47200
14584
47456
14472
48096
14304
15192
14240
14984
47240
14592
47488
14456
47536
14240
14800
14232
49384
14296
14800
14176
14752
46888
14704
47160
14400
47344
14288
47600
14200
14752
14120
14728
46992
14840
47208
14536
47456
14248
14840
62400
14640
14776
47288
14496
47424
14360
14904
14192
15152
14128
14728
46976
14592
47200
14456
47504
14200
17992
47840
14464
14992
14272
15528
47016
14656
47264
14432
47408
14136
14776
14296
14744
14120
14736
47080
14592
47392
14472
47472
14176
14736
14128
14768
14144
14792
47144
14416
47344
14312
14808
14192
14760
14144
14744
46952
14640
47176
14408
47360
14208
14752
14120
14720
14096
14712
47016
14632
47296
14328
47504
14168
14712
44968
76760
77240
20728
47424
14480
47616
14224
14832
14240
14896
47056
14776
47264
14528
47456
14288
14824
14192
14768
14168
14816
47080
14632
47200
14440
47368
14280
14816
14184
14824
14160
14744
47040
14632
47240
14480
47424
14160
14808
14216
14776
14152
14744
47048
14648
47368
14424
57728
47040
14696
47152
14488
47344
14304
14808
14232
14768
14128
14784
46976
14664
47240
14480
47440
14176
14808
14208
14760
14152
14768
47104
14600
47336
14440
14792
14136
14760
14088
14720
47072
14544
47288
14352
47560
14184
14736
14144
14752
46960
14640
47184
14448
47312
14280
14816
14192
14720
14112
14720
46944
14632
47168
14408
150656
49352
14416
15520
14224
14856
47040
14776
47360
14536
47656
14336
14896
14304
14848
14208
14832
47240
14584
47512
14488
47720
14280
14872
14248
14848
47120
14696
47344
14576
47552
14336
14848
14216
14880
14240
14872
47224
14584
47456
14376
14960
14312
14872
14224
14816
47080
14680
47312
14504
47560
14344
14856
14240
15528
14936
47112
14768
47312
14568
47568
14256
14936
14328
14904
14240
14888
47264
14632
47448
14440
14904
14320
14872
14232
14880
47128
14712
47352
14552
47568
14272
14888
14288
14864
14240
14856
47160
14664
47456
14416
47672
14264
14872
14224
14856
47032
14864
47208
14624
47432
14264
14864
14264
14840
14216
14856
47144
14616
380484
77280
43696
69480
19576
14736
46968
14680
47312
14448
47360
14240
14776
14176
14744
14144
14720
47032
14512
47344
14400
47504
14192
14776
14192
14784
47008
14736
47168
14600
47376
14384
14968
14320
