661645
422112
320680
320176
318520
414184
529784
330608
320936
770056
289904
332120
287088
285984
283096
285360
329360
284824
285912
287984
285552
316048
316128
342808
324056
320192
317616
318344
316024
324800
336968
287312
286136
288152
286400
299344
327752
320752
316840
319184
407552
319328
283008
287032
282944
283944
283200
328592
284816
284504
284312
284696
340856
317184
317160
285904
287272
286656
282544
285112
286456
286480
283312
285792
357648
344680
321280
317680
317264
321856
319168
343424
331632
319720
317744
318128
428056
415792
417464
369416
412952
411067
399200
605501
408024
328712
287264
288432
298616
349224
343360
318600
288472
318544
318480
283392
285776
363520
355664
285456
286504
288272
282488
288000
336880
318672
317048
319576
318080
315264
318872
332312
316720
318120
319936
316448
317640
321008
318520
406336
318016
319336
317376
316112
317768
319312
327448
332960
293672
320448
338992
289144
523144
392864
398048
320632
321616
320936
319296
345456
346864
288128
280592
297200
285520
287808
286888
280480
358776
368344
359344
406704
590552
371400
404088
341864
282400
287088
288184
284520
328584
320928
316288
318408
317096
319592
318776
318184
346128
287648
285552
284328
284944
286496
289488
284456
329552
319808
318120
281608
320312
285264
284960
336960
383600
317624
317320
315896
319944
283928
287584
535419
288264
287320
282224
286592
285320
287560
418501
582816
403216
374688
359000
346984
318480
318088
317928
317200
320488
317192
317712
336856
288080
285120
286616
285408
286504
284328
330392
318648
318264
317696
319384
328104
313648
321584
401856
320768
316888
317840
320712
317664
319984
408544
299680
324600
322200
316336
320392
318232
317728
365120
319264
283808
284648
286128
448776
286776
367240
284680
284760
348776
289104
288192
285240
383229
323248
320280
289008
286440
283336
287160
389640
392808
317976
329464
318648
321320
315784
335960
286936
287640
285736
284216
287400
285912
283776
341600
316800
356488
320384
319248
283048
287568
328632
323912
316576
315008
318944
316712
319000
320392
334952
286504
287040
284936
283600
285648
285072
288640
340560
319544
316640
315752
316344
320400
317064
451152
330384
446005
328256
320848
318968
319136
337408
316808
316288
321280
319176
321168
318480
513672
388384
321872
320912
320344
318032
317120
404440
319096
320384
321992
321112
320944
317552
411112
289664
288840
287016
286864
283792
368584
369448
419080
377408
347488
284680
282520
281656
621587
286472
320896
282464
284416
283400
287464
338832
319976
317176
314920
319240
419472
318248
330792
286160
284488
286048
285808
282816
321160
287968
379736
334096
318736
320880
317184
319768
320536
401480
322648
319160
317792
316120
318560
319480
318544
397648
321064
316632
317720
317928
317688
317560
369328
320544
319512
317568
282832
288400
285768
365976
361784
319192
318000
320864
318448
318352
320016
329944
285896
286352
282792
288872
284808
286184
286192
545305
393008
337680
285648
360040
544008
297408
284648
283224
284960
283816
286072
535592
369288
319904
282688
285128
286088
283888
375600
328040
318312
320552
318800
318496
316352
317424
424840
283000
285552
285448
287504
283224
285440
422376
349712
326536
319264
317968
317016
320024
407496
315480
317600
322648
318200
318632
315632
533992
337144
319112
314704
318008
317824
317736
320072
402072
342848
285568
283384
284624
284360
286504
380440
288056
325592
319392
318504
284128
284344
427808
370640
367352
369160
437040
372184
850960
470328
372096
699776
386960
285928
287296
283280
283728
285176
367352
285832
321096
282336
284920
288720
284536
284720
362664
603440
322272
319968
286104
370800
284968
283776
282928
288528
286728
514848
686504
355744
286344
285184
286136
285728
448136
291176
285944
286120
286848
286048
284616
281368
288360
281064
286584
288072
289432
288624
285640
379288
354112
509584
318352
317016
317184
317432
554088
363968
395072
336296
287816
286568
428864
316840
315976
319360
317072
320488
321168
436832
286736
285864
284744
285752
285424
284912
369920
285976
282776
285304
284968
283272
287368
283136
376624
286400
284752
281304
288208
286656
286328
370952
286392
284632
283352
286488
285040
286224
284384
427144
318216
320200
318976
400272
321072
320640
421472
362208
661936
410672
368912
410784
345432
335800
338584
284928
285976
286224
377648
286224
285072
283832
282872
286304
286016
285656
369472
287976
435912
522112
321208
318696
403984
319520
321480
319536
318720
319616
316144
389408
374320
321488
320728
321000
322088
315872
380160
284976
286152
285296
285376
284720
288000
284368
409176
398024
395696
400688
401896
581744
421968
421224
336104
285256
288552
409832
432707
326968
330224
317016
319584
319776
403696
320528
284480
318704
318768
316472
321136
320688
342064
283128
286856
283440
288024
282592
286480
287720
319320
316840
315728
319296
317704
319496
316368
340016
321232
319744
318280
385800
319160
317472
317216
339984
331240
286712
286056
282608
285808
287576
326984
317840
319504
283640
286368
286360
321488
319400
405472
317720
319872
318048
318488
317016
282800
339304
319808
317712
321600
334624
285616
284632
363893
328112
315552
319208
318312
318872
316016
315880
422824
318344
431136
283600
284632
287880
285288
662275
320352
316712
319376
318840
321432
329320
405736
406576
291488
287424
284536
281632
365520
366664
515512
288912
287184
283616
284512
495648
368272
413080
326576
285896
282696
415920
286056
282424
287320
288008
284288
284032
286448
288368
284976
283216
285520
285528
286784
282168
435520
350936
318040
355864
282304
285232
286656
418960
319888
316664
285304
320616
282496
286752
282680
286824
319032
285720
285328
285384
672264
420176
283624
287856
285480
284392
286480
287872
393528
343328
319928
318448
318632
318360
320496
412768
286160
287280
283704
285784
284704
283144
287032
702800
285880
287744
286448
286664
284504
421880
318792
318928
315184
320312
319176
316448
424520
327008
360048
315992
322880
346392
321696
406720
384672
285936
286472
287520
284152
287592
356400
530801
431304
405264
402080
294896
372600
321088
316040
284544
334392
317104
317864
577680
386240
405520
357992
352872
457800
406856
402024
337424
287032
286144
284192
530016
285880
287200
284200
285208
285192
282704
585971
318616
318256
316032
316968
315864
283776
333880
319384
315656
321136
319568
318552
315832
353752
289408
284000
447728
281688
284080
285928
283240
294496
319600
320960
316768
319408
320304
318584
658583
321840
321344
317336
317632
315424
320896
416393
283512
283040
286840
285632
286536
284344
430952
316904
320392
432336
283344
285248
282336
771344
372416
324056
320896
321128
316160
407016
315056
321416
317240
318168
316824
320288
358024
295136
285760
556016
320824
321168
319456
348088
287048
335208
347056
319968
317912
283192
351160
391440
397528
341072
283576
353688
284272
486712
379072
403408
320672
321160
316392
422480
286840
284816
285552
284200
285024
285760
280416
345544
287120
285928
289384
286472
286712
283352
415896
316816
317104
317528
320112
284008
286168
866779
321712
283976
287688
