10312
2496
1744
34368
1528
1776
1664
1528
1544
1528
1616
1560
1536
1576
1624
1584
1544
1520
1536
1544
1536
1544
1608
1576
2136
1696
1600
1760
1688
1568
1552
1640
1664
1712
1608
1600
1656
1536
1632
1472
1728
1640
1584
1616
1552
1504
1536
1528
1656
1736
1664
1608
1624
1832
2152
1912
2288
2328
1784
1600
1632
1720
1544
1600
1528
1592
1584
1568
1568
1584
143472
2248
1920
1640
1592
1640
1688
1656
1592
1592
1576
1624
1544
2304
1808
1576
1632
1560
1552
1544
1600
1584
34368
1704
1592
1576
1536
1592
1600
1592
1568
1600
1576
1568
1544
34280
1488
1528
1568
1552
1552
1624
1584
1584
1624
1600
2872
2136
1752
1664
1656
2352
1216
1008
968
968
968
1024
976
976
976
968
1016
984
992
960
1040
1008
984
992
984
1016
976
968
976
992
992
992
968
960
1016
960
976
944
944
1008
952
944
936
936
1008
936
976
976
1032
976
960
952
952
1000
944
960
960
960
1008
952
952
952
1016
968
952
952
960
1016
960
960
1096
1056
944
984
1360
1728
1528
4992
3760
2000
1544
3336
1280
984
952
1016
968
944
944
928
1048
992
1000
984
1040
952
1008
1000
976
1016
976
984
976
976
1048
1000
976
984
1048
1016
1000
992
976
1024
984
992
992
976
1280
1064
1440
1240
1440
1864
1352
1520
1400
2528
1376
1304
1776
1496
1624
1464
1336
1048
1512
1424
1056
992
1008
992
992
1048
992
1024
1000
1064
968
1000
1000
1000
1048
976
1000
1000
1000
1056
1024
1008
1016
1064
1000
1000
992
992
1048
1000
1000
992
1000
1024
984
992
992
1040
944
976
960
928
1000
936
936
920
912
1000
944
928
928
1168
1632
1352
1560
1624
2424
1648
34312
1736
5144
3016
1712
1520
1576
1264
1328
1256
1424
34560
1472
1936
1240
1152
1216
1928
1672
2144
1832
1984
2144
1824
1912
2048
1952
1960
1712
1944
1424
1248
1488
1632
1792
1568
1944
1904
2080
1592
1352
1872
1600
1432
2296
1376
34528
1616
1648
34256
1432
1304
1680
1640
1456
1632
1776
1840
1688
2160
2080
1952
1864
2000
1520
1400
1368
2136
1952
112040
1904
1888
1888
4528
3536
1872
1744
1616
1504
976
1088
1008
1000
1016
1032
984
984
992
984
1032
976
976
984
33768
992
960
1064
960
1048
1016
984
976
1016
1032
1024
1024
1008
1048
1000
1000
1024
1000
1032
984
984
984
976
1048
1008
1000
992
1048
1000
1008
1000
1008
1080
1032
1000
1016
1008
1056
1000
1016
1008
1072
1024
1000
1000
1000
1048
1008
1000
1000
1000
1048
1000
1000
992
1048
1000
976
976
976
1024
976
968
976
968
1040
992
984
992
1040
976
984
1000
1008
1040
992
1000
984
992
1056
1008
992
1000
33848
952
952
952
952
1080
1024
992
984
984
1088
1016
992
984
992
1048
1016
1024
1000
1056
1040
952
1000
1000
1072
1024
1000
1000
1008
1448
1640
1208
1120
1384
1248
1808
1592
1112
1968
1528
1344
1664
1520
1360
1536
1832
1392
1768
1808
1688
1760
1568
2072
1328
1592
1760
1648
1776
1696
1632
1736
1504
1224
2016
1368
1496
1520
1448
1256
1416
1384
1424
1408
34376
1352
1456
1488
2176
1400
1472
1360
1344
1400
1384
1872
1648
1408
1504
1496
1456
1568
1408
2208
1904
1576
1296
1304
1512
1896
2064
1416
1672
1680
1768
1816
1880
1840
1816
1784
1768
1824
1784
1800
1872
34608
1952
1944
1952
5384
3304
1656
1520
1624
1584
1592
1624
1576
1536
1048
1000
1016
1008
1008
1032
1000
1008
992
1000
1040
992
1000
1000
1048
968
968
976
968
1024
968
960
960
960
1008
960
960
960
33744
992
1056
1000
984
1120
1016
992
968
968
1016
976
984
944
976
1408
1000
1000
976
1048
1008
984
1016
992
1048
976
976
976
976
1048
1024
1016
992
1048
1008
1000
1000
1000
1088
1032
1000
1016
1000
1056
1008
1024
1000
33824
984
968
960
968
1048
992
960
992
992
984
968
952
1376
1976
2016
1792
1784
2336
2232
1840
1840
1512
1608
1472
1384
1824
1680
1368
34312
1784
1848
1688
1648
1464
2024
1664
1080
1104
984
968
944
936
1160
1536
1168
1792
1056
1008
1008
1000
960
960
968
1008
928
920
920
928
992
952
952
952
952
1008
1584
1616
1776
1824
1480
1776
1752
1616
2000
1232
33936
1128
1072
1016
1248
1840
1264
1728
1344
1032
1008
976
976
976
33776
1048
992
920
920
976
928
968
968
952
984
944
952
952
952
1024
952
984
1000
1024
952
992
984
968
1040
976
968
968
976
1600
1192
984
1592
1576
1416
1632
1304
1072
1264
1192
968
34048
1416
1984
2080
1664
34296
1224
1024
1000
1064
992
1400
1616
1544
1488
1208
992
984
1312
1720
1400
1696
1416
1272
34024
2088
1168
1032
1880
1096
2480
34856
1632
1416
35120
1504
1488
1568
1920
1752
1464
1528
1632
34936
1688
2144
1792
2144
1536
1872
1512
1096
1824
1584
2512
1752
1624
1696
1464
1448
1312
1584
1768
34856
1648
1528
34984
1632
1752
2320
1968
1600
1760
1808
1360
1400
1432
1784
1464
1568
1816
1736
1848
1856
1800
2344
1712
1664
1784
2248
1608
1776
1944
1984
1888
2320
2104
2096
1776
1848
1768
1720
1840
1792
1728
1720
1784
1784
1744
1712
1624
1752
1816
1784
1696
1784
1896
1912
1856
1792
1864
2024
1208
1000
1584
2040
1224
1464
1776
1872
1744
1944
2496
34720
1808
1776
34264
2168
2072
1472
1728
1784
3296
2024
1560
1240
1000
1008
984
1000
936
944
936
33800
936
944
936
952
1016
960
960
992
984
1064
1016
984
984
1048
976
1000
1424
1856
1600
1800
1736
1624
2096
1888
