519416
414952
416976
419544
414544
410576
379424
412712
376888
411360
411960
417968
409504
379104
378872
413144
415192
413176
417528
418984
422456
441328
412488
412736
410832
385128
381080
410544
419448
422736
400760
449728
411024
409176
592144
408792
366408
367032
366608
639088
428856
428464
426624
425256
430840
429016
431840
499864
367856
367920
367264
400664
442824
400064
400920
400096
400152
417712
367936
368416
371432
400008
409568
366888
367624
367792
367424
444040
367944
433032
400944
400488
417880
367336
367944
368112
400376
487176
400400
400288
400720
400144
423577
400032
366864
367320
367328
367168
367648
368136
367880
367360
401568
399504
399352
399712
402984
604064
375824
366688
367288
366544
436769
367664
367552
366880
366304
399304
415928
367688
367608
370416
367304
367376
376552
446503
367080
367344
367536
367840
450032
407720
415888
377336
367216
367824
421192
400592
399544
399160
366424
367368
373976
407656
400320
400192
367864
367568
367784
405152
400400
399296
400088
399344
430272
401872
367072
400208
399368
399232
399136
421416
366888
366288
367272
399864
400312
410712
366600
367776
399136
400024
400440
413512
366968
671647
368536
414552
440064
368160
369520
410560
411280
417920
678584
419712
411712
379688
368960
446592
367272
366712
366376
366344
367656
441904
366992
367152
367776
398960
400128
418817
367960
367304
367096
366336
377424
367792
367888
367744
366680
366824
366976
367200
440584
367656
399168
400320
399416
399640
491880
400152
399096
400008
399192
400568
431736
367136
367568
366400
367384
367768
435560
400168
367088
366800
366360
367040
416856
400424
399368
366408
366232
908951
412056
772480
408512
377960
488160
411592
380968
400496
366744
367400
404752
400696
399176
399080
399760
400368
431825
367264
367664
366288
366256
367528
455264
366928
366392
367464
367728
366864
459088
367320
367064
366368
366360
366560
412072
367472
366336
367296
373648
366368
416664
400600
400416
400352
366304
367312
450736
367536
366424
367768
366432
367648
376448
367472
366864
367032
367384
367632
418432
399664
399896
400400
430872
367336
381008
367432
367200
366624
366296
367656
544199
408824
423744
430880
496056
463409
400360
399184
399312
400000
399080
426248
367760
367472
366864
550352
400472
501024
400672
399480
400312
399080
399112
458784
399792
400488
399192
400240
399136
446152
599216
400248
400728
400000
408992
423696
400248
368496
367616
367944
367592
384336
366608
366608
366632
426720
400384
412712
399576
399704
400360
399488
399200
432216
367248
367448
366560
367160
366552
431192
367016
367368
366760
366336
366608
439416
400104
399224
399584
400504
399504
511336
367840
366992
367656
367656
399144
484832
663831
405664
367336
399640
415200
400208
399576
400000
400008
400272
496047
402800
367696
399096
399296
400288
410160
497896
399672
400224
399800
399384
409656
399640
399328
399336
366352
366552
366344
400328
431360
367536
367448
366800
376048
366680
366352
367736
373032
367464
366608
367632
367768
367416
367144
366352
366624
392008
367232
367704
366328
366792
366616
433096
399920
399128
398976
399152
367720
548655
367264
366848
366536
366968
367072
383936
400112
367624
366728
410304
661633
450760
366344
367312
367776
399928
446560
367768
366792
366696
366328
367184
433960
399984
399112
399560
399584
399576
412936
404016
399520
400520
399776
399304
414416
369744
367720
367424
400160
400416
400384
477864
415312
385872
415592
382664
427264
420784
415632
483552
416312
417048
424856
414688
415400
384960
419648
941512
416008
598343
402488
399608
576673
421480
429952
434968
422960
497736
424896
471704
417000
421944
399608
400600
366296
366288
367000
367272
404080
399736
480816
410312
384336
431400
384720
2165712
366760
366384
367592
366320
366888
378552
367576
367592
366624
366312
367640
441336
367400
400320
400184
400032
400080
479880
399712
399120
367328
366552
366184
367184
402768
400632
399360
366712
367728
436456
366656
366336
366288
399608
399896
432656
369872
366768
404584
367248
367696
366416
403120
400184
400344
366720
366368
366376
436847
419472
430384
428776
429448
510392
387312
430176
429472
428952
422136
425456
483408
430112
429584
430224
478576
421288
376568
366552
699760
419376
367656
366744
400144
399592
400176
409264
400016
399808
399048
399344
399536
406832
403008
400072
399112
399136
400432
399696
413568
399872
400440
399408
399984
366552
426880
434448
400224
400312
367088
366496
438824
367632
366528
367160
399408
473160
436152
367144
367144
367312
366312
366696
375152
367952
366512
366824
366392
366528
375296
367304
366552
366360
366344
399192
416208
367480
366560
367104
367528
434688
408904
399920
399344
399784
400176
400528
406760
400792
400088
400376
399568
400008
400496
420840
374056
366624
367640
366696
709552
425152
375584
411840
415864
379208
413240
409032
380912
412680
428832
443816
370480
367648
367784
366568
366824
440512
369848
366816
367984
372088
367336
372816
369128
367520
367416
367728
366760
366992
401824
367656
366720
494624
367680
367816
403368
400280
399160
366408
366408
366472
412992
400272
366632
366368
366944
367800
377224
367232
367632
366472
367200
415152
418320
400408
399616
399504
399168
366784
422000
494304
373352
366584
366624
367024
441744
399328
400288
400392
399648
400032
487488
400680
399136
399176
367560
366872
438912
367576
367776
366312
366360
399608
411448
367088
366408
400376
399424
399168
419896
366648
422608
399856
366728
366464
366400
405320
399824
399488
399392
399440
367664
482944
399824
366352
366328
366328
368920
399768
366728
366360
366736
366328
366600
431816
399440
399448
399112
400568
400136
429560
366936
399232
399416
399080
399840
432296
367664
366632
367336
366840
367432
432256
400280
366576
437096
367784
367368
429488
400064
480712
400064
399120
399136
408936
400536
400296
400208
400592
366944
414928
400760
400216
399536
366312
366952
414568
405664
399608
399416
399112
399152
409376
408088
400408
400368
399424
400048
426568
367168
367152
367544
366704
366336
367568
433032
430584
366592
366512
366688
367000
377264
367232
366984
367168
367672
366896
377784
366944
366336
366416
368048
366400
440721
367200
367376
367808
366320
399168
512640
367680
437160
367704
399408
405680
437391
400312
400488
399576
399104
400104
410592
399304
400552
399176
399320
400016
485320
367480
367648
366592
367224
367808
430384
399608
399544
400136
400560
366384
428112
367864
400448
399440
399168
399376
413128
402984
367368
400152
400440
400400
478640
400544
399304
399712
400304
367272
367712
496728
399624
534904
399152
400464
506056
400056
366400
366400
366600
366320
453760
366744
367544
366920
367168
367472
375936
373528
366936
367768
367608
366704
477360
400080
366664
367168
367160
366384
450944
402656
400008
399736
366376
425552
470664
367024
366696
366320
366344
366536
537313
425176
400152
400632
399744
400248
416480
367624
366720
367528
399528
400424
403272
399608
400448
399152
399856
366392
453303
367128
367392
366712
367120
366320
478696
366656
367360
367880
399568
399672
488560
399912
476352
399600
