92856
23944
55688
22912
56136
22880
55664
22856
55752
22872
22856
55680
22880
55720
22960
60408
55976
22896
22896
55752
22888
55720
22920
22912
55712
22920
55704
22920
55704
55728
22912
55688
22912
55704
22920
22928
64472
23960
25144
24688
24608
23856
56824
56928
56904
24160
24328
24176
57056
57040
24504
24032
24128
57376
24056
24112
24008
56856
56968
57016
23968
24400
24128
56840
56912
24056
24064
56856
56848
60472
24328
23968
56968
57040
24144
24088
24008
57008
56992
57016
24200
24184
57096
57016
57000
24072
24712
24344
24112
57344
56928
57048
23960
23968
23944
56920
56992
24064
24272
24072
57032
57016
60472
57112
24552
58720
130584
23960
23952
24080
24040
56808
56712
56592
23984
23968
23928
56816
56744
56536
23776
24072
23976
23912
56744
56640
56904
23872
23960
23984
56936
56784
56568
23480
23864
24480
24096
56976
56856
56792
24176
24088
23984
23984
56856
56688
56536
23896
24104
24000
56960
56808
56728
56576
23848
24136
23920
56928
56560
56608
23592
23984
23984
23976
56840
88552
23952
24064
56776
56704
56696
23656
24496
24456
24000
56800
56536
56696
23832
24048
23976
23992
56752
56568
56576
23896
23984
24064
56936
56584
56440
23880
24376
24112
23984
56864
56616
56672
23896
24368
23936
24320
56936
56840
56696
23896
24064
23992
24056
56744
56648
56600
24256
23832
23888
56840
56576
56544
24016
23944
23896
24168
56832
56632
56616
23944
24000
23976
56928
56544
56560
24256
23992
23968
57416
56768
56640
56600
23816
23968
24000
56832
56784
56744
23760
24032
24008
24000
56744
56584
23760
24088
24496
24032
56992
56904
56760
23752
24024
24056
23976
57024
56728
56976
24200
23880
23928
24048
56624
56480
23528
23792
23920
24056
57456
56552
56576
24096
24080
24000
23832
56704
56640
56448
23736
24056
24024
57376
56776
56632
23704
23792
23936
24000
56688
56544
56536
24136
23904
24000
56800
56680
56688
23584
23936
24288
24016
56752
56600
59392
56936
24176
23888
23952
56816
56744
56664
24008
23984
23952
23864
56840
56680
56560
23768
23920
24320
24000
56584
56568
56560
23472
24048
24072
24024
56960
24752
24368
24024
24032
56976
56720
110362
28064
23944
57032
57008
56896
23896
24472
24216
23696
56912
57584
56416
23904
23840
23728
57152
56648
56768
23968
23424
24600
23528
58824
57568
57008
23800
24136
23800
56336
56112
56368
23352
24104
23664
30416
23712
56920
56696
57024
23680
23912
23864
57016
56584
56912
23488
23856
24080
23736
56968
56560
23696
24368
23936
23896
56688
57008
56768
23392
23760
23592
56664
56552
56752
23320
23216
23192
23664
56680
56656
23304
24504
24024
24568
23232
56928
56888
56872
23392
23800
23824
57064
56976
56232
22672
24096
23984
23904
57392
57088
56824
23672
23744
23960
24624
56528
56544
56456
23544
23528
57080
56384
24192
22872
22832
55352
22464
22880
24512
22880
55272
22552
22824
55480
22344
22824
55632
55200
23448
23544
23536
23576
56424
56808
56040
24160
23824
22992
56104
56368
23152
23072
24344
57616
58456
56632
24440
23800
24896
24888
57032
58280
57024
24800
23776
24848
24192
24208
58328
57160
57872
23408
24952
26040
57256
23904
24040
24360
23912
56360
56224
56360
23248
22928
55632
55208
22616
22840
55408
22400
22832
55568
55120
70704
22928
22840
55408
22416
22832
55568
55120
22696
22848
55344
22472
22824
55560
55064
22760
55632
55272
22560
22832
55408
22424
22840
55560
55128
22696
22824
55272
22544
22832
55464
22328
22824
55608
55128
22696
22840
55344
22472
22808
55488
22328
22832
58992
22896
22832
55344
22448
22840
55488
22328
22840
55624
55200
22608
22808
55344
22472
22808
55528
55056
22760
55640
55200
22608
22824
55408
22416
22832
56200
55584
55072
22760
55632
55272
22552
22832
55488
22328
22832
55632
55184
23872
22832
55632
55200
22616
22832
55416
22408
22832
55568
55112
22696
55624
55272
22552
22840
55416
22416
22824
55632
55176
22608
22832
55336
22464
22824
55480
55128
22760
55632
55200
22616
22824
55408
22416
22824
55568
55128
81224
22616
22824
55632
58208
22808
22832
55632
55200
22608
22832
55456
55120
22760
55624
55200
22616
22824
55416
22408
22832
55560
55128
22680
22832
55272
22560
22832
55456
22328
22832
55608
55128
22696
22832
55344
22472
22840
55632
22336
22840
55632
55200
22616
22840
55416
22400
22832
66288
55688
55056
22760
55624
55272
22560
22832
55408
22408
22840
55560
55128
22688
22840
55312
22472
22832
55632
22328
22840
55664
55200
22616
22832
55344
22480
22808
55536
55048
22752
55632
55200
22616
22824
55408
22408
22832
55560
55128
22688
22824
55272
22560
23864
24592
55624
55664
22688
22840
55320
22480
22832
55480
22336
22840
55632
55200
22616
22808
55344
22472
22840
55544
55056
22752
55640
55344
22608
22832
55408
22408
22832
55752
55136
22696
22832
55512
22472
22840
55480
55168
22760
56064
55264
22560
22840
59776
57352
22456
22808
55552
55120
22696
23296
56624
56488
56416
23800
24280
22832
55568
55056
22760
55632
55672
22880
22960
25016
24216
55632
22328
22840
55632
55616
23024
25184
25456
23976
24176
56696
56616
58056
23936
23896
24792
24136
25608
23896
23344
56328
55960
55824
23336
24440
23576
23328
56952
55936
56008
23208
23416
23856
23544
56944
56376
56440
56168
23872
24344
23688
24064
24000
56608
56328
56280
56088
23608
23616
24552
24144
23664
56392
57544
56192
23160
22792
22824
55264
22560
23720
24408
56680
56016
23288
23760
22880
24296
56320
56000
23992
23472
23592
23288
56048
55840
55936
23176
23600
23920
23680
56208
56736
56624
56416
23824
24504
24184
23880
56808
56712
56560
57888
24128
23384
23320
23232
57056
56136
55960
23328
23416
23624
24416
57824
56264
55624
22688
24672
56632
56816
23192
23288
22864
55568
55120
22688
22808
55320
22464
22824
55472
22328
22832
55632
56768
55632
22696
22840
55272
22544
22840
55480
22344
22832
55632
55200
22608
22832
55344
22472
22808
55488
55128
22752
55640
55200
22616
22840
55416
22408
22832
55560
55120
22696
22832
55272
22544
22824
55480
22336
22840
55640
55200
22608
22800
55344
22472
27416
22832
55344
22464
22832
55480
55128
22760
55640
55200
22616
22840
55416
22408
22824
55568
55120
22688
22832
55264
22552
22840
55480
22328
22832
55624
55176
22608
22800
55336
22480
22832
55480
55136
22760
55640
55200
23832
