42072
2336
2312
2264
2272
2264
2264
2272
2264
2256
2256
2264
2272
2392
2320
2272
2264
2264
2256
2264
2264
2312
2264
2264
2256
2256
2272
2264
2256
2256
2264
2256
2272
2264
2272
2264
2192
2264
2272
2264
2264
2264
2264
2272
2456
2320
2264
2264
2264
2272
2272
2264
2264
2256
2264
2256
2264
2264
2264
2256
35064
2200
2264
2264
2264
2264
2264
2264
2264
2272
2272
2264
2264
2264
2264
2304
2352
2264
2264
2264
2248
2256
2264
2264
2264
2264
2264
35056
2192
2264
2256
2264
2264
2264
2272
2256
2272
2264
2264
2256
2256
2272
2264
2264
2256
2264
35056
2192
3040
2392
2352
2352
2360
35480
2320
2360
2360
2384
2328
2368
2368
2504
2304
2344
2368
2336
2288
2344
2320
2312
2328
2352
2320
2312
35464
2336
2336
2264
2280
35520
2320
2352
2344
2320
2288
2336
2336
2336
2320
2328
2352
2320
2328
2328
2352
2344
35488
2328
2328
2328
2336
2320
2336
2312
2344
2312
2328
2344
2344
2312
2320
2328
2336
2336
2336
2320
2312
2336
2344
35504
2336
2320
2344
2320
2312
2328
2344
2304
2336
2320
2312
2304
2312
35440
2328
2296
2328
2336
2344
2304
2312
2328
2344
2272
2328
2312
2352
2352
2360
2336
2304
2320
2344
2304
2320
2336
2320
2320
2312
2336
2352
2320
35512
2296
2312
2464
35048
2192
2200
2192
35040
2200
2184
2192
2192
2248
2200
2192
2200
2248
2192
2192
2184
2256
2200
2192
2192
35048
2192
2200
2184
35048
2192
2184
2200
2184
2256
2200
2192
2200
2256
2184
2184
2192
2256
2192
2192
2192
2192
2240
2192
2192
2200
2248
2184
2192
2200
2248
2184
2192
2192
2248
2192
2192
2184
2192
2240
2192
2200
2200
2256
2192
2200
2192
2248
2192
2200
2200
2256
2192
2184
2192
2192
2256
2184
2192
2192
2248
2192
2200
2192
2256
2184
2192
2192
35048
2192
2200
2200
2200
2264
2192
2192
2200
2240
2184
2192
2184
2248
2200
2192
2200
35024
2184
2192
2192
2200
2256
2192
2200
2200
2256
2184
2184
2192
2248
2200
2184
2200
62536
35520
2200
2200
2192
35040
2192
2200
2200
2192
2240
2192
2192
2200
2240
2200
2200
2184
2240
2184
2184
2192
35000
2304
2304
2320
2384
2336
2336
2312
2272
2248
2192
2200
2200
2248
2192
2192
2192
2248
2184
2184
2192
2184
2240
2192
2192
2192
2256
2192
2192
2192
2256
2184
2184
2184
2248
2184
2184
2184
2192
2240
2192
2256
2264
2192
2192
2240
2192
2192
2184
2192
2256
2192
2184
2200
2248
2200
2192
2192
2256
2184
2192
2192
2264
2184
2192
2192
2184
2248
2184
2184
2192
2248
2184
2192
2184
2248
2200
2200
2184
2248
2192
2200
2184
34984
2184
2200
2184
2200
2248
2200
2184
2200
2584
2192
2184
2192
2256
2192
2200
2192
42928
2360
3328
2256
2192
2192
2192
2272
2328
2760
2312
2288
2336
2304
2392
2320
2344
2312
2288
2296
2336
2352
2344
2288
35496
2328
2312
2320
2808
2336
2304
2320
2272
2256
2192
2192
2416
2240
2200
2192
2184
2256
2184
2192
2192
2568
2200
2192
2184
2248
2184
2192
2200
35576
2200
2184
2192
35048
2192
2200
2184
2200
2264
2192
2192
2192
2256
2192
2192
2192
2568
2192
2192
2200
35032
2192
2192
2192
2192
2240
2200
2200
2200
2432
2200
2200
2192
2328
2312
2344
2328
2320
35480
2880
2272
2192
2240
2192
2200
2200
2248
2192
2200
2200
2264
2184
2192
2184
35040
2200
2200
2184
2192
2520
2240
2192
2256
2184
2184
2192
2256
2200
2200
2200
2256
2200
2192
2192
2248
2192
2192
2200
35032
2192
2200
2192
2184
2248
2200
2192
2200
2248
2200
2192
2192
2248
2192
2192
2192
2240
2184
2184
2192
2248
2200
2200
2184
2248
2184
2192
2200
35040
2184
2184
2200
2184
2240
2192
2192
2200
2248
2192
2192
2200
2248
2192
2192
2184
2248
2192
2184
2184
35040
2192
2192
2200
2200
2240
2192
2200
2192
2256
2184
2200
2192
2240
2192
2200
2184
2240
2184
2184
2192
2240
2200
2192
2192
2328
2184
35040
2192
2192
2184
2184
2240
2200
2192
2192
2256
2192
2192
2192
2296
2296
2256
2336
2304
2280
2256
2304
3000
2360
2312
2296
2272
2344
2280
2336
2320
2288
2328
2352
2328
2360
2304
2400
2408
2400
2384
3064
2400
2376
2344
2392
2368
2360
2360
2368
2368
2320
2304
2272
2304
2336
2272
2272
2416
2536
2504
2384
2336
2344
2336
2304
35272
2392
2376
2328
2328
2352
2264
2264
35336
2736
2336
2360
2296
2304
2376
2288
2320
2336
2288
2296
2256
2360
2344
2400
2384
35176
2288
2352
2288
2336
2360
2272
2312
35312
2296
2360
2336
2312
2320
2496
2352
2392
2296
2440
2448
2344
2336
2320
2272
2280
2264
2328
2304
2368
2296
2272
2296
2272
2392
2272
2312
2312
2328
2344
2336
2336
2328
2408
2320
2480
2376
35192
2344
2320
2296
2328
2928
2304
2320
2272
2320
2272
2416
2384
2320
2304
3056
2336
2288
2352
2328
2400
2328
2280
2328
2328
2328
2376
2360
2344
2352
35720
2344
2240
35336
2344
2304
2912
2328
2472
2336
2296
2328
2312
2272
2280
2320
2288
2280
2392
2256
2312
2256
2296
2296
2256
2280
2240
2184
2264
2184
2192
2192
2256
2192
2200
2200
34992
2184
2192
2184
2192
2256
2200
2192
2192
2240
2184
2192
2192
2240
2200
2192
2184
2240
2184
2184
2192
2240
2184
2192
2192
35024
2184
2200
2200
2184
2248
2200
2192
2192
2560
2304
35296
2248
2192
34984
2192
2192
2192
2200
2248
2192
2192
2192
2288
2304
35368
2344
2360
2336
2344
2320
2384
3304
35040
2192
2184
2200
35328
2392
2352
2240
2312
2344
2328
2360
2328
2408
2368
2264
2192
2192
35032
2184
2192
2192
2192
2248
2200
2192
2200
35224
2440
3024
2432
2272
2464
2280
2256
2296
2328
2336
2264
2424
2344
2328
2472
2312
2344
2328
2288
2328
2368
2304
35232
2312
2864
2352
3280
2184
2192
2792
2264
35208
