34352
312
272
256
240
256
256
216
240
248
216
248
256
240
280
256
240
248
232
256
224
248
240
224
232
240
240
248
264
208
248
248
248
256
256
248
248
272
232
240
248
248
232
224
248
248
232
272
240
256
232
200
256
216
256
256
248
248
256
240
248
240
224
248
232
224
272
232
232
272
272
248
264
232
264
248
264
272
232
256
256
248
256
240
33176
256
240
280
232
240
240
240
240
248
256
224
240
208
240
240
224
264
248
248
232
240
248
232
240
256
240
240
240
240
240
248
224
256
240
224
216
264
240
240
232
256
240
232
240
240
248
232
232
248
248
240
240
224
232
248
256
272
240
240
240
224
232
320
232
240
240
272
248
240
240
256
248
248
232
232
240
224
240
232
248
240
248
232
280
256
224
232
216
232
240
256
240
248
232
232
240
248
248
232
264
256
232
264
248
256
248
248
232
232
224
248
232
240
224
248
272
224
240
224
240
240
272
248
248
264
232
216
248
256
224
264
232
224
200
184
208
192
184
200
192
192
184
192
192
200
184
192
200
192
200
192
192
208
192
200
208
200
192
200
200
208
192
192
192
192
200
192
192
200
192
192
200
200
200
200
192
192
184
208
184
192
184
200
192
200
192
192
184
200
192
184
184
184
192
192
200
192
184
192
192
192
192
192
208
184
192
184
192
184
200
184
192
192
208
192
184
184
184
192
192
192
184
192
208
200
184
184
184
200
208
200
208
192
200
200
200
208
200
200
208
200
192
192
200
192
200
192
184
192
208
192
192
192
184
192
192
184
208
184
192
192
200
192
192
200
200
192
192
192
192
192
184
184
200
200
192
184
192
184
184
192
200
192
192
224
264
192
248
224
216
256
240
232
240
240
240
240
248
248
232
240
256
232
232
248
240
232
232
256
272
240
256
232
240
248
256
240
232
248
248
232
232
240
248
224
232
256
240
232
240
248
224
256
240
248
232
240
224
248
240
248
248
232
264
240
232
240
248
232
248
240
248
240
248
232
256
248
256
216
240
240
232
224
248
232
232
232
224
232
240
224
240
264
264
256
232
240
248
232
224
232
232
232
256
248
256
248
240
240
33192
248
232
232
256
240
240
232
248
232
240
224
232
224
232
256
224
224
216
224
240
248
240
232
240
232
240
224
240
232
216
232
224
240
224
240
256
232
232
248
240
240
232
232
240
248
224
256
256
240
264
240
248
240
232
240
240
232
240
240
248
232
240
240
224
248
240
248
240
248
224
240
248
240
240
224
240
240
224
216
232
248
232
248
33136
240
224
224
240
232
224
224
232
248
224
232
232
232
440
208
296
232
504
208
208
208
224
216
264
224
208
240
232
216
224
296
240
240
240
216
224
248
224
264
256
248
240
224
256
216
240
232
248
240
240
224
248
232
240
224
232
256
248
240
216
232
232
232
232
240
248
272
248
216
224
240
208
208
216
200
208
216
224
216
232
232
200
224
232
264
240
248
240
224
192
200
184
200
192
184
184
200
184
192
184
192
192
184
224
208
208
216
216
208
224
232
208
232
256
224
192
216
216
208
232
224
184
184
192
192
200
184
192
184
184
192
192
200
192
200
200
184
184
192
200
192
184
208
208
184
208
192
208
200
184
200
208
192
208
192
192
200
192
208
192
200
208
192
200
192
184
200
200
200
200
200
192
192
200
192
184
184
184
192
200
184
184
192
184
200
192
192
200
192
200
200
200
200
192
192
192
192
192
200
200
224
224
232
216
224
280
200
256
216
224
224
232
216
216
224
240
232
216
296
256
224
280
33200
264
280
264
248
264
272
272
248
240
232
256
232
240
272
272
224
200
272
264
264
264
272
248
256
712
232
216
256
224
232
224
224
200
240
208
216
296
208
224
208
216
264
248
224
208
216
232
240
208
208
208
216
216
216
232
240
256
240
232
33144
240
224
224
240
248
200
216
200
240
208
200
216
224
232
232
200
208
216
224
208
224
200
224
200
216
216
216
208
208
216
208
248
208
264
208
208
224
224
224
224
232
208
224
216
248
192
208
200
184
224
208
216
208
192
192
208
184
200
200
184
184
200
192
184
184
184
184
192
192
200
200
192
184
200
192
192
184
192
192
192
192
200
184
192
192
200
200
184
200
192
192
184
192
184
200
184
184
200
192
192
184
192
184
184
200
200
184
184
184
200
200
192
192
192
192
184
184
192
200
184
200
184
192
200
200
200
192
216
208
208
232
224
224
200
232
208
216
216
208
216
216
216
216
208
208
224
216
208
232
224
224
216
224
224
216
224
216
240
