3704
2456
2272
2272
2256
2256
2272
2264
2264
2256
2264
2272
2264
2264
2264
2256
2256
35056
2184
2256
2256
2272
2256
2264
2272
2264
2400
2272
2256
2272
2264
2264
2264
2272
2264
35056
2184
2264
2264
2264
2264
2272
2272
2272
2256
2272
2264
2264
2264
2264
2272
2264
2264
2264
2256
35056
2192
2584
2312
2256
2256
2264
2304
2264
2264
2264
2264
2264
35056
2184
2272
2272
2264
2264
2256
2256
2256
2264
2264
2264
2272
2264
2264
2256
2264
2256
2272
2264
2272
2344
2464
2264
2264
35064
35056
2184
2272
2264
2264
2272
2272
2264
2264
2256
2272
2272
2264
2264
2256
2264
2272
2264
2264
2272
2184
2264
2272
2272
2256
2256
2824
2472
2192
2200
2248
2192
2184
2192
35056
2184
2192
2192
35048
2200
2192
2200
34992
2184
2312
2344
2240
2184
2192
34984
2184
2192
2192
2192
2248
2192
2184
2192
2248
2184
2192
2192
2256
2192
2184
2200
2248
2192
2192
2192
2256
2184
2184
2200
2248
2192
2192
2192
35048
2184
2192
2192
2200
2240
2192
2192
2200
2248
2192
2192
2192
2248
2792
2336
2320
2344
35288
2376
2376
2344
2264
2200
2240
2192
2192
2184
2248
2184
2200
2184
35048
2200
2192
2192
2192
2240
2200
2192
2192
2256
2192
2192
2200
2424
2576
2344
2264
2192
2184
2248
2192
2192
2184
2248
2192
2200
2184
2248
2192
2192
2192
2256
2200
2184
2192
2248
2192
2184
2192
35016
2184
2184
2192
2192
2256
2192
2192
2200
2240
2192
2200
2192
2240
2200
2192
2184
2240
2192
2200
2200
35032
2200
2200
2200
34984
2184
2200
2192
2184
2248
2192
2192
2192
2248
2184
2184
2200
2248
2192
2192
2192
2248
2192
2192
2192
2248
2192
2184
2200
35040
2192
2200
2200
2200
2248
2200
2200
2320
2200
2192
2240
2200
2192
2192
2248
2184
2184
2200
35048
2184
2192
2200
2200
2248
2200
2200
2192
2248
2200
2200
2200
2256
2184
2192
2192
2248
2192
2192
2200
2192
2240
2184
2192
2192
2448
2240
2192
2424
2256
35048
2192
2192
2184
2200
2248
2200
2192
2184
2256
2200
2200
2200
2264
2200
2184
2184
2248
2192
2200
2192
34984
2184
2184
2192
2192
2256
2192
2200
2184
2256
2200
2192
2200
2248
2192
2192
2200
2248
2200
2192
2184
2248
2192
2200
2200
2248
2192
2200
2192
35048
2192
2192
2184
2184
2248
2192
2200
2192
2256
2192
2184
2184
2256
2192
2192
2192
2248
2184
2192
2200
35048
2184
2200
2192
34992
2184
2200
2200
2200
2248
2192
2192
2192
2240
2184
2192
2192
2240
2184
2200
2184
2240
2192
2184
2200
35040
2184
2192
2192
2200
2240
2200
2200
2200
2264
2192
2192
2200
2256
2200
2200
2192
2248
2192
2192
2184
35048
2192
2192
2192
35208
2256
2192
2200
2256
2192
2200
2200
2248
2184
2192
2192
35040
2192
2192
2192
2192
2248
2200
2200
2200
2248
2192
2192
2200
2240
2192
2200
2184
2240
2200
2200
2184
35048
2192
2192
2192
2192
2248
2192
2200
2200
2248
2184
2192
2192
2248
2200
2192
2200
2256
2200
2184
2192
35048
2200
2192
2184
2192
2240
2184
2200
2200
2264
2192
2192
2192
2248
2192
2184
2192
2256
2200
2200
2192
2256
2184
2200
2200
2192
2240
2192
2200
2192
2248
2200
2192
2192
2256
2200
2192
2200
2256
2192
2184
2200
2256
2200
2184
2200
2248
2184
2192
2192
35048
2192
2184
2184
2192
2248
2192
2192
2192
2256
2200
2200
2192
2248
2192
2184
2200
2256
2184
2192
2200
35056
2192
2200
2200
2304
2312
2256
2192
2192
2200
2256
2192
2192
2192
35032
2184
2184
2192
2192
2248
2192
2192
2192
2256
2200
2192
2192
2256
2192
2192
2192
2256
2200
2192
2184
35048
2192
2200
2192
2184
2248
2192
2200
2200
2248
2200
2200
2192
2256
2192
2200
2200
2248
2192
2184
2192
2192
2240
2192
2184
2184
2248
2184
2200
2192
2248
2184
2200
2192
2264
2200
2200
2184
2248
2192
2200
2192
2184
2240
2192
2184
2200
2248
2200
2192
2192
2256
2200
2184
35096
2192
2200
2200
2264
2184
2200
2192
2248
2192
2200
2184
2248
2192
2200
2200
2248
2200
2200
2200
35048
2192
2192
2192
2192
2248
2192
2200
2192
2256
2200
2312
2392
2352
2256
2256
2192
2184
2192
2240
2200
2200
2192
35032
2200
2200
2192
2200
2240
2200
2200
2200
2240
2184
2192
2184
2240
2184
2200
2192
2240
2192
2184
2200
35032
2192
2192
2192
2240
2184
2192
2200
2240
2184
2184
2192
35032
2192
2200
2184
2192
2240
2200
2200
2200
2264
2192
2192
2184
2248
2184
2192
2192
2248
2200
2192
2192
35048
2192
2192
2192
2192
2240
2200
2192
2192
2264
2192
2200
2184
2248
2184
2184
2184
2256
2192
2184
2192
2256
2192
2192
2192
34984
2192
2192
2184
2192
2248
2184
2200
2200
2248
2192
2200
2192
2256
2200
2200
2192
2248
2192
2192
2200
35040
2192
2192
2192
2192
2248
2192
2192
2192
2240
2192
2192
2192
2240
2192
2256
2272
3248
2328
2360
2296
2280
3328
2432
2432
2344
2280
2280
35424
2816
2304
2288
2288
2296
2312
2272
2352
35408
2312
2280
2280
2240
2344
3248
2408
2320
2376
2376
2328
35528
2368
2392
2360
2336
2328
2344
2336
2344
2360
2344
2352
2376
2336
2264
2288
2248
2192
2264
2296
2240
2432
2488
36360
2344
2256
35320
2360
2264
2360
2312
2320
2256
2272
2288
2312
2384
2288
2280
2248
2184
2336
2448
2392
2280
2336
2288
2280
2312
2344
2680
2288
2304
2280
2336
2336
2328
2360
2320
2344
2336
2360
2304
2328
2352
35424
2336
2512
2248
2200
2200
2192
2256
2184
2200
2184
35048
2184
2192
2192
2192
2256
2200
2192
2192
2256
2192
2200
2192
2256
2200
2184
2200
2256
2192
2192
2200
35040
2192
2192
2200
2200
2248
2184
2192
2200
2248
2192
2200
2192
2256
2200
2192
2192
35040
2200
2192
2192
2192
2240
2184
2184
2184
2256
2184
2192
2192
2256
2192
2192
