73912
23728
23048
55768
22864
22936
55672
22896
23280
55776
22848
55656
55632
22864
55664
22888
55672
55656
22848
55664
22912
22920
55656
22920
55680
22856
55712
55672
22856
68624
56960
55816
23000
22912
55712
22920
55768
22920
22928
55712
22928
55728
22936
22936
55728
22920
55712
22920
22984
55696
70680
24040
23464
23368
56488
23296
23384
23432
56920
56640
23680
23256
56512
56480
23264
23288
56432
56480
23488
23368
56608
56528
23344
23792
24424
24168
56640
57464
56584
56616
23792
24336
23744
23736
80768
24856
23504
25944
25856
26080
57256
56576
56976
58424
57072
25744
23560
23328
56216
56424
56368
25064
56480
61184
59336
26664
23416
23432
23712
56368
56264
23016
23672
23120
56224
55880
22952
23568
24240
56664
56512
55936
23656
23576
57368
56032
56984
23392
23656
24128
57792
56440
56808
23560
23880
24176
57128
56776
56448
23936
24376
23784
23592
56024
56080
23248
23544
23608
57624
56592
56376
22808
23704
23200
56232
55912
22712
23280
23664
62072
57392
55976
22984
23256
23144
57752
56720
56720
22912
23832
24064
56288
56320
56328
23224
23528
23112
56272
56064
57848
57848
56568
56864
23488
23456
24696
117976
167216
57440
56776
56304
56248
23112
24448
44141
24680
69749
28512
25128
24680
24008
25864
57176
56576
56352
24272
24096
24360
24072
56520
55984
56704
56712
75291
99115
25024
25240
57352
58248
57336
56304
57040
24736
24696
23272
24104
56312
56144
23176
23248
23312
56016
56304
23744
23376
24176
56080
56824
55752
24464
23816
57400
57448
58680
56264
23256
24432
23888
56688
56536
56080
23600
23328
127392
56904
57056
25168
23648
23696
24432
56720
56648
56712
24624
23800
23800
56360
56712
57624
56528
23448
25736
24376
23840
56784
56728
56816
23592
24024
23744
23672
56752
57312
56880
23816
23408
23824
23184
138136
56392
108075
25360
24048
24752
56312
57288
55960
23352
23488
23280
23800
56544
57048
57440
56688
23416
24072
24280
23712
24128
56904
56496
56448
24024
23760
23320
23712
57456
57632
57112
81298
24400
23208
55640
55200
22560
22840
55416
74214
23896
57392
56600
23928
58736
56896
56704
56480
23920
23960
23800
57160
57024
56160
57120
24080
24056
25864
24008
57608
56960
56088
23040
23392
23208
131784
24512
23344
23392
23312
56696
57208
59736
59056
58912
23336
24472
23880
23664
58448
56632
56008
22960
24832
26456
23560
56248
56232
56376
24200
22968
23016
25112
25000
57936
56264
56576
57896
25648
25408
24384
24872
23848
57056
56144
22984
23200
23216
56280
57104
56344
23288
24872
23200
23112
56992
56040
55864
22976
23504
23144
56104
56344
22888
23168
23136
56176
55920
23160
23712
23032
56944
56224
55952
22920
56392
23680
23240
23096
56824
56400
55896
23488
23264
23072
56368
62256
56080
55848
23008
23496
23112
56120
55928
22880
23096
23896
56456
56512
56720
58432
23440
23192
24240
56776
55848
55880
23424
23720
23672
56584
60680
66234
24448
23376
56120
56848
22472
22824
55536
55040
22696
22952
55272
22472
22824
55416
22336
22824
55544
55128
22608
22840
55344
22424
22824
55488
55104
22696
23464
55576
22600
22832
55696
55048
22760
55632
55200
22560
22824
55344
22416
22824
59936
55672
55120
22760
55624
55200
22552
22824
55344
22392
22840
55552
55032
22680
22840
55272
22480
22824
55488
55056
22760
55632
55200
22560
22824
55344
22400
22832
55488
55104
22688
22848
55200
22560
22832
55408
22336
22832
55560
55128
22616
22840
55328
22400
24736
24568
22824
55496
55104
22696
22840
55200
22560
22840
55336
22400
22824
55536
55056
22688
22840
55272
22480
22840
55408
22336
22824
55560
55112
22608
23384
56000
55912
56752
22616
22832
55344
22424
22832
55480
55056
22752
55616
23704
22832
22832
55544
55064
22688
22824
55200
22560
22840
55408
22328
22832
55552
55112
22608
22824
55272
22480
22840
55472
55056
22752
55624
55120
22616
22824
55344
22416
22832
55472
55104
22680
22832
55200
22544
22824
55344
22408
22832
65104
57120
55272
22544
22840
55344
22424
22832
55488
55112
22688
22856
55272
22472
22840
55408
22336
22824
55544
55128
22616
22832
55272
22464
22840
55424
55128
22760
55624
55128
22616
23184
55344
22416
22832
55488
55104
22688
22840
55200
22552
23072
55560
58560
24544
22832
55552
55128
22616
22840
55312
22416
22824
55480
55048
22760
55624
55184
22560
22832
55344
22424
22840
55480
55096
22696
22832
55200
22552
22832
55416
22328
22832
55560
55120
22616
22840
55272
22472
22824
55720
55128
22984
55784
55200
22560
25432
56936
55344
22552
22824
55416
22336
22824
55552
55056
22680
22824
55272
22472
22824
55416
22336
22832
55560
55128
22608
22832
55344
22400
22840
55480
55048
22752
55624
55200
22552
22840
55344
22400
22840
55560
55024
22680
22832
55264
22480
22832
55560
22328
26008
22904
55464
56320
23264
23232
22832
55616
55128
22608
22824
55328
22408
22832
55480
55064
22752
55624
55200
22552
22824
55344
22424
22840
55472
55112
22688
55624
55200
22560
22824
55344
22416
22824
55488
55104
22688
22832
55200
22552
23232
55344
22416
22832
55488
55104
22688
22840
55192
22552
22832
55344
22416
22976
55568
55056
22680
22824
55264
22480
22832
55552
22336
22832
55552
55096
22624
22832
55272
22480
22832
55488
55064
22752
55632
55128
22608
22824
55344
22424
22832
55480
55096
24880
22832
55624
55192
22560
22840
55344
22416
22824
55480
55104
22680
22824
55200
22560
22832
55344
22424
22824
55552
55056
22688
22832
55272
22472
22832
55560
22336
22840
55552
55128
22616
22832
55272
22472
22840
55408
55120
22752
55624
55128
22608
22840
58840
58032
55672
22608
22832
55272
22480
22832
55456
55056
22752
55624
55128
22616
22832
55344
22416
22824
55488
55128
22696
22832
55200
22552
22824
55344
22416
22824
55496
55128
22680
22824
55240
22472
22824
55408
22336
22824
55560
55056
22680
22832
55264
22480
23488
22920
55384
22344
22824
55552
55128
22616
23064
55336
22400
22832
55488
55112
22688
22824
55200
22784
23440
56272
56096
55856
22824
22840
55472
55128
22680
22840
55272
22472
22824
55920
55104
22688
22832
55200
22560
22824
55344
22416
22840
55480
58112
23600
23728
23560
57392
56688
56056
23416
23800
23992
23992
56976
56128
56160
23408
23600
24064
24072
57136
55888
56224
23152
24168
23912
55344
22424
22824
55552
55040
22680
22824
55272
22464
