510528
416008
460504
383032
411864
412288
1125357
436160
412824
459872
411880
410312
375832
410672
410696
409816
376656
407944
477760
528144
409064
374376
424976
414568
413640
367008
631680
367192
366992
367000
367368
411728
399816
400008
400448
400512
407840
399536
399760
399592
399784
405304
434006
481136
372544
400328
411768
368104
367040
368896
370280
417272
400376
399344
399688
400104
409392
367448
367624
367568
399552
405120
399560
400232
400200
399984
374760
366752
366872
367008
367216
377448
399528
400328
399592
400512
405280
399544
400584
399552
399312
403632
367280
366784
366792
367064
367528
400336
366984
367608
367304
376552
409072
400400
399440
366840
367224
374824
367592
366552
366360
366872
367040
433987
400416
399928
400048
399728
367128
418296
400088
400080
399520
433856
367584
377768
366624
367480
367376
367480
367056
376720
367024
366688
368816
366616
366840
366696
374872
405192
399760
399488
366976
366280
418088
400288
400272
399768
367672
367232
414344
400352
399640
366288
367424
368152
437333
401784
402080
399392
399120
400176
406880
399272
400408
366488
366280
366280
373232
366568
367208
367528
366664
366344
366584
372544
366896
367472
366296
367760
366296
371808
367272
367432
367704
366512
366296
477584
399600
404624
404176
399480
399080
444304
367216
366920
367208
367656
366552
379112
366776
366592
366944
367400
367528
377704
367232
367224
367472
367672
367592
373024
367488
367904
366624
366432
366248
366520
476128
400400
399376
366232
367168
367368
377704
406784
399888
400056
367632
366640
436646
366976
366936
366400
370344
367320
442674
366832
366392
399176
399944
400280
407512
399768
399216
399184
367080
367592
374064
367792
366392
366696
366680
366840
375632
371328
366632
366688
366840
366256
366544
372528
367320
367392
366576
367072
367488
374584
366856
367568
366328
366456
366408
407384
367368
367304
376864
366488
366928
435160
400424
399288
399472
367312
367496
462760
400240
367136
367360
367488
367720
416448
399504
366392
366696
366184
366240
383304
403976
400104
400016
399344
367152
372456
399944
400152
400072
399456
370104
367568
412088
400040
400264
399104
399744
367336
373472
367416
366512
367000
367568
366248
375944
429032
400512
399088
399880
400400
406120
399296
366376
366896
367304
367648
375792
367064
367560
367584
366824
367368
367632
391888
367712
367704
366232
366216
366664
374544
366592
367240
367704
366344
367232
377688
526312
466128
400048
400688
403712
401064
400384
399368
399064
366960
372296
366496
366968
367600
367512
366288
371024
399344
400232
366312
367512
366832
366296
370552
366464
367616
366528
366640
366256
373408
367728
367608
366456
366288
367096
372864
366608
366216
399688
400040
400176
404000
400488
399272
399048
400560
367232
367536
399832
399080
366584
366400
366568
366384
374984
367328
367360
367512
367608
366496
384576
367080
366320
367432
367664
366688
432488
399728
400432
428432
367496
367600
379392
367352
366736
367264
367456
367248
379896
371128
367704
366536
366320
367112
372728
366872
366544
366592
430352
400136
404248
405008
399600
399008
399208
399072
400048
406992
400080
399432
366448
366320
366304
376680
367384
366192
367640
366320
366328
590878
430165
366504
366304
367136
367632
367784
367712
367496
367136
367208
647480
367304
367144
367616
367680
367312
540856
367296
367656
367312
367496
367448
502576
400128
400264
367656
367592
367456
560712
366840
367680
367544
367352
598288
366728
367248
368136
367848
366800
444176
367312
367704
366584
366776
400208
1866024
369200
366640
450136
366640
367824
366720
401160
400168
849744
369680
367240
366408
442888
404608
367792
631504
367920
367168
638296
400568
400392
541936
399440
400040
399808
367624
367136
527672
399936
367184
366920
479720
367496
367672
366816
367600
367392
367304
538712
426831
367496
367544
367592
367784
494085
446488
368472
367528
399504
400048
538728
399320
400072
399200
400304
399992
495352
366648
400328
399936
399320
400288
711648
366672
367864
367744
366296
532088
367096
366336
366352
367296
400096
409056
1413883
402504
487272
400272
400728
400528
412165
536136
569168
367176
367624
367376
367184
535536
399496
399752
535808
367296
367016
517768
366592
367688
367384
399832
399672
578496
367200
399808
399672
517216
414440
367288
366688
367920
631528
496520
400768
400208
399672
399624
400264
578864
399936
399224
400320
399936
399840
570568
367224
367296
367456
366272
367296
530720
400224
400656
399744
399408
400104
555800
400096
399064
399384
400128
366928
499592
399536
400016
399016
399592
400288
414120
400280
399952
399888
399784
367056
516744
399256
399120
399288
399328
367592
550056
399176
400280
400272
367504
367560
487928
367064
497520
366960
366472
378112
366728
366648
367592
366256
366264
366296
567097
367368
367368
367632
400456
534072
400464
400152
400024
399800
569032
526488
367800
367672
366408
366752
399616
590712
366512
367488
367752
366688
450064
367040
367488
380768
367640
367144
587960
367784
366752
366640
399232
400224
552736
367056
366904
366688
366736
366880
578192
367544
399992
399920
399936
399960
602072
367496
366560
366688
366584
480824
430640
367432
367240
367320
367400
630408
400144
1303811
368024
449536
366480
366320
366320
366264
366664
473776
400144
400224
400384
366792
366288
515480
366608
399296
399136
399560
399784
550241
366704
367000
366696
367576
367280
750160
399656
400280
400456
400408
529360
400464
400344
399576
366328
366240
519096
367824
366424
366712
366936
366288
651088
452891
367304
366824
366936
445056
400296
399624
399040
400120
400856
444176
704449
366848
367472
368680
414016
573984
400424
400400
368056
921160
428264
368080
367888
367368
524816
591704
367040
367848
368160
367856
519056
399168
399960
399960
400064
400232
527464
366944
366816
366240
366664
366208
515920
399776
399408
400304
400264
400072
517280
367144
367280
367192
367272
366888
542568
552640
399416
399248
400224
400200
557752
366536
367544
367424
400328
550784
366696
367800
367832
367392
367448
527144
400392
399936
399328
502672
846472
367392
366304
367392
367224
559632
367384
366728
366312
399632
399000
599040
367296
367120
367424
367544
367456
552216
400088
400296
367648
366328
366248
501488
400016
399720
366616
366880
367616
507464
368064
367624
366848
367808
367136
500088
399528
400248
512816
366464
520480
367296
366224
367648
367080
366680
610224
366504
367176
366864
366616
366560
574232
400184
399856
400408
399664
399760
518160
367736
367536
400024
399776
399664
658663
400792
399728
399704
366272
443224
367264
366864
366336
366640
366496
452552
366416
367328
366448
496400
367096
516352
367568
366536
366248
366576
366648
380840
414096
399344
367552
367672
367496
443072
367040
366256
366272
366856
366336
558001
399424
400160
400424
400280
400496
578728
400264
399752
399592
399600
366664
366696
367584
367176
399768
399640
520560
423096
400320
400096
757976
598119
367416
367832
367664
366376
399448
487649
400360
491368
367416
367336
366888
540016
367288
366904
366344
367336
366776
515640
399360
400432
399832
399352
367632
