68288
56032
57216
22944
56016
69704
57000
55272
55976
22512
55280
23080
25216
22976
23048
23456
56072
23232
55368
22496
55544
22480
22496
55264
22480
55720
56192
55912
56024
56328
55984
55872
56048
23240
24104
55792
24112
23768
55776
23056
22632
56008
22584
55280
22480
55280
22464
22488
55280
22480
55296
55280
22488
55280
22464
22480
55280
22480
55272
55280
22488
55272
22456
22480
56240
22512
55272
55272
22480
55272
22480
22480
55272
22472
22480
55272
22480
55272
55280
22480
55280
22464
22488
55272
22480
56192
22480
22480
55280
22480
55264
55280
22480
55280
22472
22480
55272
22488
22488
55280
22480
55272
55264
22480
55280
62400
55816
55728
55792
22768
23592
55800
55704
56360
22384
22472
55120
22320
22464
55112
22320
22472
55184
22264
22456
55184
22256
22448
55248
22272
22464
55248
22264
22464
55256
55048
22368
55272
55032
22368
55256
55048
22376
55256
55024
22384
63048
56760
55144
22344
22448
55128
22328
22464
55128
22344
22472
55184
22248
22464
55184
22248
22448
55184
22264
22464
55256
22264
22464
55256
22256
22464
55248
55056
22384
55280
55032
22384
55248
55024
22376
55248
55112
22320
22456
55104
22344
22480
55112
22320
22456
59584
55264
22336
22456
55128
22344
22464
55136
22344
22456
55184
22256
22464
55176
22264
22464
55184
22264
22464
55256
55064
22384
55272
55048
22384
55272
55112
22320
22464
55112
22304
22448
55112
22344
22456
55136
22352
22480
55104
22320
22472
55184
22256
22480
55184
22240
26848
23568
22520
55184
22232
22448
55256
22264
22464
55256
55056
22376
55256
55056
22384
55280
55032
22384
55256
55016
22408
55280
55136
22336
22480
55112
22320
22456
55112
22320
22464
55112
22320
22448
55184
22240
22448
55176
22248
22480
55184
22264
22456
55264
22248
23360
22464
55248
22264
22464
55256
55088
22368
55256
55040
22384
55280
55056
22368
55280
55024
22376
55256
55112
22320
22456
55112
22336
22456
55136
22336
22472
55176
22232
22456
55192
22240
22480
55176
22264
22464
55256
22264
22464
55256
22264
22464
55248
55048
22368
24016
55784
56456
22584
23912
22456
55200
22264
22456
55184
22240
22464
55256
22232
22464
55256
55032
22376
55256
55032
22376
55248
55032
22384
55256
55056
22368
55280
55112
22320
22456
55112
22320
22456
55112
22320
22464
55112
22312
22448
55112
22328
22472
55176
61808
23480
22480
55176
22264
22456
55256
22264
22464
55256
22256
22464
55248
55056
22384
55280
55056
22376
55272
55024
22400
55272
55072
22304
55256
55104
22304
23240
23248
56704
56432
55792
22608
23104
55840
56296
56136
22424
22456
55184
22248
22448
55256
67160
22760
23104
22688
56232
56040
55688
22752
22856
56448
55328
22256
22448
55248
22256
22456
55264
55048
22384
55272
55056
22384
55280
55032
22392
55256
55056
22400
55272
55112
22336
22480
55112
22312
22448
55112
22320
22448
55112
22320
22464
55112
22320
35768
22720
56504
56624
22264
22456
56992
56656
22504
23144
22440
55256
22272
22464
55256
55048
22368
55280
55024
22864
24968
55248
22240
22480
55256
55048
22384
55280
55032
22392
55280
55024
22384
55256
55112
22312
22456
55112
22320
22448
55112
22320
22464
55112
56720
22520
22464
55184
22264
22448
55248
22264
22464
55256
22264
22464
55248
55040
22384
55280
55040
22400
55272
55024
22376
55256
55112
22296
22472
55136
22336
22456
55144
22336
22464
55136
22336
22464
55128
22344
22480
55184
22232
22456
55208
22256
22464
55184
22264
23576
23072
22744
55784
55752
56400
22896
22656
23080
56208
55776
22656
22992
22704
55816
56152
22688
22840
22936
55976
55704
55808
22480
23400
23360
56496
55936
56704
23208
23568
23712
56752
56592
23552
23096
23912
64472
22920
55768
57464
56144
23816
22856
22720
55856
55736
55592
22824
22752
23080
55752
55784
22560
22656
22616
22584
55880
55576
22520
22816
22960
22616
55744
55840
22456
22656
22736
22672
22672
55744
55648
55872
22712
22664
22696
55776
55640
55632
22920
22736
22672
55752
55752
55728
22992
22696
23448
55824
55672
22640
22664
22608
22688
55728
55640
55800
22824
22688
22640
55752
55656
55704
22816
27864
22824
23128
55808
56120
56032
22720
22640
23064
56344
55728
55632
22608
22664
22864
56224
55792
55672
22720
22648
22552
55704
55560
22560
22816
22760
23392
55760
55696
55672
22744
22752
22912
55880
55704
56328
22728
22976
22824
55744
55712
55664
22704
22664
22832
55952
55792
55664
23064
23640
22672
55912
55768
56368
22648
22584
22608
55784
55768
55656
22640
22616
22760
55832
55752
55568
22664
22592
22648
55696
55672
55688
22664
22976
22744
22704
55768
55640
22536
22848
22864
23120
55784
55688
22584
22608
22632
22760
55904
55648
22576
22648
22640
22696
55864
55616
23328
22712
22664
23072
55768
55784
22560
22920
22680
55816
55792
55600
22600
67408
23352
23840
22600
55800
55656
55656
23056
23120
56256
55728
55592
22736
23152
23688
22488
55112
22296
22448
55112
22296
22456
55112
22320
22456
55176
22240
22456
55184
22256
22464
55176
22272
22432
55184
22264
22456
55256
22256
22456
55248
22256
22464
22728
56808
55144
22336
22456
55128
22336
22472
55112
22320
22456
55184
22232
22464
55184
22232
22448
55184
22272
22456
55256
22264
22448
55264
55064
22376
55248
55056
22376
55272
55032
22384
55248
55112
22336
22480
55112
22320
22464
55112
22320
22456
55120
22320
22456
55800
56120
22808
22480
55256
55048
22376
55280
55048
22368
55272
55032
22400
55280
55112
22320
22464
55112
22304
22464
55112
22312
22456
55112
22320
22448
55184
22224
22464
55184
22232
22472
55176
22272
22448
55256
22264
22464
55248
55040
22384
55272
55024
22368
58120
56072
55776
55824
22648
22616
22736
55856
55608
22528
22632
22600
22648
55680
55584
22680
23088
22600
55984
55784
55576
22576
22640
22616
55760
55816
55752
22648
23048
22720
22680
55720
55656
22688
23144
22672
124648
22760
22664
22696
22680
55768
55752
22576
23096
22632
56600
55736
55568
22680
22816
22664
55800
55616
56104
22616
22656
23216
55784
55696
55704
22656
23120
22608
55760
55688
55784
22736
22584
22840
22744
55704
82072
22816
55784
55744
55696
22688
22648
22832
55864
55760
23456
23056
22664
55832
55792
55576
22568
22664
22800
22816
55800
55592
22640
22648
22608
56320
55712
55648
22768
22632
23064
55744
55872
22544
22696
23080
22600
75664
