5608
2248
2256
2264
2248
2240
2224
2248
2296
2232
2304
2296
2256
2256
2264
35368
2224
2224
2304
2240
2240
2232
2328
2256
2408
2232
2240
2264
2224
2208
2224
2296
2216
2248
2312
2240
35384
2240
2232
2264
35368
2232
2240
2240
2288
2288
2280
2224
2216
2280
2240
2272
2256
2288
2272
2304
2232
2240
2320
2240
2224
2288
2232
2256
2208
2224
2288
2320
35416
2272
2208
2656
2208
2264
2240
2448
2280
2280
2232
2232
2248
2240
2240
2224
35368
2232
35344
2248
2256
2240
2216
2248
2240
2240
2248
2240
2240
2272
2208
2224
2248
2312
2328
2256
2288
2288
2272
2640
2216
2264
2304
2184
2176
2192
2192
2192
2176
2184
2176
2184
2184
2184
2176
2192
2184
2192
2184
2192
2184
2200
2192
2192
2192
2200
2192
2192
2184
2200
2184
34984
2200
2192
2200
2192
2192
2200
2200
2184
2424
2200
2200
2184
2184
2184
2192
2184
2184
2184
2192
2192
2184
2184
2192
2192
34992
2184
2192
2184
2200
2192
2184
2184
2184
2192
2184
2184
2192
2184
2192
2200
2184
2192
2184
2192
2192
2192
2256
2256
35680
2240
2256
2248
2256
2264
2264
2184
2192
2192
2192
2184
2192
2184
2200
2200
2184
2184
2192
2184
2200
34984
2192
2192
2184
34992
2184
2192
2200
2192
2184
2192
2192
2192
2184
2192
2192
2184
2184
2200
2192
2184
34984
2192
2184
2192
2192
2224
2232
2264
2240
2240
2248
2248
2232
2240
2360
2240
2264
2256
2224
35368
2288
2216
2248
2240
2248
2272
2224
35448
2240
2232
2472
2232
2256
2256
2248
2256
2248
2240
2264
2256
2240
2248
2216
35392
2224
2256
2248
2248
2216
2272
2280
2288
2240
2232
2248
2256
2256
2216
2232
2232
2248
2216
2224
2240
2232
2248
2224
2216
2264
2232
2248
2248
2224
2224
2256
2280
2216
2224
2248
2224
2272
2232
2272
2248
2256
2264
2248
2224
2272
2224
2280
2248
2248
2264
2232
2216
2224
2240
2280
2224
35384
2248
2256
2280
2248
2240
2768
2232
2240
2264
2232
2232
2224
2272
2256
2232
2256
2248
2264
2224
2240
2224
2216
2240
2240
2248
2224
2248
2296
2240
2224
2224
2232
2248
2248
2248
2240
2232
2232
2264
2216
2240
2296
2256
2248
2248
2256
2256
2232
2248
2256
2264
2248
35360
2656
2264
2336
2264
2232
2264
2216
2240
2248
2240
2208
2256
2256
35400
2216
2224
2240
2272
2256
2248
2224
2232
2232
2224
2248
2248
2264
2240
2272
2296
2232
2248
2248
2272
2264
2224
2648
2272
2272
2232
35400
2272
2232
2288
2264
2240
2248
2280
35400
2264
2232
2440
2224
2256
2216
2232
2656
2248
2240
2240
2216
2256
2240
2256
2240
2224
2224
2216
2224
2240
2216
2216
2208
2280
2208
2216
2216
2216
2216
2288
2224
2208
2224
2208
2232
2232
3392
2256
35360
2800
2216
35416
2232
2240
2208
2216
2224
2224
2224
2216
2216
2224
2200
2208
2232
2232
2216
2224
2208
2224
2232
2216
35384
2240
2208
35408
2248
2216
2232
2224
2216
2208
2248
2216
2208
2216
2216
35384
2616
2256
35368
2264
2224
35488
2216
2600
2216
2208
2216
35400
2240
2224
2216
2216
2216
2208
2208
2208
2208
2216
2224
2200
2272
2200
2256
2208
2224
2224
2200
2616
2232
2216
2200
2232
2208
2224
2208
2224
2224
2216
2240
2240
2216
2624
2600
2216
2264
2256
2200
2240
2224
2240
2248
2232
2248
2216
2208
2224
2256
2224
2232
2240
2264
2256
2280
2248
2336
2312
2280
2256
2256
2232
2216
2248
2240
2224
2264
2304
2240
2256
2248
2248
2248
2232
2216
2256
2256
2256
2208
2240
2256
2256
2240
2232
2240
2224
2232
2256
2624
2216
2232
2232
2240
2264
35704
2208
2232
3016
2232
35368
2216
2224
2264
2240
2256
2248
2248
2216
2208
2224
2280
2232
2232
35400
2272
2264
2216
2224
2232
2248
2256
2248
2240
2256
2224
2232
2240
2272
2248
2280
2240
2240
2232
2272
2256
2224
2232
2240
2280
2296
2232
2240
2264
2248
2272
2208
2216
5456
2624
2256
2296
2232
2232
2264
2216
2632
2240
2216
2264
2224
2264
2232
2208
35400
2224
2224
2624
2232
35376
2256
2648
2248
2272
2248
2216
2232
3024
124160
2264
2232
2288
2296
2224
2256
35880
2240
2224
2616
2256
2728
2256
2248
2232
2256
2240
2224
2296
2208
2232
2232
2208
2216
2232
2232
3480
2224
2264
2232
2232
2256
2240
2248
2240
2240
2264
2272
2232
2240
2264
2256
2248
2240
87872
2248
2240
2256
2248
2248
2280
2272
2248
2264
2240
2256
2248
2272
2280
2232
2216
2240
2232
2608
2232
2288
2232
2248
2280
2272
2240
2232
35360
2248
2232
2208
2248
2240
2656
2248
2232
2984
2224
2208
2216
2240
2624
2224
2224
2248
2200
2216
2240
2208
2216
2232
2224
2232
2224
3064
2208
2232
2264
2648
2280
2232
2232
2240
2232
2648
2224
2216
2248
2232
2600
2240
2232
2216
2248
2216
2240
2248
2248
2256
2240
2288
2264
2224
2232
2208
2288
2200
2216
2224
2200
2256
2232
2232
2280
2224
2248
2224
2216
2280
2232
2224
2608
2640
3048
2208
2240
2208
2248
2216
2208
2216
2256
35408
2248
2264
2272
2256
2240
2256
2256
2240
2216
2232
2792
2224
2264
2248
2216
2640
2216
2240
2240
2256
2256
35408
2232
2248
35392
2248
2256
2232
2264
2248
2240
2232
2240
2240
2248
2240
2256
2232
2256
2264
2248
2248
2256
2248
2248
2248
2256
2248
2256
2240
2256
2264
2256
2240
2224
2224
2296
2232
2232
2248
2272
2232
2240
2224
2256
2240
2688
2272
2248
2248
2264
2240
35400
2232
2264
2248
2248
2272
2232
2256
2224
2240
2224
2240
2256
2240
2256
2248
2248
2248
2248
2232
2248
2240
2304
2248
2256
2248
2240
2232
2256
2232
2248
2272
2240
2264
2240
2240
2288
2240
2248
2240
2240
2216
2200
2624
2240
2232
2240
2224
2216
2240
2248
35352
2232
2224
2208
2272
2272
2240
2256
2240
2608
2216
2216
2224
2208
2256
2232
2224
