411936
362728
395440
400976
362240
362408
361808
362576
369504
362280
361936
394712
394544
406216
395552
362472
362136
362216
401312
374408
406672
375424
394936
360960
369680
400504
361712
361624
362120
361952
395624
394832
396800
362296
361464
396280
362152
363664
366848
396776
397208
363784
361720
407288
365040
398320
362680
362536
365624
361888
395040
396064
396832
395288
363784
362040
362944
395272
366408
364480
401824
367016
412112
412640
368048
362608
395696
399704
359136
359040
365448
362120
392128
546392
360160
359560
359032
359112
398456
367144
366448
393856
364472
359128
359080
391792
359024
391888
404552
394048
360448
396280
367872
363160
362064
362160
360960
362248
364600
360400
362160
362600
362384
362464
368776
366080
366528
400040
397760
400296
405424
375976
363824
366928
362520
362920
364000
610205
364984
402456
396280
395344
415616
368136
363096
364088
360600
392728
401640
397112
361344
363264
361384
360808
393592
394152
394400
361120
361064
364344
363528
399840
396368
396720
364952
363672
363744
366088
363816
366024
362136
362488
597632
406208
391928
358032
358056
390768
357944
362528
363816
368776
361360
367112
362096
363136
362688
359184
357952
357944
390760
357944
373584
363744
358752
358048
357944
358248
391712
428155
402344
363336
369272
367408
372280
397768
398296
395920
398120
395544
397272
400264
358112
369056
361760
362392
358288
407784
391440
357648
357648
390464
357760
357656
413624
358696
390176
357648
357800
357656
362912
357696
357480
357856
390656
357952
357664
489112
391488
357944
357944
390752
358192
362776
390600
357560
357504
390456
357856
357664
396848
358096
357944
390672
358248
357952
429667
358984
358056
390464
358240
357952
390696
373048
399984
397944
398440
400640
404880
374984
416256
416152
398072
400704
398592
469768
391640
357856
609136
398328
747224
371544
403712
399608
399152
402280
475720
403856
399456
398872
398000
375384
364784
364320
365960
403968
402072
468117
493053
551192
561984
399272
370080
364376
365712
359232
368568
399912
401032
391632
357872
357968
358048
358240
391040
432602
358344
357952
357944
357960
390744
364056
358776
357960
357904
357944
357944
357952
381296
358784
357496
390464
357504
357560
405968
397512
364616
360360
391000
357968
357944
393608
391168
357952
357952
357952
357944
398184
391736
357944
357944
390760
358240
357936
396592
358360
357960
390752
357952
357944
397104
358880
357360
390456
357664
357656
390464
370608
358704
358048
357952
357936
357944
357952
362136
358264
390160
357664
357664
390464
371936
358392
357960
357944
358240
390896
357960
426848
391968
358200
357360
436424
358632
376576
362600
391112
357808
357808
390744
401512
360112
358096
390696
357944
357944
390752
364136
358648
357944
357944
357960
391040
357952
363920
358248
390752
357936
357952
357744
363904
358792
390608
357944
357936
390760
358240
387192
358688
357896
390760
357848
357952
397072
359040
357800
390752
357944
357944
390752
368768
366112
364464
396192
396056
400224
411776
368824
381480
415048
364176
399696
401024
396696
391696
357952
357888
390768
357944
359136
357936
357952
357808
357496
391048
404024
391720
357944
358240
390768
357944
363320
390912
357360
357672
357664
357664
390744
399056
358832
357360
390464
357632
357920
357656
362208
357840
357960
357960
390752
397312
404312
358784
357800
390760
357952
357944
390752
371952
427296
357856
357656
390664
357592
379280
360320
358576
360624
357896
357896
390744
401032
358648
359736
359088
391344
357944
374112
364568
359112
390464
357696
357712
390512
435976
358592
391336
358400
358392
391192
968907
359040
358048
390848
442349
391936
358696
357752
390904
358528
358336
403984
390864
358240
358248
391304
358072
366192
439587
358416
357952
390744
358240
357808
948352
358744
357952
390608
358248
480893
359320
357944
357968
390848
358136
375416
358288
390856
358304
358216
391000
358296
430736
391048
358144
358040
391112
358152
366184
390952
358064
358144
390856
358304
358296
429224
358680
391144
358376
358392
391200
368592
358688
357944
516656
358432
391296
364328
358040
647232
392280
358240
363144
398168
390912
357936
357920
358240
358248
391048
362488
358008
391152
358392
358400
391200
439704
358936
390904
358344
358240
391040
358392
363720
391192
358344
358240
391192
358400
372672
358736
391048
358392
358384
391200
358392
376880
358544
391144
358376
358376
391192
358400
365448
391192
358392
358248
391200
358112
372984
358648
390744
357960
358192
391056
358248
436424
358624
358344
391184
358568
358344
398152
391392
410720
359040
358392
391192
358392
370264
358264
357944
358240
390744
358448
370448
358640
390992
358256
358248
390752
357944
424936
358600
358248
391160
358392
358392
397680
358688
358392
391192
358400
358400
391192
418056
358448
358464
391184
358400
358400
406496
359040
358240
391192
358400
358392
391192
494312
358664
358208
390896
358344
358400
423416
358680
390752
357912
357944
391208
358392
386544
358048
391232
358392
358400
391192
450176
391496
358392
358392
391192
358384
358392
676720
359272
391088
358400
358240
416544
358448
391008
358392
358392
391144
358408
436224
358880
358392
391192
358376
358392
408480
377616
358640
391168
358344
358384
391200
379096
358392
391192
358400
358400
391192
420096
391536
358240
358392
391192
358336
358256
457939
392208
358000
357760
390744
357944
431501
358888
391216
358048
358152
358048
358296
425496
358248
358152
358304
358152
390944
425408
391296
358184
358040
391096
358304
358152
403280
462643
359144
358056
390696
357952
366384
357352
357936
357944
390736
358248
451168
358992
390800
357968
358208
391064
358344
365032
390744
357952
357944
390736
357944
360360
390512
357944
358256
358256
358208
390744
402608
358488
357648
390304
357944
357792
390904
360272
357760
357904
357952
390744
357944
417341
359136
391488
357944
357936
390752
358384
539752
358536
391048
358488
358392
391192
369216
358440
358496
409184
391792
358704
369696
359144
390752
358248
358536
391216
358400
375176
358488
358504
358400
358392
358400
358392
359136
358240
357968
357944
358544
358384
486416
358272
357944
390744
357944
357936
444048
357840
357944
357960
357944
391048
358248
401632
358248
357944
391040
358240
358096
549743
359128
390416
357704
357904
390856
438817
358928
358384
391184
358400
358408
358392
358544
357952
357952
357960
358256
358200
444456
391088
358352
358392
391192
358392
440144
390808
358200
358056
391112
358288
358304
399016
358072
358056
391016
358288
358136
404528
357904
358040
391104
358456
358136
390952
535472
358848
358112
411687
358792
390856
523320
359448
394168
391264
357960
357960
504809
391648
358360
358240
391184
358400
444488
390800
358400
358376
391216
358392
358400
502064
391784
358640
358248
390744
357952
443320
942056
358336
391048
358392
399880
358240
391096
358392
358392
358392
358400
441312
358240
358352
391192
358312
358256
429832
358392
391136
358400
358248
391208
358392
359000
358392
391144
358392
358392
391192
409472
358344
358192
391096
358392
358392
514376
358208
358536
391200
358400
358392
391056
