424
184
184
184
184
184
192
184
192
184
232
232
248
248
232
232
224
216
224
200
240
240
232
256
248
264
232
232
272
264
240
240
240
264
240
232
248
240
248
248
232
232
224
248
264
248
256
232
248
224
232
240
256
256
240
200
224
224
232
232
232
240
248
240
224
264
248
232
208
240
240
240
224
208
232
248
256
240
240
232
264
224
232
232
224
224
232
240
264
240
240
256
264
232
264
240
240
224
240
248
240
240
256
248
248
232
216
216
224
240
248
216
232
224
232
256
232
232
248
240
224
216
200
200
33392
216
232
216
216
216
224
224
216
240
208
272
216
224
184
184
184
184
192
184
248
184
184
192
192
184
184
184
184
192
184
184
192
184
192
184
184
192
192
184
192
192
184
184
184
184
184
184
192
184
184
192
192
208
208
216
248
208
232
248
232
256
208
224
240
200
184
176
184
192
184
192
192
192
192
192
184
184
192
184
192
184
184
184
192
192
192
192
184
184
192
184
192
192
184
184
184
184
184
184
184
192
184
192
192
192
184
184
184
192
184
184
184
184
192
184
184
184
184
192
184
192
184
192
184
192
184
184
184
192
232
216
208
216
280
224
232
224
216
264
192
208
224
208
208
232
240
216
216
264
208
33312
216
208
224
232
256
200
200
200
216
240
192
184
184
192
184
184
192
200
200
184
184
184
184
184
184
192
184
184
184
184
184
184
184
184
192
192
184
192
184
184
192
192
184
184
192
184
184
184
176
176
192
184
192
192
184
192
184
184
176
192
184
200
208
200
192
184
192
184
184
192
184
184
184
184
176
184
184
184
184
192
184
184
176
184
176
176
184
208
232
240
232
232
224
232
232
184
192
192
184
184
184
184
184
184
176
184
192
176
184
176
184
192
216
200
208
192
192
192
184
184
184
192
184
184
184
184
184
192
184
184
192
192
192
184
184
184
184
184
184
184
192
184
184
192
192
192
32976
184
184
184
184
32984
184
184
192
192
184
184
184
184
184
184
184
184
184
184
192
184
184
184
184
192
192
184
184
184
192
184
184
184
184
192
192
184
184
184
184
192
192
184
184
184
184
192
184
184
184
184
184
184
192
192
184
184
184
184
192
184
184
184
184
192
184
192
192
184
192
192
184
192
184
192
184
192
192
184
184
184
184
192
184
184
184
184
184
184
192
184
192
184
184
184
184
192
184
192
192
184
184
184
192
184
184
192
184
184
184
184
184
192
192
192
184
224
224
208
208
184
184
184
184
192
184
208
240
256
240
240
240
232
232
184
192
184
184
192
192
184
192
184
192
184
184
184
192
184
184
192
192
184
184
184
184
184
184
184
184
184
184
184
192
184
192
192
184
192
184
192
184
176
184
192
184
192
184
184
192
192
192
192
184
184
192
184
192
184
192
184
184
184
192
192
192
184
184
192
184
184
184
184
184
184
184
184
184
184
192
184
184
184
184
192
184
184
184
184
184
192
184
184
184
184
184
192
184
184
184
184
184
192
192
184
176
184
184
184
184
184
184
184
184
184
184
184
192
184
184
192
192
184
192
184
192
184
184
192
192
192
184
184
192
184
208
200
216
184
184
184
184
192
192
192
184
184
200
184
184
192
184
184
184
192
192
192
184
184
184
184
33032
192
184
184
184
184
192
184
184
192
184
184
184
192
176
184
192
192
184
184
184
232
248
256
232
216
248
240
216
184
32992
192
184
184
184
192
184
192
192
184
184
192
192
184
184
184
184
192
184
192
192
184
184
184
192
192
184
184
184
200
192
192
184
184
184
184
184
184
192
192
184
184
184
192
192
184
192
184
184
184
192
184
192
184
184
192
184
192
192
184
184
184
184
192
184
192
184
184
184
184
184
192
184
192
224
224
208
232
208
200
224
208
216
208
208
200
208
248
256
232
224
240
256
224
264
240
240
248
256
280
256
232
248
248
256
264
256
240
256
256
280
240
248
232
264
240
224
256
200
208
224
192
232
256
216
208
208
208
232
224
216
216
208
200
216
232
224
184
192
184
184
192
184
192
184
184
184
184
192
184
192
184
192
184
192
192
192
192
184
184
184
184
184
184
192
184
184
192
192
192
184
184
184
192
192
192
184
216
248
240
216
248
224
248
248
184
192
192
184
184
224
208
192
184
184
184
192
184
184
184
192
192
184
184
192
184
184
184
192
184
184
192
176
192
192
192
192
184
192
184
184
192
184
184
192
184
184
192
184
184
184
192
184
184
184
184
184
184
184
184
176
192
184
184
192
184
184
192
184
184
192
184
192
184
184
192
