76280
55168
55176
22328
22328
55136
22328
22336
55128
22328
22328
151224
55128
22336
22336
55120
22336
22328
55128
22376
55136
22336
55128
22328
55120
22328
22336
55136
22336
22384
55120
22376
55176
22328
55120
22328
22384
55128
22336
22328
55136
22336
55128
55136
22336
55128
22328
22336
55304
22328
22336
55168
22384
22328
22736
22336
22328
55120
22336
55120
55128
22336
55128
22336
22328
55120
22344
22336
55128
22376
55160
55128
22328
85336
55224
22336
22328
55176
22384
22384
55408
22344
55128
55344
22336
55176
22384
22336
55128
22328
22384
55120
22328
55168
55176
22384
22328
55128
22336
22328
55120
22376
55168
22328
22432
55104
22232
22312
55104
22232
22304
55104
22232
22312
55104
22232
22304
55104
22232
22312
55104
22232
55104
97320
22328
55120
55048
22232
55104
22232
22312
55104
22224
22304
55104
22224
22304
55104
22232
22312
55096
22232
22312
55096
22232
22312
55104
22224
55104
55032
22232
55984
55600
22672
23768
22304
55088
22232
22296
55104
22232
55096
55032
22232
55104
55032
22232
85608
22336
55104
22232
22312
55104
22232
22312
55104
22232
22304
55096
22232
22304
55096
22232
22312
55096
22232
22304
55096
22232
22312
55104
22232
22304
55096
22232
55104
55032
22232
55104
55216
22488
55104
55096
22232
55104
55032
22224
55096
22232
22312
55112
22232
22304
78496
55128
55024
22232
55104
55040
22232
55104
55032
22232
55104
22232
22312
55096
22232
22312
55104
22232
22304
55104
22232
22312
55104
22232
22528
55104
22232
55104
55040
22232
55104
55040
22232
55104
55040
22232
55104
22232
22304
55104
22232
22312
55320
22232
22304
55096
22232
55952
55328
55936
22440
22992
22568
55464
55464
22440
22504
23072
55488
55424
22368
22384
55360
55416
22456
22560
22456
55464
22584
22600
22416
55536
55368
22440
22616
22496
55480
55360
22400
23048
55920
56216
55448
55840
22920
22832
55640
55784
22792
22856
22936
55936
55672
22752
22832
56352
56264
22808
22736
55424
55664
55888
22472
22928
22848
55536
55464
22456
22552
22648
55576
55688
22480
23160
22664
55464
55536
22872
22552
22520
55920
55544
55424
22448
22536
22624
55920
55384
22416
22536
56120
55560
55280
22536
22472
55368
55448
55672
22632
22472
56184
55432
22912
23240
22712
55624
55616
55552
22608
22656
55632
55664
55584
22512
22624
22664
55568
56000
22544
26320
22752
22824
55680
55368
22288
22360
55320
55416
22568
22640
22832
55344
55480
22536
22416
22400
55600
55728
167144
55344
22720
65760
104785
23944
22760
22816
55288
55696
22448
22816
22336
55336
55208
22304
22536
55312
22792
22824
22768
55296
55224
22640
22336
55272
55208
22704
22752
55680
55320
22776
22328
55640
55288
22440
24240
22824
55328
55288
22776
22456
55312
55336
22312
22376
22744
55288
22440
22520
22856
55472
55416
22392
22776
59456
55872
55664
22672
22520
55528
55560
55400
22552
22608
22712
55488
55616
22456
22592
22592
55480
55440
22568
22936
56936
57272
55520
22416
22992
22632
55320
55472
22472
22608
22552
55544
55464
22592
56000
92656
23200
93152
81512
22920
44569
56000
26616
22520
22712
55976
55720
56184
22712
22632
22712
55880
56088
22784
24128
22560
55848
55928
55872
22592
23224
23064
55728
56184
56112
22504
22584
22304
55088
22232
22592
22616
22288
55128
55032
22224
55104
22232
22752
23832
55792
56016
22840
23048
55840
22720
56160
88609
55664
24592
56312
56112
23024
23120
23144
55936
56200
23040
22832
22576
55632
55648
22680
22728
55696
125216
22656
22424
22368
75800
35702
22576
22712
55816
55848
55712
55856
22720
22736
26616
55104
55024
22232
55104
22232
22312
55104
22232
22312
55104
22224
22664
55880
55840
55736
22704
22616
22480
55648
23040
55496
55328
22376
22672
55480
55488
22504
22624
22696
23040
248344
22632
22632
55640
55464
55400
22608
22968
22512
55616
55528
22688
22856
23656
55664
55528
55104
23000
22840
67608
55592
55632
55384
23504
22712
55752
55552
72600
55376
55448
23504
23584
55752
55104
22232
22312
55096
22232
55104
55040
22232
55104
55032
22232
55104
22224
22304
55096
22232
22312
55104
22232
22312
55096
22232
22304
55104
22232
22304
55272
22232
55096
59864
55928
22592
37344
56240
22688
22560
22832
55760
55664
22776
22600
22520
55768
55792
22392
22520
22488
55504
55592
22360
22568
55752
55592
22344
22640
22576
55872
55584
23392
22880
22632
55592
55632
22400
22568
22480
22680
131336
55480
22352
22544
22608
55616
55608
22472
22736
55528
55632
23344
22736
24600
56920
55744
22488
22424
23440
56640
55104
22232
55104
55032
22232
55096
55016
22232
55104
22232
22312
55104
22232
22304
55104
22232
22312
55104
22232
22304
55104
22232
22600
56168
55120
22232
22312
55104
22232
55120
55032
22232
55104
55024
22232
55096
55040
22232
55104
22232
22304
55112
22232
22312
55104
22232
22304
55096
22232
22312
55104
22232
55104
55032
22232
55104
55032
22232
55104
22232
22312
55104
22232
22312
55104
22232
22304
55104
77288
23440
22312
55104
22232
55096
55032
22232
55096
55032
22232
55104
22232
22312
55104
22232
22312
55096
22232
22312
55096
22232
22296
55104
22232
22296
55096
22232
55096
55032
22232
55112
55024
22232
55104
22224
22304
55096
22232
22312
55104
22224
22312
55104
22232
57440
55128
22232
22304
55104
22232
55104
55032
22232
55104
55040
22232
55096
22232
22312
55104
22232
22304
55104
22232
22312
55104
22448
22312
55104
22232
22312
55096
22232
22312
55104
22232
55104
55016
22232
55496
55024
22232
55104
22224
22312
55096
22232
22304
55104
22232
22880
22280
55096
22224
22312
55104
22232
22312
55104
22232
22312
55104
22232
22304
55112
22232
55096
55040
22232
55104
55032
22232
55104
22232
22312
55104
22224
22312
55104
22232
22304
55104
22232
22312
55104
22232
55104
55016
22232
55104
55032
22224
55104
22232
22304
55104
22232
22528
23400
55128
55040
22232
55104
55032
22232
55104
22232
22312
55104
22224
22312
55104
22232
22312
55104
22232
22312
55096
22232
55104
55032
22224
55104
55032
22224
55104
22232
22304
55104
22232
22312
55104
22232
22312
55096
22232
22312
55112
22232
55096
55024
22232
55104
59320
55176
55048
22232
55104
55032
22232
55104
22232
22312
55096
22232
22312
55104
22232
22304
55272
22232
22312
55104
22232
22304
55104
22232
55104
55024
22232
55096
55040
22232
55104
22232
