3984328
3675040
3876664
3755024
3679296
3648768
3636328
3777832
3671464
3697528
3645360
3680080
3699368
3678272
3715851
3640016
3646448
3702736
3786376
3893701
3794336
3774091
3693112
3673880
3702288
3669856
3794984
3696568
3633448
3714090
3715184
3690328
3637904
3795739
3683896
3892224
3676480
3669408
3660408
3785499
3709952
3775501
3674960
3774739
3703864
3714757
4293608
3718456
3635288
3680843
3682296
3892053
3771376
3784784
3749808
3880243
3711277
3676688
3788675
3673888
3700093
3863928
3686219
3828589
3701968
3696720
3693592
3953992
3995296
4053584
3702952
3720416
3900752
3880584
3696376
3636272
3639728
3639584
3744968
3709187
3748648
3693117
3635584
3787968
3658456
3766848
3675136
3775008
3739184
3790632
3650720
3709720
3701200
4732056
3802760
3957744
3759424
3692752
3692240
3792104
3777504
3868672
3804872
4040632
3741640
4900152
3646288
4128040
3638912
4437952
3676136
3738456
3678728
3681808
4437440
3788592
3644936
3709448
3682544
3699728
3688544
3647664
3819264
3714712
3712688
4157000
4553504
3802584
4281336
4008944
3875723
3672096
3755264
3758872
3893573
3636840
4099864
3687104
3717320
3721944
3637688
3710075
3779392
3743288
3631616
3666709
3682488
3671976
3685728
3786360
3788984
3640168
3645152
3726480
3639928
3793352
3635960
3813440
3780429
3798192
3896256
3680968
3780280
3677320
3674136
5892016
3762400
3684832
3699000
3782688
3897968
3796744
3642632
3683192
3721243
3636248
4089341
3706032
3802925
3645240
3656824
3763160
3675184
3916328
3668760
3667720
3682872
3667584
3962000
3678240
3758168
3811723
3717157
3683184
3640064
3714960
3635560
3650488
3644440
3686859
4072085
3746128
3835912
3698280
3705520
3932584
3700384
3636280
3725048
3740312
3686448
3665843
3773360
3632520
3736445
3716440
3744344
3734640
3774464
3710224
3700456
3767304
4032091
3704928
3668856
3674256
3657245
3761816
3780480
3908712
3701352
3695832
3789736
3952352
3765936
3714024
3701304
3895920
3779904
3966272
3936488
3912880
3802768
4189176
3775136
3876760
3776424
4623016
3739320
3924776
3762664
4013051
3673752
3768632
3642264
3631704
3670936
3706829
3988160
3822936
3984392
4074840
4009328
4034232
4295143
3870524
3783976
3797472
4055888
3784776
3909040
3782328
4106359
3706568
3816277
3833496
3924696
3788432
3888168
3765816
4039120
3780048
3888928
3965592
3873312
3670296
4050155
3674920
3664720
3841777
3838984
4058800
3799632
4107816
3850160
3985008
4040864
4332864
3644912
4059360
3774376
3886072
3771496
3940472
3775128
3923208
3771864
3921344
3847712
4078576
3950939
3672576
3770616
3703725
4360259
3843973
3749688
3744816
3981088
3980320
4171976
3768456
3918424
3784160
4813168
3937016
6105688
5071656
4703080
4034944
4360371
4116968
4427085
4117336
3805251
3642104
3681381
3977408
3882248
4067760
3966120
3683232
3889128
3913520
3741280
3852928
3835952
3740144
3956088
3860512
4075784
3977248
4040192
3999736
3961328
3817928
4025551
3715832
4132617
3920975
4425569
3914128
3994064
4086504
3919763
3772117
3912872
3910912
3793632
3784312
3855000
3875784
4100624
3877488
4061360
3797304
4502539
3888392
3700664
3809469
3851112
3823216
4083176
3780120
3850480
4433568
3794568
3996347
3687781
3783720
3914032
3747040
4156288
3833136
3954375
3809240
3776776
3692832
3720776
3692496
3689297
3833823
3804929
3874224
3750936
4081520
3842992
4010608
3786440
3981240
4026584
3899680
3928744
4035272
3855672
3928656
3783944
4007216
3694104
4472096
3836552
3750480
3823224
4139135
3639136
3829625
3748952
3796896
3801608
3930920
3714176
3735008
4073704
4052575
3771656
3739200
3976520
3812432
3931312
3876136
3947904
4233720
4005888
3702496
4065991
3672936
4031009
3911787
3900557
3780152
3932752
4230704
4902824
3841184
3818328
3927880
3812992
4358792
3781072
3950992
3857320
3930040
3723744
4732128
3848256
3722088
3641352
4314832
3867087
3676025
3829808
3930392
3996384
3895560
4017104
3969312
3827552
4007392
3877648
4019136
4086288
3988040
3885968
4038296
3648728
3857287
3690865
3916992
3783712
4301840
3860267
3764768
4904965
3864800
3767632
4132680
4173168
3858975
3871320
3733617
4050488
3917783
3950505
3795360
3959984
3862104
3806320
4221072
3643960
3779040
3929752
4006832
4165463
3773712
4171681
3707400
4063104
3778128
4300952
3780312
4079408
3870016
3923112
3941672
3896224
3815816
3744392
3809584
3636496
3904824
3784728
4051536
3872816
3971208
3825887
3872681
3770216
4079176
3776248
4031768
3958344
4113104
3931600
4007288
3778936
3964264
3636176
3965403
3691621
3955264
3921880
4338104
3898184
4132096
3739304
3838624
3794072
4231295
3698736
3724264
4043417
3838824
3910280
4422952
3788136
3934672
3773872
3953888
3884904
3754368
3811336
3661056
3952824
3701960
3873248
3694504
3980928
3846856
13555083
3971045
3808944
4045672
3803627
3958397
3783088
3968544
3779120
3932616
4432936
3951295
3779377
3969824
3777552
4458920
4112960
3981432
3886152
3791336
3811912
3875703
3722153
4015664
3698463
3686416
3721481
3941992
3786184
4053064
3700568
3781456
3900696
3962584
4330024
3914552
3782192
4053192
4195224
3993296
3699664
4062496
3813368
4018287
3640088
3707625
3791279
3637376
3924401
4189536
3900504
3782848
4075368
5044488
3649352
3941280
3809176
4457744
3926288
4115816
4432560
3756344
3955448
3834336
4009147
3712344
3872024
4904581
6714488
5337120
4220168
4093808
3781008
3650408
3646568
3770360
3669824
3685264
3998232
3753856
3637856
4024048
4072744
3862216
3681856
3643616
3717472
3694088
4143208
4005088
3783288
4500584
4035784
4031376
3647064
3687080
3761352
3752616
3707880
3764880
3921184
3946864
3689136
3651968
3955160
4747048
3755640
3672608
3669784
3766272
3641864
3914776
3682256
4185768
3785048
3696608
4045784
3779432
3677480
3656160
3865040
3804400
3801280
3735544
3933136
3752696
5020312
5313328
4565648
3717216
3968352
3925693
3729800
3639520
3714560
4295118
3761741
3699880
3649408
3641896
3729168
3882613
3668376
3870403
3790800
3769400
3721648
4444416
4024069
3789144
3686672
3756419
3738888
3703088
3964272
3674280
3701072
3699664
3864560
3776064
3673616
3881128
3750152
3779936
3638496
3785504
3707168
3723168
3712920
3676392
3683992
3861936
3903481
3639264
3706792
3678352
3642752
3789424
3834431
3650488
3634824
3728345
4082615
3695408
3902521
3696720
3782760
3643112
3668560
3693208
3711984
3712752
3839728
3786576
3676672
3709272
3672632
3670856
3745752
3890712
3970296
3750696
3804592
3706320
3707888
3707176
3653456
3762288
3782824
3974280
3689272
3778832
3706592
3786400
3690992
3676064
3870200
3758464
4139160
3778832
3821416
3682592
3642712
3717888
3702064
3702880
3645384
3643704
3675848
3633840
3818665
3836592
3672984
3678664
3664278
3712402
3636264
3710088
3667912
3674720
3671464
3740536
3887016
3672152
3849104
3822952
3674896
3676264
3680727
3690408
3644872
3772823
3681673
3717192
3705856
3836464
3759928
3634000
3705000
3686616
3883064
3720425
3696632
3766976
3845880
3727680
3725176
3635352
3773512
3637056
3707336
3643456
3853320
3680528
3670256
3675432
3967912
3780079
3679912
3922504
3697168
3700040
3868839
4042106
3940416
3757360
3775863
3959456
3693504
3863007
3821050
3742279
3685120
3673296
3646792
3644504
3636512
4153113
3943271
3928088
3677392
3693384
3692169
3671280
3679104
4186000
4194640
3633768
3686920
3844171
4004344
3774376
3703928
3657952
3638664
3688128
3683472
3716592
3634560
3759555
3747177
3679344
3953231
3703960
3650168
3638648
3643056
3638152
3635016
3662341
3713760
3701520
3679928
3649328
3810600
3718288
3823520
3677896
3768752
3722216
3785184
3816064
3716000
3844080
3751056
4033309
3639920
4001560
3669448
3717430
3691440
3635968
3843153
3696144
3733176
3695872
3702120
3733688
3685728
3874952
3869160
3770288
3711888
3703000
3733560
3688688
3697240
3933600
3719912
3676584
3930640
3820953
3832232
3785368
3634472
3649608
3633536
3633048
3639320
3637160
3639520
3644528
3693008
3698488
3729784
3645160
3635688
3640400
3673408
3675848
3678432
3666344
3884120
3779024
3868552
3773367
4173712
3957136
3889992
4029840
3883240
3791032
3671776
3833176
3817920
3686344
3674080
3830784
3851792
3730056
3814808
3732921
3684760
3688416
3736144
3900331
3793080
4002296
3775296
3891384
3785032
6257984
