6528
2248
2232
2216
2272
2248
2232
2232
2240
35408
2224
2248
2184
2248
2208
2192
2184
2184
2184
2184
2192
2184
2192
2184
34968
2184
2184
2192
2184
2192
2184
2184
2192
2184
2184
2192
2184
2184
2184
2184
2192
34992
2184
35128
17200
2240
2312
2320
35376
2280
2296
2376
2248
2216
2224
2184
2184
2192
2184
2192
2184
34984
2184
2184
2184
2192
2184
2192
2192
2232
2192
2184
34976
2184
2184
2184
2184
2192
2184
2192
2184
2192
2192
2184
2184
2184
2184
2184
34968
2184
2184
2192
2192
2184
2192
2184
2184
2192
2184
2184
2184
2240
2328
2192
2184
2192
2184
34984
2184
2184
2184
2184
2184
2184
2192
2192
2184
2184
2184
2184
2192
2184
2184
2184
2184
2184
2192
2192
2176
2176
2184
2184
2176
2176
34992
2176
2176
2176
2192
2184
2176
2184
2176
2192
2184
2184
2184
2192
2176
2192
2176
34976
2184
2192
2184
2184
2240
2208
2232
2248
2256
2184
2184
2192
2176
2192
2184
2176
2176
35000
2176
2184
2192
2176
2184
2176
2184
2192
2192
2176
2184
2184
2184
2176
2184
2184
2232
2240
2248
2248
2256
2264
2248
2224
2184
2184
2176
2192
2192
2184
2192
2184
2192
2184
2176
2184
2176
34984
2192
2184
2184
2176
2184
2176
2184
2176
2184
2184
2176
2184
2192
2192
2176
2184
34976
2184
2176
2176
2192
2184
2176
2184
2184
2184
2184
2192
2176
2184
2184
2176
2184
34976
2184
2184
2176
2192
2192
2192
2184
2184
2192
2176
2176
2176
2200
2192
2176
2184
2176
2184
2192
2184
2184
2184
2184
2192
2184
2184
2192
2184
2176
34976
2184
2184
2184
2176
2224
2368
2184
2184
2176
2184
2184
2176
2184
2184
34976
2192
2192
2184
2192
2184
2192
2184
2184
2184
2184
2176
2192
2192
2184
2184
2184
2192
2184
2184
2184
34984
2192
2184
2184
2192
2184
2184
2192
2192
2184
2192
2184
2184
2192
2176
2192
2184
34984
2184
2184
2184
2184
2184
2184
2184
2184
2184
2192
2184
2184
2184
2192
2192
2184
2184
2184
2184
2184
34992
2176
2192
2192
2184
2192
2192
2184
2184
2184
2184
2184
2192
2184
2184
2184
2184
35000
2192
2184
2184
2192
2184
2184
2184
2192
2184
2184
2184
2184
2184
2176
2184
2184
2192
2184
2176
2192
2192
2176
2184
2192
2184
2184
2184
2176
2192
2184
2176
2192
2184
2184
2184
2184
2192
34968
2184
2176
2184
2192
2368
2192
2184
2192
2192
2192
34976
2184
2184
2184
2184
2184
2176
2184
2184
2184
2184
2192
2184
2184
2176
2176
2184
34976
2176
2184
2176
2192
2192
2184
2176
2184
2192
2176
2184
2176
2184
2184
2184
2184
34992
2184
2184
2184
2192
2184
2184
2184
2176
2184
2192
2176
2176
2184
2184
2176
2176
34976
2184
2184
2184
2176
2184
2184
2176
2176
2184
2176
2184
2192
2184
2184
2192
2192
2184
2184
2184
2184
2176
2192
2176
2184
2184
2184
2192
2184
2176
34976
2176
2176
2176
2184
2184
2184
2184
2176
2192
2184
2184
2176
2184
2176
2192
2192
35000
2176
2176
2192
2184
2192
2192
2176
2176
2184
2184
2184
2176
34992
2184
2176
2184
2184
2184
2184
2176
2184
2192
2184
2176
2176
2296
2240
2224
2184
2176
2192
2192
2184
2184
2192
2184
2184
2184
2184
2184
2184
2192
2192
2184
2192
2184
34984
2184
2192
2192
34992
2192
2192
2184
2184
2192
2184
2184
2184
2184
2184
2192
2184
2184
2184
2184
2184
34984
2176
2192
2192
2184
2192
2184
2184
2184
2184
2184
2184
2184
2192
2176
2184
2184
2192
2184
2176
2184
2192
2184
2184
2192
2192
2184
2184
2184
2192
2192
2184
2184
2192
34976
2184
2184
2184
2184
2184
2184
2184
2184
2184
2176
2192
2184
2184
2176
2184
2184
2184
2192
2184
2184
2200
2184
2184
2176
2184
2184
2184
2184
2176
2184
2184
2192
2184
2184
2184
2184
2184
2192
2192
2184
2184
2184
2192
2184
2184
2192
2184
2184
2192
2184
65360
2184
2176
2184
2184
34984
2184
2192
2176
2184
2192
2176
2192
2184
2184
2184
2184
2176
2176
2184
34984
2192
2176
2184
2176
2184
2176
2192
2176
2184
2184
2176
2192
2184
2176
2176
2176
34984
2192
2184
2176
2184
2184
2184
2184
2184
2184
2184
2184
2176
2184
2192
2184
2176
34976
2192
2184
2176
2176
2184
2192
2192
2184
2192
2184
2184
2192
2184
2176
2176
2184
34976
2176
2176
2176
2176
2184
2184
2176
2184
2184
2184
2184
2184
2192
2184
2176
2192
2192
2176
2192
2184
34992
2192
2176
2176
2176
2184
2184
2176
2184
2184
2176
2176
2184
2192
2184
2184
2176
34984
2176
2184
2184
2184
2192
2176
2176
2184
2184
2192
2184
2184
2192
2184
2184
34984
2184
2184
2184
2184
2184
2192
2184
2192
2184
2184
2184
2184
2184
2184
2184
2184
34984
2184
2184
2184
2192
2184
2184
2192
2184
2184
2192
2184
2184
2184
2184
2184
2184
2184
2184
2184
2184
2192
2184
2184
2192
2184
2192
2184
2192
2192
2184
2192
2184
2184
2184
2184
2184
2184
2192
2184
2184
2184
2184
2184
2184
2192
2184
2184
2184
2184
2184
2184
2184
2192
2184
2184
2184
2192
2184
2184
2184
2184
2192
2192
2184
2184
2184
2184
2184
2192
2184
2192
2192
2184
2192
2184
2184
2184
2184
2184
2184
2184
2192
2192
2184
2192
2184
2184
2192
2184
2184
2192
2192
2192
2184
2184
2192
2184
2192
2192
2192
2184
2184
2184
2184
6328
2184
2192
2184
2184
2176
2176
2192
2184
2184
2184
2184
2176
2184
2192
34992
2176
2184
2184
2192
2192
2184
2176
2184
2192
2192
2184
2192
2184
2176
2192
2184
2184
2176
2176
2176
2184
2184
2192
2176
34968
2184
2192
2184
2176
2192
2192
2184
2176
2184
2184
2176
2184
2192
2176
2176
2184
34992
2192
2184
2184
2176
2192
2184
2184
2184
2184
2176
2176
2184
2192
2184
2176
2176
34976
2184
2192
2184
2192
2184
2184
2176
2184
2192
2176
2176
2176
2184
2192
2176
2184
