360928
360944
392656
360688
360040
397512
360232
360496
360488
392200
371696
357416
357504
355696
388120
355312
361304
388552
355312
355264
388120
355360
369448
393608
393136
359424
361512
430679
356000
355456
388064
355264
448362
360016
360256
392064
362064
371112
368000
412120
411480
412520
366984
361392
359752
356200
355360
428792
388656
355504
355352
355312
355264
374784
394528
369400
364168
398776
387448
500592
402160
359592
579656
359368
547336
508808
397888
362056
371583
364520
397104
426824
398376
361616
359312
527264
416096
474520
519866
381696
400960
365168
366952
360200
397760
360920
393464
397616
388960
362616
355656
388096
356192
355056
376832
363808
361640
359296
355608
355064
355056
389768
355208
387864
355072
387856
355072
392112
355360
355064
355056
355072
355064
355056
359816
355456
387872
355064
387872
355064
387864
359448
388104
355064
387808
355064
387840
355064
392800
356320
355160
355064
355064
355072
355024
415456
388096
355064
387856
355064
387856
423048
355376
355488
355056
355064
355496
355072
393688
355456
387864
355064
355056
355072
355072
360496
356200
355824
357808
355600
355072
425046
355600
387864
356176
355288
355056
355064
397752
355208
387856
355024
387856
355072
387848
359904
355152
355064
355056
355056
355072
359032
356416
387864
355064
387856
355064
387848
359024
355072
355064
355072
355064
355064
355072
414857
390280
355112
355064
355064
355064
355056
391368
388448
355056
387856
355064
387856
465112
360200
360264
355416
387912
355216
400600
355496
355112
355152
355208
355208
355216
400656
355400
355272
355056
355056
355168
355216
395408
355064
387856
355056
387848
355064
396592
391536
355696
391808
392720
355624
356936
475184
359640
360320
361192
360264
359496
400584
388352
355064
387856
355064
387856
355064
410000
388152
355056
387864
355064
387856
355064
393232
355256
355064
355056
355064
355056
358176
388456
355056
495240
388152
355064
355056
361288
355312
355072
355064
355072
355064
355072
372784
355320
355056
355056
355056
355072
355032
357336
387952
355064
387856
355112
387856
362152
356576
387856
355144
387856
355056
387952
359536
355064
358080
355168
355064
355064
355216
422762
355648
355208
355112
355152
355216
355208
390584
355112
355208
355120
355208
355216
360096
388464
357112
389992
355112
387904
355112
393168
355560
355112
355064
355056
355056
355072
391936
355360
387864
355064
387848
355064
387856
409992
360096
358520
359720
363624
367480
374584
412544
410912
410888
410800
395384
399104
360160
361208
356048
387864
355120
387864
432494
355352
355064
355072
355064
355072
397576
355112
387856
355152
388008
355160
388000
419730
355456
355056
355064
355064
388024
357096
395360
490872
388584
355072
388000
355064
409824
388280
355064
387856
355064
355056
355056
361248
388480
355160
387888
355064
387864
355056
398544
355152
355064
355064
355064
355056
363976
357968
355288
355072
355056
355056
355064
426750
355744
355120
387840
355288
388016
355056
397728
355360
355056
355072
355056
355056
355072
434744
355352
387856
355064
387896
355056
398272
360344
360256
358592
355248
355056
355072
497925
570072
466680
466632
553776
357320
355120
355056
355208
355064
355064
450936
359336
355304
355064
355064
355064
355056
403696
355112
355064
355072
355056
355216
360560
390928
355168
355064
355208
355216
355208
386832
355608
387856
355064
483176
355408
355072
407856
387912
355072
387856
355064
355056
409592
355112
387864
355064
412992
355680
355072
378440
366592
362312
356240
387864
355064
426000
355600
387856
355072
387880
355056
387872
408336
355504
387808
355064
387824
355064
474320
355168
356040
355168
355112
355056
446040
365440
362392
357584
355344
355176
394344
356856
355104
355112
355064
355056
355120
394952
355256
387856
355056
387856
355064
387856
888456
355696
355064
355064
355064
361336
355360
387792
355064
387856
355064
387856
369200
355456
387832
355056
387864
355072
387848
364064
355320
355056
355120
355064
355056
355072
361416
387912
355056
387872
355064
387856
355072
416808
355312
355072
355064
355072
355064
361072
355312
387920
355056
387920
355120
387920
363824
355216
355152
355208
355160
355168
355208
363840
388304
355112
387904
355104
388016
355168
396328
355216
355112
355120
355112
355112
364648
362576
355800
494416
355248
355056
355112
380856
355504
387864
355064
387864
355064
387856
355056
387848
355040
387856
355064
387856
364776
364152
360024
355704
355056
355208
355208
362120
387960
355056
387856
355072
387848
355072
473520
355608
355168
355064
355072
355160
365840
360464
361440
361072
360656
360808
359616
358288
355104
355056
355064
355056
355064
360680
387904
355056
387848
355056
387856
355064
393216
355136
355064
355064
355064
355056
355064
403880
355504
387864
355160
387912
355136
387960
362320
355512
355112
355112
355112
355112
355112
358824
355208
355112
355152
355112
355112
428447
356112
387952
355112
387848
355208
387960
365664
355352
355072
355056
355072
355024
355072
365680
355304
355056
355064
355072
355072
355072
356784
388032
355184
387864
355672
355056
359128
522392
394056
355112
355064
355056
355064
392832
355112
355064
355064
355056
355056
361808
395896
360648
360280
393752
397240
400320
402184
413368
412240
412096
370896
369240
358648
388800
358840
355504
355064
355056
427657
355848
387856
355064
387856
355056
387856
372248
355208
387864
355072
387864
355064
390992
357080
355112
355056
355064
355064
355056
427696
355800
355056
354992
355056
355064
355056
364192
388008
355040
387848
355064
387864
355056
392256
355160
355208
355168
355056
355072
358080
365416
361976
356144
387856
355056
387856
373296
355416
387856
355072
387856
355064
391216
356240
387856
355064
387864
355056
387864
369176
355624
355064
355072
355056
355064
355056
366464
355248
355056
476600
355456
387848
369848
355552
387856
355056
355072
355064
355056
362920
359912
360824
356144
387848
355056
387848
420384
355312
355056
355064
355072
355056
359728
388256
355064
387856
355064
387856
355072
393856
355264
355056
355056
355064
355064
355056
362256
355512
387856
355064
387856
355064
387856
366384
355704
387864
355064
387864
355064
475784
356240
356032
355056
355056
355064
355024
397192
355360
355056
355064
355064
355056
355064
361920
355064
355056
355064
387904
355056
390504
357456
355064
355064
355064
355056
355072
398088
355824
355184
355056
355056
355064
355064
394056
355456
387848
355064
387856
355056
387848
362520
355312
355064
355056
355064
355072
355056
357624
387864
355064
355064
355064
355072
357360
391904
355360
355064
355064
355112
355168
357744
505520
388160
355064
387856
355392
388240
437249
355744
355088
355064
355208
355216
475688
355168
387864
355064
387856
355064
387856
437392
387912
355216
387944
355112
387904
355112
363360
387968
355112
388016
355112
387912
440016
363768
366160
388488
355064
355160
355112
363512
355416
355112
355112
355112
355048
442688
355704
387904
355112
387960
355112
497336
485512
355304
355056
355056
355064
355056
440848
366968
358808
388592
355072
388000
355072
356696
355120
355064
355520
