1040610

372397

355372

424665

360579

380563

353434

354674

363249

352160

359024

359886

351139

364006

355963

359868

355370

422945

366031

382378

475344

364929

361778

373019

394520

361418

360200

382373

371145

527415

447662

402548

466862

476471

408305

454698

361025

360824

490781

619465

357157

474941

439825

356646

402910

413868

416563

501415

371603

360658

409594

378166

361892

379416

420120

369117

427911

372025

368360

443877

418231

385274

374000

432345

369634

497418

408249

353954

471868

386077

417683

496935

366699

363018

411317

382329

358326

479034

380800

361621

461274

385010

410468

407735

474329

366289

351652

351886

349533

494055

352545

362911

358520

355228

371615

361782

408782

386200

433837

820215

369846

378092

374307

380422

369702

424578

410960

378590

414828

407295

498255

420649

674954

375283

428428

374975

466609

380517

363911

574071

413932

379609

372311

373083

375021

410286

423600

364320

423234

715369

365157

436059

450538

360480

392895

380859

432092

410040

373720

369575

378584

441111

358923

377680

383341

357120

382899

365683

367375

406191

357895

436255

390514

446880

363751

457732

375086

461720

410514

373000

476132

371606

440665

412720

512250

369692

385613

386092

385138

400821

386228

363102

376108

482188

368560

414160

495474

364135

470292

481280

367009

446240

393896

367797

629145

485351

364095

393701

396114

430957

364298

485520

400948

502163

368012

507908

445929

494686

370637

383831

493683

368895

397123

407347

367339

363551

387028

376942

478769

413920

362585

432480

653667

365320

414151

404135

370787

347840

386049

492551

417855

392656

418600

472415

475665

371043

396831

370271

373594

360619

472843

368117

453012

393929

413846

455366

401541

466019

363960

461317

365883

449597

383443

414252

499895

417529

374612

411267

535954

413584

390043

449892

368215

466520

395203

407388

528157

411868

371723

381662

377194

403733

418000

430338

392545

466769

429760

370520

551649

410006

403711

395031

384123

362452

385828

413099

377388

370363

429332

365181

395508

481840

364234

477760

371960

380895

373800

419948

378597

403397

379102

367382

453634

424477

411708

442277

418941

365720

399754

386680

364714

444951

393563

373514

195548

385283

408009

373394

378542

362766

388532

389834

386933

381560

367406

438874

366683

388769

433966

402194

389683

413147

379858

404862

378234

441200

377307

412536

360710

498068

366099

416609

383624

375856

360206

406831

479372

368498

397554

400797

408363

474225

371440

384381

385108

386147

354283

434071

376083

373646

407311

366338

422498

370606

374015

423822

376957

380132

369895

413403

370111

494969

402529

411336

380437

400329

419563

468317

499320

363351

376702

419714

416203

411510

390480

366499

365812

422379

372262

461853

400544

366781

362665

440643

373311

482665

432769

460735

363203

685433

419495

465988

409816

366609

508573

427092

364760

387176

488071

425292

483363

439422

415480

397806

370957

512163

385650

377308

366538

361388

521409

386960

361219

465046

416859

475837

414095

360363

384129

420040

367246

411354

550554

382587

397493

376994

367782

467074

467456

438428

365951

442594

367289

434545

396702

385877

368025

405092

362061

396317

384698

403397

366197

415480

368732

401831

479147

507419

423289

490231

361754

406323

507594

418221

400431

499597

372280

395348

389474

381526

419902

399138

374821

523880

401957

414267

459634

505754

367175

502523

381203

370563

368003

421720

372311

469858

391794

405794

371597

451923

381369

386539

398843

373099

466406

502286

363215

496203

387422

375114

507544

430757

536203

375225

390929

459757

411781

614625

380733

470141

390686

446662

379021

440080

418609

494252

407997

490351

364040

394350

373926

429003

414634

413415

429640

532428

443289

452871

389757

456787

356757

414307

368714

378471

374434

380874

358160

676129

414538

381308

417363

373991

379224

487504

376846

459305

382332

415074

360468

873268

411206

502563

434160

373083

412067

480468

393843

380591

513415

367757

507733

498948

459693

420160

391578

369040

380828

404692

411049

394818

415674

367831

380101

373234

378225

441468

403579

368739

383671

405068

376138

483412

409194

457517

363028

540219

392470

364597

460499

384674

373551

401006

367425

472609

390680

438828

360197

398901

417092

359588

445960

399677

381271

374825

407972

359102

428800

400243

416320

430933

386258

366917

386135

413274

363920

455434

373154

467991

385086

403437

365738

406212

363083

427994

405437

535717

431705

406394

366966

457933

393766

381744

375514

419865

422778

424969

374560

408166

369985

527803

371505

443046

467954

372693

423197

503859

407628

420938

386557

498424

363508

405369

430095

375133

422880

419575

395951

510040

504046

413489

474314

367542

373400

542416

386803

358227

396945

405271

359486

386776

411988

376735

410286

402243

366794

456834

399532

362545

379612

417021

372142

543770

415600

361538

447858

381557

429674

452578

421926

376379

408948

419855

364148

384680

410957

417920

408655

377133

398256

449929

406825

443526

474572

416018

413683

413846

442505

364708

379416

410646

362788

423621

381357

423578

395031

435514

378523

474551

410960

377824

398575

418255

434077

409391

367816

459453

370222

421360

368850

405748

369579

396988

390120

406741

370465

395477

403763

361849

447320

417034

480760

517569

450947

371827

414739

426637

361603

419378

376951

473501

392990

376920

366308

545981

416191

387508

382400

416821

370775

431037

366093

401834

420061

373948

378880

438443

426268

366215

408975

481702

418723

391966

357228

400576

412427

371772

492022

524667

528994

407624

414240

376437

477732

465542

369886

416077

397944

426218

362145

379627

407335

368717

379748

414997

513280

432258

365086

386434

397895

368997

399680

432148

364261

486901

374502

445794

360117

434320

437532

405160

379274

365538

411123

460981

455923

375000

380489

392963

361416

428151

385034

378726

512631

401342

363102

402754

386892

399982

399194

366099

449914

402366

374723

416563

419779

402215

375763

444412

376289

422939

395991

392858

411859

405224

364806

455557

705102

367874

482234

422662

406000

358126

499541

410594

370074

469840

384083

383335

413455

365840

359212

374578

490154

367366

394908

516818

446929

401871

475304

375523

393856

419809

365274

477219

517163

371409

428302

419465

411741

411726

411960

495542

541874

368760

368926

401735

366117

393480

401548

370637

431880

389723

423517

373071

377221

386539

409855

586885

370375

427449

379932

391831

364495

407415

368203

420649

397554

391594

373221

399135

365397

420815

377976

364982

502603

471994

363834

377858

542884

425052

467896

400228

376443

517452

472563

365705

379175

398505

359003

369428

416698

373495

465231

428050

416357

470748

620010

375926

414969

444372

410151

386172

405834

368502

391246

424732

388311

429104

383049

410619

461378

387074

401656

370698

397751

383360

373566

444231

373022

464480

380049

368240

407486

415597

363381

507834

431705

369471

368403

423212

409646

477296

375345

357988

631895

368397

498763

416982

384945

461225

466326

418107

378240

380536

377745

377246

362264

418978

405748

379763

396160

366129

445889

414550

367409

383960

383391

367351

556704

378991

434200

372200

382606

449437

366536

402298

366539

412302

392615

413674

376797

14.11122
3.92945
3.68375
3.57234
3.57855
3.68846
3.78505
3.59616
4.22745
4.18963
3.70231
3.96489
4.28744
3.62732
5.17615
4.49936
4.08443
5.02495
3.85049
3.66261
4.85747
3.73068
3.65228
3.88437
3.97815
3.65538
3.58526
3.53594
3.72751
3.87911
4.22283
7.34092
4.04689
4.5392
3.76969
3.80424
4.00486
4.09437
4.1915
4.72227
3.65182
4.34785
4.94406
4.37501
3.79083
3.83332
3.56671
3.90123
3.84286
4.10123
5.05437
4.09508
3.58588
4.84664
3.78622
4.28594
4.16729
3.67843
3.64142
3.80935
3.812
4.00292
3.95935
4.56791
3.65129
4.11105
4.30021
4.75892
3.88034
4.13256
3.68446
4.36107
3.85901
4.21566
4.19418
4.02111
4.05653
4.44375
4.03508
4.44603
3.79837
4.01215
3.68936
3.72729
5.1908
4.48911
3.7268
4.48
3.61502
4.40455
3.85973
3.7655
3.78493
3.8084
3.61102
3.83572
4.18477
3.61299
3.86772
4.484
3.61969
4.9428
4.54425
4.2048
4.09809
4.36166
3.65344
4.06926
3.66668
4.03123
5.01603
3.78788
3.63747
4.13271
4.21259
4.94169
4.03852
4.11043
3.78049
3.84551
3.77354
4.05255
3.8489
4.97135
3.66585
4.32557
3.82717
4.94772
3.77689
3.84794
3.78264
4.692
4.55338
3.71987
4.03806
4.21711
4.05123
5.46723
4.35483
3.64317
4.83335
3.77166
3.73763
4.92905
4.28837
3.68295
3.80723
4.36246
3.60452
5.23868
3.676
4.01904
3.79071
4.31705
3.57646
4.0544
3.82834
4.0736
4.92683
4.18526
4.5268
4.10538
4.32778
4.01951
3.89133
4.70578
3.65135
4.68166
4.29172
3.69166
3.94812
3.84421
4.91443
4.94394
3.66154
3.78126
3.91702
4.1681
3.68427
4.20418
3.8148
3.73437
4.13975
3.74443
3.8452
4.68111
3.68412
4.34169
4.14
4.02735
3.69126
5.57151
3.76262
4.33754
3.83985
4.17252
3.74865
3.76665
4.47095
4.42616
3.71895
4.01012
3.64852
4.59129
4.11166
4.08997
8.23787
3.90726
4.06274
4.09446
4.23289
4.47431
3.89625
4.31394
3.56185
4.452
3.79434
4.36612
4.00338
4.53674
4.542
5.33292
3.75554
4.27092
3.97068
4.17031
3.61815
4.16714
4.16923
4.97566
3.86348
7.18019
4.95049
3.5908
4.80095
3.78766
7.23969
4.13732
3.75212
4.09702
4.36471
3.97341
3.80412
3.66326
3.62268
4.62326
3.6448
5.29012
3.85966
3.72101
4.11246
4.79975
3.71859
5.09859
4.89357
3.67249
5.01828
3.93886
3.76775
3.7988
3.95009
4.03609
3.6368
4.50443
3.7
5.03409
4.35252
4.54431
3.76683
4.50954
6.85191
4.49966
3.82213
4.09714
3.60348
3.99065
3.754
4.79877
5.19394
3.99387
3.57538
4.15615
3.72169
3.72886
3.74818
5.18175
3.65468
4.12862
3.93948
3.72822
4.98594
3.64923
4.21098
3.76621
4.69375
4.32877
3.80603
4.7624
4.04406
4.12028
3.78652
3.95658
3.91034
4.60046
5.20742
4.58935
3.84591
4.11067
4.192
4.28175
3.76828
5.24323
3.69326
4.11963
4.70173
4.0612
3.6116
4.14175
4.04372
3.76662
3.76914
5.08557
3.62923
4.37695
3.7948
4.06099
5.09022
3.85376
3.97702
3.994
4.36225
4.10892
4.77369
4.13052
3.66797
3.80351
3.64966
4.10911
4.95622
3.83929
3.59388
4.67529
4.04431
3.69246
4.41603
4.36566
3.65492
4.91871
3.7111
3.65446
5.39363
4.15092
3.69215
5.1448
4.07871
4.19074
3.83692
4.36422
3.59016
4.92237
3.82105
4.04055
4.3668
4.09016
3.66326
4.12406
3.80535
4.23256
4.21274
4.0913
3.66102
5.04062
3.91859
3.58483
3.76616
4.07495
3.63173
4.72938
3.86157
4.28707
3.81431
4.39437
3.59523
4.15123
3.7104
4.088
4.95757
4.12009
4.16837
4.29348
3.67539
4.90784
3.8096
3.85514
4.47136
4.15545
4.16308
4.23329
3.82612
4.01821
3.64221
4.23692
3.70458
4.97511
3.74061
4.50979
3.63985
4.71914
5.14274
4.27932
4.03249
5.01286
3.71963
3.83658
1.33551
3.66954
4.49591
3.75815
3.84083
4.07646
5.23425
3.87606
3.74471
4.81237
5.48092
4.07628
4.48557
3.6175
4.30059
3.66954
4.09769
3.76197
4.56492
3.71443
4.49763
3.62058
3.91157
3.80883
4.15597
3.75717
4.20948
3.81963
3.75206
3.79397
4.86495
3.69329
3.80689
4.294
6.44945
5.01376
3.6376
4.05837
4.03108
4.10132
3.69403
4.00009
3.67566
4.56308
4.06612
4.28031
4.8868
4.10342
3.67216
4.40985
3.92209
3.97295
3.64123
4.35908
3.63661
4.12624
3.79662
4.07991
6.1688
4.06587
4.04012
3.95898
3.97012
4.18483
3.62055
4.1472
3.62969
4.14234
3.86738
4.52416
5.38065
4.09769
3.67677
3.78581
4.02861
3.71092
3.6256
4.32893
4.40677
3.80892
3.8247
4.54351
6.636
4.79726
3.65514
4.85194
3.96059
3.98311
3.60274
4.51951
3.6852
4.28215
3.89
4.19419
4.67791
4.97785
4.15188
4.82062
3.69181
4.07914
3.64917
4.08477
6.9672
4.01609
3.99544
4.13412
3.97351
4.73702
3.78437
3.84769
3.9484
3.67455
3.97692
4.87222
3.64554
3.95049
3.9612
4.0792
5.00123
4.95554
3.72329
4.85766
4.01194
4.22397
3.70302
3.89222
5.02147
3.80409
3.92299
4.74828
4.4272
3.87957
3.82157
3.58028
4.08603
4.246
3.57326
6.3844
3.66068
3.88637
4.0356
4.06514
3.83563
3.90877
4.75021
4.18821
4.31188
3.63951
4.16643
3.79486
4.92431
3.66859
3.84988
4.99179
4.1752
4.93329
3.62723
4.45659
4.10237
3.6831
4.24643
4.96723
3.68037
4.14129
4.218
3.75966
5.29397
4.1563
3.75416
4.07816
4.19874
3.72686
4.79
4.02991
3.67197
4.03283
3.97975
4.16455
3.68819
4.47077
3.76178
4.104
3.94514
4.44917
3.67375
4.66012
3.67886
4.93748
3.766
4.22677
4.55732
4.05526
3.61163
4.2092
3.89816
4.04987
3.63216
4.30785
3.68578
4.82889
4.01668
4.3604
5.01871
4.088
3.70215
4.57671
3.748
4.29813
3.63994
4.83345
4.67228
3.79815
4.99178
4.02293
3.6956
4.01114
3.79511
3.58748
4.09883
4.16923
3.65095
4.87819
5.07468
5.11376
4.88926
4.08154
4.59526
4.94268
3.79376
5.57298
5.26911
3.62951
4.00981
4.71028
3.70305
3.93809
4.76422
4.20019
4.39366
4.44345
3.63631
4.10403
3.812
4.23788
3.68726
4.61256
3.76369
4.37009
4.04185
4.24788
5.0496
4.85671
3.66855
4.72615
4.78683
4.30412
4.97379
5.1436
3.69483
4.33052
3.91492
4.10212
4.44009
4.17259
4.17166
3.65797
4.59157
4.81649
3.61062
4.78296
3.72566
4.93043
3.87828
4.26766
5.61098
4.61326
3.65634
4.22412
3.83385
4.16717
3.65345
4.78773
3.76114
4.65975
3.82403
4.11975
3.52415
4.90397
3.63058
4.95024
4.0116
4.71874
3.70181
4.53576
3.67535
3.98268
4.69677
3.81979
4.28742
4.03637
3.68661
4.58957
3.79341
4.40117
3.64701
4.86176
4.30415
3.72938
4.02443
4.75166
4.01582
4.10831
3.6603
3.79418
4.29837
3.65493
4.8289
3.73311
4.08757
3.83483
5.01277
3.8424
4.29357
3.71972
3.6907
4.20572
3.678
4.37126
4.62779
5.67206
4.26077
4.25357
3.71049
4.07806
5.81034
3.90243
3.7528
4.76289
3.64154
4.62231
4.13536
4.71077
4.28376
3.94104
3.66766
4.4436
4.90363
3.66733
4.18572
4.942
3.70369
4.64093
4.99332
4.22508
4.33806
4.12557
3.60877
5.76618
5.48102
3.67828
3.62914
3.80231
4.72021
3.60268
4.13686
3.72311
4.24514
4.10957
3.6784
4.16249
7.06354
4.16182
4.02984
3.87821
3.63145
4.06698
3.87606
4.12031
3.61062
4.02197
4.34597
3.63166
5.3232
3.79083
3.65686
3.95387
3.68363
4.21763
4.11025
4.85548
4.16388
4.03443
4.17966
4.33086
5.5512
4.17237
3.99582
4.68498
3.65824
3.79914
3.70637
3.90258
3.60726
4.57329
3.75209
4.70191
3.91043
3.78378
3.78849
4.86092
3.63446
4.23375
3.83585
4.26028
3.75252
3.95542
3.63899
4.07852
5.12003
4.21443
3.9856
4.00806
3.68495
4.66587
4.85216
4.12117
4.64043
3.95646
3.5728
3.92643
4.55526
4.122
3.83083
3.8328
4.10954
3.90453
3.69415
4.10391
4.2168
4.13012
3.77738
4.68477
3.82751
3.89037
3.60022
4.52726
4.11323
4.41972
3.74431
4.1004
3.62696
4.12815
3.96634
3.72729
4.97197
4.61686
3.64908
4.64935
3.71326
4.88486
4.14822
4.33194
4.00517
3.72637
4.15422
3.61381
4.73052
3.99563
3.74926
4.24929
3.60344
4.70908
4.00307
4.35224
3.5864
3.99114
4.05606
3.59938
5.00154
3.86941
4.87452
4.21683
4.2832
3.99831
3.73012
4.2408
3.57947
3.86788
4.67772
3.65172
4.96006
4.58658
3.77009
3.93437
3.62889
4.08698
3.89277
4.06412
3.57554
4.26683
4.12083
4.60557
3.91671
4.43406
3.87154
4.7064
3.72418
4.60139
3.94428
4.01698
4.26381
4.62945
3.66468
4.00095
5.22019
4.15665
4.09388
4.26139
3.99092
4.07265
4.00286
3.80557
3.62726
4.6664
3.72975
3.81551
4.84178
3.98261
3.86502
4.89006
3.72126
3.9488
4.07821
3.90594
3.57459
4.8564
3.72895
7.70091
4.47957
4.24249
3.63501
4.058
4.24501
3.67308
3.94397
4.97631
3.70449
3.85569
3.98111
3.66012
5.05372
5.28022
4.13369
4.27231
4.65372
4.11003
3.78864
4.18388
3.63532
4.14883
3.67643
4.6432
3.788
3.99212
3.77142
5.18898
3.68184
4.16822
3.98788
4.0348
3.63259
4.05828
3.70058
3.93954
5.01016
3.68944
3.64544
4.47335
3.62283
4.58511
5.26883
4.15763
4.01717
5.01856
3.68093
4.68883
3.64843
43.817114
4.4738
3.559145
4.053428
4.336034
3.891231
4.653939
3.56368
4.740979
4.544381
4.001277
4.24417
3.579083
3.969738
3.986751
4.047458
3.583249
4.273308
3.836757
4.133209
4.613924
4.388434
3.604683
3.743024
3.828083
4.051099
4.467926
4.464895
3.580526
4.8198
4.384772
4.145747
3.839403
3.822659
3.622554
3.685225
3.728859
4.074581
4.746093
3.833052
4.061787
3.805584
3.852427
3.762775
3.822584
3.816661
3.570969
3.689139
4.319511
3.64404
4.127283
3.840935
4.110283
4.535987
4.547547
3.558111
3.70152
4.116379
4.068978
3.739886
3.837387
4.165246
3.760394
4.333419
4.404569
4.544538
3.810963
4.082138
3.729973
4.491255
3.564816
4.300169
5.112231
4.389264
4.490378
3.824736
4.283871
4.49891
4.775369
3.501483
3.706138
4.354197
3.508304
4.451175
3.950597
3.507129
3.811163
4.551468
3.481363
3.822532
4.362203
3.752405
3.851538
4.474123
3.493471
3.848951
4.35444
3.503514
4.395499
3.80141
3.501117
3.822935
4.339289
3.502292
3.766397
3.76284
3.494467
3.756415
4.3358
3.485661
3.777994
4.369129
4.297043
3.816292
4.330591
3.497477
4.817972
3.806194
3.489077
4.019653
3.817935
3.493548
4.729414
4.388283
3.528268
3.834698
4.55804
3.544219
4.349431
4.547643
3.505825
3.780698
4.413449
3.496883
3.747979
4.348683
3.514963
3.771797
4.370517
3.525763
3.841855
3.84648
3.502483
3.769612
3.827474
3.487637
3.783661
4.316188
3.477911
3.800237
3.81744
3.498452
3.753859
3.78863
3.570452
3.728877
4.305816
3.490625
3.793825
3.820661
3.50549
4.133157
3.671664
3.491877
3.915391
4.324932
3.496886
3.558732
4.103898
3.491914
3.768655
4.154329
4.307178
4.5532
3.803068
3.688585
3.772886
4.538831
3.677742
4.420317
3.752412
3.613911
4.478003
4.265
3.994188
4.029749
3.732852
4.197613
3.676169
3.798526
3.697659
4.472846
3.807246
4.452279
4.567705
3.736
3.673563
3.795148
3.774114
3.719382
3.705548
3.726772
3.675151
4.265024
3.740972
3.669077
3.918517
4.696243
3.656099
3.943536
3.761705
3.970837
3.769471
3.755868
3.739339
3.769219
4.130449
4.574871
3.8394
3.739868
3.669702
3.717114
3.708092
3.653963
4.5688
3.784615
4.334938
3.781926
4.11433
3.635354
3.774861
3.661013
3.677341
3.824788
3.716843
3.653763
4.655648
3.743612
4.752366
3.72524
3.644212
3.689311
3.669012
3.68285
3.678489
4.623736
3.739228
3.672809
4.538609
3.747704
4.402434
3.701314
3.745612
3.625089
3.918748
3.487102
3.632332
3.812511
3.986412
4.150345
4.07232
4.341043
3.494421
3.782954
4.34072
3.486283
3.696791
3.824954
3.503886
3.791991
4.354415
3.467372
3.885769
3.59073
3.506483
3.865994
3.83821
3.461
4.124034
4.371053
3.690975
4.410317
4.37532
3.507655
4.511933
4.386711
3.510536
3.98464
3.973283
3.501114
3.827972
4.335215
3.509
3.799723
4.411336
3.556862
3.790351
4.345295
3.746629
3.736612
4.330926
3.829372
3.821304
4.315141
3.499138
3.692775
4.329603
3.510794
4.358523
4.351886
3.498864
4.557406
4.352006
3.512701
3.907203
3.813357
3.499978
4.636686
4.340219
3.507939
3.72624
4.334877
3.497745
3.6714
4.335609
3.539763
3.822437
3.81564
3.520369
4.303477
3.858286
3.512732
4.473545
4.329591
3.500542
3.821
4.586123
3.499976
3.784083
3.857677
3.515077
3.817812
3.810003
3.490096
3.732231
4.264449
3.494415
3.912
4.328255
3.493945
3.812625
3.827514
4.504599
3.844077
3.828163
3.486671
3.796117
3.777292
3.564296
3.788809
3.815609
3.502695
3.725769
4.290415
4.048215
3.754336
3.792892
3.531323
3.683939
4.413348
3.477403
4.47276
3.832286
3.530471
3.704797
3.818345
3.491243
4.358175
3.83828
3.483372
3.711683
3.806268
3.805424
3.830877
4.340566
3.508237
4.231763
4.322708
3.57832
3.925652
3.7962
3.485825
4.581797
4.305972
3.681742
3.832701
4.410714
3.54812
3.753732
4.328197
3.496258
3.723446
3.813957
3.494547
3.804477
3.853052
3.524849
3.731234
4.370744
3.510791
3.7188
3.769016
3.501708
3.93416
4.32245
3.509941
3.778874
4.38984
4.281154
3.763406
3.852249
3.50664
3.789083
4.340043
3.492382
3.849619
4.351345
4.200803
3.778062
3.786901
3.674415
4.587058
3.806468
3.468043
3.822403
3.819443
3.497446
3.803741
4.352206
3.477674
4.500372
4.361837
3.507243
3.98724
4.370366
3.497667
4.748249
3.825637
3.515917
3.810963
3.83372
3.506403
3.750566
4.692397
3.505499
3.814406
3.990618
3.508157
3.734926
4.38096
3.593573
3.788572
3.845412
3.488938
3.696803
4.320299
3.498609
4.066535
3.844618
3.501465
3.834178
4.362366
3.499938
3.733643
3.760431
3.504449
3.770547
4.364539
4.405148
3.684797
3.815582
3.463117
4.521788
3.831511
3.497175
4.370821
3.846563
3.474209
4.125037
4.603052
3.5212
3.842539
3.774548
3.513172
3.79285
4.406781
3.496308
3.760695
4.000339
3.493576
3.806616
4.457351
3.486739
3.709972
4.603702
3.507868
3.816363
4.320098
3.504369
3.718354
4.343191
3.526397
3.830738
4.369009
3.509966
3.859443
4.553372
3.496173
4.804445
4.341308
3.493594
3.698341
4.332111
3.527296
4.443615
4.053861
3.481858
3.713354
4.47503
3.498477
3.687659
3.963735
3.57936
3.708594
3.90272
3.510889
3.792034
4.278135
3.498218
3.643123
3.822963
3.699646
3.726025
4.320132
3.695163
3.799982
3.818498
4.426443
3.67449
4.315997
3.511452
4.559053
3.86075
3.481412
3.704111
3.773542
3.495951
4.466714
3.806628
3.630809
3.708046
4.449348
3.518062
3.767139
4.348074
4.304385
3.699302
3.826772
3.511221
3.717566
3.813139
3.481117
3.750849
3.502336
3.633637
3.791769
3.824135
3.4938
3.77776
3.593911
4.512498
3.756191
4.331412
3.51632
3.754323
3.821594
3.985886
4.664105
4.607689
3.522175
3.775883
4.339751
3.465357
3.778151
4.265813
3.551532
3.692763
4.352929
3.499228
3.884147
3.856739
4.290582
3.869545
3.858744
3.488086
4.506117
3.842981
3.502443
4.162228
4.37752
3.496394
4.588966
3.823594
3.516877
3.782262
4.922985
3.497763
4.1354
4.39361
3.541028
3.804954
3.816206
3.57945
3.81324
3.837025
3.52188
3.826532
4.171209
3.511905
3.722886
4.513936
3.527175
4.856139
3.792123
3.630754
4.53152
4.143809
3.494188
4.558379
3.819261
3.533015
3.797298
3.824477
4.300203
3.726265
4.372459
3.558126
4.530535
3.885326
3.499421
3.834043
3.835797
3.495661
4.475791
4.586705
3.510849
3.707874
3.672062
3.534908
4.467649
3.879111
3.477566
3.809507
4.541966
3.493452
3.954261
4.290397
3.471277
4.532597
4.340348
4.275166
3.810304
4.873154
3.516985
3.715385
3.79503
3.518797
3.817231
4.411308
3.505532
3.757535
3.894785
3.512945
3.793634
4.518772
3.515015
4.572437
3.82996
3.511117
3.770572
4.361923
3.573754
3.70819
4.350935
3.675265
3.726816
3.812422
3.579474
3.622025
4.358726
3.496037
4.499114
3.797394
3.534581
3.73368
3.792674
3.506578
3.77004
4.326834
3.493382
3.823649
3.818877
3.516664
4.322634
4.330656
3.531603
4.579869
4.414117
3.528862
3.690486
4.314235
3.519166
3.764812
4.271789
3.487797
3.802025
3.690295
3.889221
3.779268
4.417631
3.897643
3.752646
3.835818
3.481616
3.70409
4.340188
3.513074
4.607794
3.957483
3.516572
3.930323
3.87972
3.512065
4.560689
3.848606
3.493975
3.692535
4.582745
3.854292
4.42688
4.300914
3.501575
3.873674
4.33616
3.486634
3.696726
3.82604
3.849135
3.726991
4.366477
3.479692
4.394523
3.842985
3.812587
3.69064
4.336579
3.493618
3.972135
4.581018
3.487246
3.779341
4.329895
3.51735
3.684363
4.566886
3.696071
4.563988
3.806517
3.496145
3.721286
4.904841
3.50716
4.170252
3.858339
3.641738
3.843619
4.336757
3.509123
3.798686
3.712323
3.526501
3.770726
4.316969
3.507908
3.796643
3.828015
4.353492
3.824338
3.796781
3.668314
3.689997
4.366877
3.637375
3.870686
3.845834
3.66536
3.786892
4.355529
3.55804
3.78305
3.554197
3.572397
3.674221
4.328748
3.666363
3.775391
4.420437
4.773948
4.843525
3.794991
3.537539
4.715101
3.771412
4.345966
3.924938
4.132339
3.649729
3.65536
4.131865
3.645265
3.703474
4.192225
4.4798
3.763591
3.710378
4.18824
3.692781
3.73396
4.277148
4.469317
3.781086
3.633034
3.700412
4.797611
4.151133
3.878298
3.722982
4.251351
3.715092
3.771976
3.636003
4.069689
3.883911
3.702794
3.708954
3.715932
3.674837
4.579148
4.21961
4.00056
3.68236
4.174695
3.648169
4.522726
3.713286
4.194606
3.875994
3.741203
3.646348
3.817523
3.722667
4.268822
4.091029
3.856742
3.660779
4.476504
4.116049
3.662194
3.664828
3.820145
4.338499
4.505191
3.77191
4.298058
3.68876
3.762117
4.335024
3.883821
3.767843
4.343139
3.747853
4.214376
4.235667
3.718394
3.746941
4.324166
3.769037
3.606689
3.85852
3.727425
4.15304
4.344501
3.705012
3.731443
4.452837
4.487123
4.875828
3.540412
3.852536
3.956058
3.508859
4.445206
3.883782
4.38804
3.653923
3.565652
4.172895
4.461169
3.714437
4.558551
3.690656
3.752391
3.861904
4.527865
3.753739
3.634437
4.122425
4.158883
4.292748
4.537468
4.174732
4.35916
3.725117
3.805539
3.62484
5.312717
3.770905
4.405772
3.649206
4.205314
3.683264
3.71704
3.71752
4.046474
3.704483
3.753311
3.498717
3.707579
3.496018
3.520336
3.598597
3.460739
3.491422
3.636683
3.491659
3.494203
3.519406
3.465191
3.622892
3.502702
3.471022
3.522677
3.492852
3.745169
4.267951
3.809345
3.731268
3.676815
3.727757
3.696819
3.656932
4.452071
3.782428
4.290016
3.701723
3.74436
4.22144
4.511658
3.758643
3.684853
3.780413
3.797378
4.198797
3.766748
3.856763
3.715504
4.589068
4.052501
3.674741
3.841517
3.735403
3.803194
3.726387
3.730175
3.628465
3.727517
3.733157
3.679197
4.76192
3.799003
3.510646
9.2323
4.6757
8.4978
3.8385
5.7249
4.3708
4.1566
4.5301
5.3203
4.2034
4.5575
4.4871
4.2292
4.6409
4.476
4.1486
4.5498
4.2354
4.011
4.3754
4.6923
4.1954
4.5354
4.092
4.2329
4.2136
4.6335
4.1612
4.3693
3.9868
3.696
4.5424
4.8194
4.3514
4.452
4.5228
4.1329
3.9941
4.5486
4.2936
4.4932
5.0203
4.1973
4.3932
4.2683
4.8736
4.5326
4.8181
4.2086
4.4584
5.3385
3.984
4.4133
4.9809
3.8369
4.2658
4.3548
3.8606
3.9486
4.3809
4.0886
3.868
4.0662
4.1668
4.0175
4.0886
4.1188
4.0948
5.0071
3.684
4.788
3.8
3.6049
4.3145
4.6101
3.928
4.7163
4.3686
4.2178
4.3551
4.8787
3.9006
4.2908
4.3172
4.1966
4.2554
4.832
3.8354
3.9292
4.6397
4.0344
4.5471
5.5271
3.959
4.3206
4.4874
4.0372
3.8951
4.6606
3.9498
3.8068
4.3096
4.0403
4.3268
4.8726
3.7763
4.2332
4.2972
4.2664
3.9468
5.0474
3.6225
4.4231
4.448
4.1446
3.8868
4.6096
3.548
4.488
4.1133
4.0609
4.8086
4.9914
4.1212
4.2994
4.5074
3.82
3.6717
4.9932
3.8212
4.2812
4.3868
3.9256
4.4474
4.6948
3.9403
4.6846
3.9317
4.0083
4.2625
4.484
4.0674
4.5064
4.1861
4.0702
4.4449
4.5529
4.096
4.7809
4.9671
3.6905
4.0317
5.1529
4.0871
4.9818
4.1391
4.1769
4.7255
4.0203
4.3064
4.092
4.132
3.9021
4.3234
4.5003
4.1723
4.692
3.9748
3.9212
4.024
4.9554
5.0969
4.6563
4.3834
3.7274
4.1222
4.327
4.1772
4.0376
5.0877
3.7886
4.5825
4.6385
5.1908
4.544
4.7547
3.8849
3.8209
4.7819
3.8037
4.2963
4.1006
3.944
3.5483
4.2483
3.9299
4.6093
4.712
3.9191
4.28
4.8074
3.9981
4.3452
4.3499
3.724
4.2107
5.4646
3.8465
4.4114
4.5945
4.34
4.5305
5.3877
3.8923
3.9951
4.1354
4.1653
4.7397
4.4464
3.7794
4.5837
4.2849
4.1154
3.8502
3.8283
4.1283
4.2939
4.6182
4.1169
3.7117
4.628
4.0243
4.3019
4.5314
3.9133
4.6145
4.0037
4.0757
4.2489
4.0812
4.0781
4.5086
4.0824
3.968
3.9403
4.4215
4.4966
4.0474
4.0655
4.1766
4.4942
4.4508
3.8323
4.5486
5.0757
3.8923
4.184
4.5631
4.0704
4.6093
4.7624
3.8948
5.1403
4.4243
4.1089
4.1742
4.7539
3.9059
4.3166
4.5904
4.2166
4.2714
4.2923
4.0443
5.1394
4.5034
3.9573
4.7683
5.1188
3.8944
3.9203
4.1483
4.5859
4.1748
4.0917
3.8034
4.1348
5.0585
3.6723
4.8747
4.752
3.6698
3.8816
4.6105
3.8621
4.0619
6.0095
3.8394
4.1305
4.767
4.0203
4.3539
4.8089
3.696
4.2489
4.5517
4.0055
4.2628
4.7382
4.0812
4.1846
4.219
3.8382
4.1824
4.7302
3.9388
4.2421
5.2329
4.2345
3.9782
4.0837
3.888
4.3625
3.9274
3.748
4.3043
4.2963
3.4892
4.6584
4.6212
4.137
4.8828
4.3108
4.008
4.2249
5.9502
3.7781
3.9665
5.5043
3.7003
4.1834
4.4862
4.0203
4.1227
4.3849
3.7837
4.4006
4.1203
4.1194
4.4228
4.0594
3.8431
4.0741
5.092
4.1763
4.5603
5.4154
3.8418
4.0526
4.2736
3.9945
3.8883
4.0489
4.0744
4.0455
4.3354
4.0926
4.6548
4.1412
3.9145
4.2059
4.0772
4.1507
4.2899
5.0102
3.7911
4.3975
5.0059
4.0252
4.0714
4.5471
4.6637
4.1982
4.2181
4.0446
4.5517
4.5209
3.984
3.9889
4.0215
3.8222
4.1917
4.36
4.0043
4.7025
4.9243
4.1748
3.9101
4.2825
3.9206
4.4483
4.2056
3.7677
4.2988
3.8831
3.8526
3.9739
3.8335
4.5046
4.6477
3.9997
3.7871
4.3763
4.3252
4.0523
4.0123
4.2133
3.9209
4.2265
5.1646
4.0308
4.3658
4.139
3.7209
4.0446
4.3049
3.4314
4.3449
4.2843
3.8019
4.3151
5.4375
3.7511
4.1203
4.3994
3.9172
3.9314
4.392
3.8775
4.1566
4.2345
3.9584
4.2547
4.1705
3.6911
4.0372
4.6129
3.7923
3.9089
4.2431
4.0049
4.0511
4.2221
4.0058
4.101
4.1342
4.0132
4.2338
4.2086
4.1068
4.2117
4.164
4.0812
4.3935
3.9114
3.6
3.8117
4.1105
3.7283
4.0788
3.9092
3.7462
4.6052
4.1009
3.7658
4.0588
3.7065
3.9203
4.2846
3.98
3.8917
3.6465
3.9536
3.7677
4.2452
4.4317
4
4.008
3.8997
3.8323
3.8249
4.824
4.1058
4.1542
4.3
3.9637
3.8606
4.4511
3.496
4.2142
4.0757
3.8058
3.9821
4.0074
3.9406
3.8541
3.8821
4.1486
4.9963
3.8782
5.5169
4.5492
4.1336
4.4874
4.2726
4.1708
4.4043
4.62
4.0357
4.5738
4.2243
4.4532
4.4449
4.224
4.316
4.5711
4.9009
4.2108
4.5219
4.9784
3.8941
4.3222
4.2508
4.2831
4.4942
4.8295
4.0449
4.32
4.8573
3.6108
4.2554
4.8745
4.1191
4.5219
5.1766
4.2683
4.3126
4.4889
4.2757
7.6077
4.5917
3.672
4.652
4.2071
4.3443
4.5948
4.9422
4.0462
3.9637
4.0643
4.1619
4.3495
5.2972
4.364
4.4667
4.5575
4.1366
4.4908
3.9747
4.096
4.4009
5.0942
4.5335
4.2856
4.0985
4.492
4.2468
4.8335
4.2354
4.4492
4.6815
4.1422
4.664
4.3794
3.8957
4.5754
5.008
4.2366
4.1412
4.9184
3.8486
4.4413
4.4699
4.6966
4.088
4.8071
3.9612
4.0348
4.9209
4.1637
4.5957
7.3766
4.0975
4.1249
4.8231
4.0926
4.292
4.6397
4.3163
4.0123
4.6871
4.0243
4.3929
4.7406
4.2293
4.4061
4.8622
4.104
4.2427
4.7403
4.2926
4.42
4.4674
4.3991
4.447
4.8019
4.5914
4.456
4.4104
4.3594
4.2409
4.537
4.1274
4.596
4.404
4.3557
4.5483
4.6849
3.9467
4.2606
3.9369
4.2305
4.3588
4.632
4.2843
4.5797
4.4126
3.6363
4.3689
4.4861
3.488
4.6579
4.1973
4.2135
4.4852
5.0428
4.3895
3.9065
5.1563
4.7431
4.2649
4.3775
3.9428
4.1302
5.1461
4.0745
4.4449
4.6341
4.3203
4.2477
4.4901
3.6874
4.4997
4.776
4.4037
4.1237
5.1215
4.5169
4.4215
4.2631
4.1825
4.7216
4.5797
4.2179
4.5074
4.7363
4.1874
4.4544
4.2969
4.2218
4.0049
4.7427
4.3175
4.5748
5.1317
4.1941
4.1314
4.0714
4.2231
4.4191
5.0185
4.0782
4.1662
7.4459
4.1289
4.6492
3.98
4.1221
4.3849
4.8357
4.1
4.5102
33.6785
3.824
4.6055
4.4093
4.3067
4.3757
4.6702
4.1929
3.9609
4.7012
4.1274
4.5357
4.2163
4.1335
4.6172
4.6778
4.1175
4.2105
4.7855
4.3298
4.6723
5.2523
4.0489
3.9892
5.0061
4.0699
4.4114
5.1209
3.84
4.3609
4.4058
3.9988
4.2246
4.2871
3.7452
4.8467
5.0667
4.2926
4.6274
4.3059
3.9212
3.5698
4.9456
3.952
3.7437
4.3988
3.8944
3.7301
5.0133
3.872
4.6867
4.3988
4.2326
5.2757
4.9344
3.9908
4.8557
4.4726
3.7025
4.2415
5.2785
3.8889
4.5951
3.9677
4.095
4.1763
4.6754
4.1292
3.801
4.9206
4.2089
4.1908
4.4305
4.0858
4.5105
4.1797
4.0803
4.5615
4.8677
4.0099
3.828
4.24
4.3785
4.1969
4.3661
3.948
4.5929
4.6606
4.2736
4.2021
5.5664
3.9259
4.4557
4.8978
4.1253
3.4775
4.1261
3.8037
4.4963
4.1726
3.9816
4.2548
5.5985
3.8498
4.432
3.7831
3.931
3.7375
4.6184
4.0416
4.6622
4.5661
4.2855
4.2664
5.1622
3.9246
4.3911
4.6625
4.0462
4.3203
4.1351
3.9646
4.5016
4.1548
4.1055
4.1769
5.3957
4.2421
4.3926
4.3661
3.784
4.9831
4.8619
3.8117
3.9209
4.1877
3.92
4.2212
5.1616
3.8231
4.5166
4.2018
3.9904
4.1166
3.8834
3.8889
4.1975
4.6449
4.3409
4.1889
4.4218
3.8939
3.8111
4.2341
4.0748
4.0852
5.1102
3.8314
3.9142
5.0037
3.8785
3.8942
4.6698
3.804
4.2868
4.7055
3.9267
4.3803
4.5437
3.7449
3.9511
4.1166
3.9425
4.3283
4.6932
3.7612
5.287
4.5973
4.0502
4.5856
4.0391
3.7446
5.0994
4.2628
3.828
4.348
5.212
4.1027
4.3803
4.7529
3.7449
4.7191
4.7052
4.0698
4.2742
4.1625
3.6262
4.2849
4.7428
3.8877
4.2175
4.1864
3.812
4.2557
4.1452
3.6806
4.1711
4.1046
3.8
3.9886
4.791
3.8255
4.3646
4.3234
4.068
4.1834
4.7357
3.7923
4.1246
4.1434
3.8945
4.1384
4.4163
3.983
4.0745
4.7545
4.0474
3.8501
4.9917
4.8114
5.6933
4.9951
4.0492
4.4098
4.7216
3.9381
4.1037
4.2517
3.9575
4.3456
4.3344
3.8455
4.1933
4.5323
3.832
3.9397
4.5649
4.008
3.8194
4.3025
4.1369
3.9483
5.06
3.8905
4.1437
4.2308
4.092
3.9714
4.1415
4.4286
4.3536
4.3363
3.8621
3.72
3.7868
3.9034
4.7674
4.7443
4.036
4.5369
3.9194
3.7936
4.1566
4.4643
4.136
4.4591
3.9277
3.8418
4.4335
4.7147
4.1933
3.6646
4.2849
3.4234
4.3619
4.792
4.2151
3.8437
4.1326
8.8763
5.2157
5.7483
4.6344
4.5772
4.3831
4.4409
4.4354
4.2289
4.2526
4.4606
4.8006
4.6908
4.2717
4.684
4.4505
4.5071
4.2597
4.5234
4.3972
4.7738
4.8043
4.7277
5.2332
4.2107
4.3077
4.5652
4.4923
4.668
4.3578
5.9997
4.4496
4.4963
4.4108
4.9914
4.5695
4.7498
4.6683
6.036
6.2859
4.5086
5.4431
4.572
4.584
5.2409
4.7323
4.8603
5.3907
4.5074
4.4015
5.5492
4.5206
4.501
5.3707
4.8942
4.5929
5.8938
4.5963
4.7686
5.6468
4.6979
4.64
5.5655
4.3963
4.7856
5.0338
4.508
4.8941
4.8532
4.5147
4.8034
4.6071
4.3637
4.964
5.8511
4.3895
4.851
5.4025
4.6191
4.7348
4.6003
4.6271
4.9024
5.8942
4.7283
4.511
5.5406
4.8957
4.6416
4.9058
4.4428
4.7827
6.276
4.8812
4.6591
5.1455
4.6043
4.8015
4.9554
4.4271
4.7976
5.7578
4.4864
4.9298
5.8772
4.5336
4.7203
5.136
4.4849
4.8932
5.1255
4.9692
4.6579
5.0458
4.5129
4.6391
5.1846
4.5419
4.0926
5.5206
4.7339
4.9305
4.9748
4.9163
4.8821
4.6643
4.4498
4.7837
5.131
4.5582
8.0935
4.7496
4.5
4.9982
5.2215
4.2976
4.8108
5.0649
4.624
4.72
5.6163
4.4539
4.8446
5.3874
6.2628
4.7831
5.2474
4.4612
4.6784
5.1151
4.6816
4.7994
4.7886
4.5018
4.7339
5.968
4.4012
4.6384
4.8668
4.4523
4.692
5.0834
4.6018
4.5769
4.3812
4.3388
4.8658
4.7575
4.8455
5.1615
5.3028
4.6403
4.5886
5.6209
4.0917
4.7584
5.124
5.2068
4.6947
6.0166
4.6185
4.428
4.6905
4.3843
5.5981
4.884
4.6
4.4911
4.9492
4.5784
4.9154
5.3821
4.6578
4.4864
5.2394
4.4704
4.5348
5.7501
4.7018
4.3581
4.7437
4.6406
4.8726
5.0809
4.2803
4.8701
5.1086
5.3058
4.6692
5.2317
4.5966
4.9914
5.212
4.4662
4.7366
4.788
4.4357
4.6723
5.0988
4.3037
4.4077
5.0126
4.4043
4.5369
4.6991
4.552
4.9108
5.8083
4.7304
4.8898
4.8711
4.4363
4.6176
5.4874
4.4828
4.8462
4.8991
4.6227
4.8283
5.3286
4.6333
4.8714
5.9347
4.5708
4.5258
5.5563
4.6782
4.6661
5.7646
4.5505
4.7652
5.5717
4.9419
5.0043
5.4683
4.5624
4.6904
6.3295
4.6099
4.8523
4.576
4.62
4.6019
4.7092
4.5194
4.8246
5.2695
4.5868
4.5843
5.4923
4.6037
4.24
4.628
4.4413
4.5717
4.7434
4.5037
4.4806
5.6954
4.4729
4.6551
5.3914
4.3926
4.6575
5.7375
4.4547
4.9744
5.4104
4.4852
4.4535
5.8499
4.2468
5.3932
4.7618
4.4939
5.916
5.9147
4.3437
4.2945
4.8597
4.944
4.6815
5.152
4.2259
5.3603
5.1744
4.6043
5.336
5.3299
4.1249
5.7
4.9123
4.3163
4.5231
5.7237
4.1065
4.9701
5.7717
4.8471
4.9086
5.7062
4.4012
4.9751
5.2627
4.3723
4.5809
5.9557
4.3256
5.928
4.8206
4.5896
5.9261
5.7566
4.3597
6.0147
5.0504
4.3659
4.997
6.8584
4.3206
5.3723
4.9985
4.5255
4.6114
5.8745
4.3646
5.4821
4.7627
4.5609
4.5979
5.3781
4.4
5.2871
4.719
4.6434
6.0717
4.8203
4.44
4.8624
5.119
4.3748
4.6262
5.0323
4.2566
4.5363
4.9748
4.2508
4.2425
5.8517
4.5219
4.8141
4.8508
4.6357
5.6012
4.575
4.8699
4.7046
4.7037
4.4985
4.7474
4.8345
4.2695
4.6274
5.2886
4.3895
4.4603
4.3803
4.3108
4.4501
4.9966
4.2656
4.5988
5.224
4.2111
4.5984
4.7536
4.6326
4.3717
5.6695
4.3658
4.5852
4.7954
4.2794
4.3434
4.7009
4.3222
4.6523
5.7068
4.5092
4.4314
5.7754
4.5877
4.4969
4.5458
4.5914
4.6594
5.0089
4.1689
4.3893
4.9095
4.5074
4.6966
5.1907
4.3991
5.423
4.6197
4.5015
4.3397
5.7166
4.2218
4.8021
5.6486
4.4686
4.4615
5.2643
4.264
4.6148
4.8815
4.5372
5.4819
5.0018
4.268
4.7173
5.0892
4.4914
4.9883
4.8723
4.3486
4.5501
4.8631
4.5049
4.6652
5.5132
4.2
4.4975
4.7535
4.4099
4.4726
4.8852
4.3059
4.4926
4.5449
4.3114
4.7588
5.7028
4.3351
4.4569
6.6317
4.3628
4.5757
5.4991
4.3763
4.6176
4.4028
4.7594
4.5976
5.5061
4.2631
4.4031
4.7074
4.4732
4.4514
5.5413
4.4098
5.1627
5.3006
4.572
4.6446
5.5738
4.0677
4.5006
5.416
4.6717
4.9231
5.4016
4.967
4.4779
4.8665
5.228
5.2136
4.26
4.5536
4.4692
4.6197
4.572
4.2686
4.3304
4.3984
4.4495
4.5763
4.4003
4.4231
4.7545
4.3258
4.7652
4.4917
4.5717
4.2991
4.5748
4.3776
4.6542
5.4868
4.3332
4.2391
5.1043
4.5745
4.78
4.4769
4.5037
4.4489
4.8286
4.348
4.2775
4.6883
4.5935
4.729
4.3757
4.732
4.3498
4.6055
4.204
4.4308
4.5517
4.6477
4.4745
6.5899
4.2504
4.6141
4.4668
4.2536
5.5283
5.0504
4.3671
4.4748
4.7658
4.3729
5.0071
5.7505
4.6449
4.9492
4.4544
4.8391
4.9868
4.9428
4.8778
5.1375
4.727
4.5221
5.2022
4.7464
4.1853
4.4569
4.0818
4.768
5.1603
5.0658
4.3385
4.3649
4.2145
4.776
4.2914
4.711
4.5548
4.4661
4.3745
4.5009
4.2175
4.4736
4.7025
4.3384
4.6695
4.2818
4.5412
4.5062
4.7406
5.2582
4.684
4.2846
4.8086
5.8264
5.7575
4.1369
4.9259
4.2686
4.432
4.828
4.2508
4.3495
4.8302
4.4415
4.6662
4.6501
4.851
5.2914
4.639
4.5704
5.4135
4.6136
4.7101
5.436
4.6738
4.7904
5.3083
4.6237
4.4144
4.6219
4.9311
4.8123
5.1926
4.7825
4.5523
4.9295
4.2169
4.8923
5.1923
4.4812
4.6052
5.2738
4.3277
4.4219
5.28
4.6517
4.9578
5.0462
4.147
4.8135
5.915
4.5059
4.6277
5.2148
4.2668
5.0594
5.456
4.4068
4.7966
5.4225
4.6905
4.8314
4.9664
4.7391
5.6197
5.3317
5.1631
4.6972
5.864
4.5468
4.8566
4.7637
4.6717
4.8246
5.2846
4.4671
4.8926
5.1298
4.5683
5.0203
5.6867
5.0747
4.7151
5.3129
4.8486
4.9234
4.6493
4.4332
4.6357
5.5
4.603
4.8265
6.7031
4.5954
4.8329
4.9742
5.2815
4.5686
6.0215
4.5861
4.8544
4.9914
4.532
4.7994
4.9597
4.5732
4.7274
5.3268
4.8218
4.8096
4.7055
4.4677
4.6218
4.5302
4.6846
4.5748
5.5523
4.5745
4.4871
5.0486
4.6914
4.4615
5.8
4.4806
4.932
5.924
4.4132
4.5089
5.5188
4.6975
4.5489
5.3954
4.7671
4.5594
5.584
4.7757
4.8434
4.7914
4.5459
4.5108
4.8809
4.5163
4.5203
5.7582
5.3443
4.684
5.5585
4.8221
4.7797
5.2631
4.6769
4.7456
5.3794
4.5957
4.7606
5.0314
4.6732
5.9323
6.0828
4.4576
4.7428
4.9421
4.6631
4.5883
4.6692
4.7068
5.0994
5.4003
4.4231
4.8381
4.9905
4.5302
4.5855
5.2212
4.78
4.8569
5.4031
4.3991
4.4723
6.1899
4.6772
4.972
5.4351
4.5338
4.5526
4.8859
4.2738
4.9969
5.0163
4.5858
4.468
5.2653
4.5704
4.935
6.8862
4.4415
4.7877
4.9646
4.6677
4.8757
4.784
4.5203
4.5778
5.6179
4.4763
4.796
5.1683
4.8363
4.5526
5.8904
4.46
4.879
4.848
4.5748
4.8729
5.0944
4.5308
4.896
5.6557
4.4905
4.8176
4.7668
4.3517
4.7856
4.9741
4.4062
4.9815
5.7979
4.7695
4.8776
4.5046
4.6517
4.7283
5.1391
4.7827
4.804
4.9182
4.5376
4.6136
5.4258
4.4686
4.7508
5.296
4.5464
4.8763
5.0086
4.6114
4.5212
5.4905
4.4911
4.8246
4.8412
4.3726
4.5972
5.608
4.3837
5.0726
5.6883
4.2449
4.6637
4.8375
4.5773
4.8649
4.9342
4.0298
5.0049
5.3006
4.3612
4.5277
5.0461
4.2505
4.6301
5.0822
4.4074
4.252
4.8179
4.3818
4.4926
5.5022
4.7421
4.5056
5.1458
4.5046
4.4514
5.516
4.4277
5.0003
5.1544
4.6191
5.6747
6.2674
4.288
4.4203
5.1677
4.6166
4.9938
5.4865
4.3437
4.8381
5.4529
4.676
4.6856
5.4289
4.2425
5.3667
4.912
4.3732
4.872
5.2729
4.2901
5.6086
4.8785
4.4231
4.6554
5.3991
4.4375
5.2449
4.8052
4.649
5.6243
5.6394
4.4197
4.9695
5.3619
4.2185
4.7819
5.1821
4.2686
4.8957
4.9234
4.312
4.5372
5.1114
4.3329
4.7022
5.8271
4.7788
5.1929
6.1853
4.3806
5.3824
4.5806
4.664
5.728
5.0234
4.7502
5.3511
5.1111
4.2074
4.7791
4.7997
6.8151
4.6929
4.7723
4.3461
5.096
5.6326
4.2766
4.9529
5.0576
4.532
4.4545
5.3945
4.4043
5.2892
5.8754
4.4246
4.5677
5.5674
4.4138
4.5117
5.4262
4.4136
4.5323
4.5375
4.3298
4.6434
5.1068
4.5477
4.524
5.1828
4.4523
4.6504
33.584
4.2631
4.3763
5.4194
5.296
4.8772
5.2668
4.4631
4.6625
5.0867
4.3597
4.4541
4.8702
4.5655
4.5979
5.1538
4.4107
4.3671
4.3828
4.7819
5.3557
5.0606
10.72
5.1243
5.4957
4.8615
4.5317
5.2733
4.4274
4.7249
5.392
4.4215
5.0754
4.8677
4.3301
4.6609
4.6821
4.4886
4.5717
4.8065
4.4406
4.3508
5.2471
4.5332
4.5508
5.4809
4.7286
4.7963
4.9096
5.2643
4.7732
5.356
4.2791
4.344
5.1957
4.5573
4.4584
4.5723
4.7431
4.476
5.0523
5.0892
4.9702
4.9268
4.9871
4.5588
5.0185
5.0455
4.7098
5.3003
4.5089
4.9471
5.3655
4.7578
4.8462
4.9545
4.2024
4.3846
5.3046
5.0286
4.3816
5.3074
4.9172
4.812
5.3911
4.3883
4.8834
4.7948
4.3415
4.7855
5.4981
4.6468
4.5572
4.7
4.6557
4.5714
4.6794
5.0653
4.4375
5.2895
5.8784
4.4295
6.1117
4.4209
4.5652
4.932
4.8465
5.3526
5.184
4.6988
4.7428
4.7966
4.5957
4.8852
5.1646
4.9218
4.8508
5.0582
4.4538
4.6664
5.4763
4.0505
4.792
4.9982
4.6225
4.7018
5.6683
4.3689
4.7517
5.4333
4.2846
4.5157
5.1711
5.855
4.747
4.8945
4.7462
5.0163
4.8674
5.3437
4.7332
4.8658
4.5803
4.7117
5.232
4.5176
4.5252
4.7606
4.5009
4.4443
5.0868
4.7301
4.7704
5.284
4.6834
4.8455
5.5692
4.7597
4.7994
5.7267
4.5019
4.555
4.8495
4.3784
4.6104
7.445
4.4157
4.8104
7.6868
4.6536
4.4822
4.7852
4.6665
4.9049
5.6686
4.3769
4.9271
5.3375
4.3299
4.9037
5.384
4.4855
4.7495
5.1714
4.4409
4.5175
5.3354
4.8508
4.8194
5.1354
4.4071
5.0717
5.3006
4.5277
4.2338
5.2267
5.1064
4.7326
5.2172
4.4926
4.8003
4.9194
4.5221
4.9889
5.1246
4.7043
4.8037
4.8345
4.7385
4.3667
4.8369
4.4699
4.8218
5.7477
4.5606
4.6197
5.4003
5.3314
4.8471
5.5621
4.5972
4.4326
4.8286
4.5027
4.8763
5.1176
4.5218
4.7566
5.5686
4.4462
4.9138
4.9141
4.6532
4.7578
5.4311
5.6751
4.6738
4.9613
4.5215
4.7877
5.6307
4.6975
4.7046
5.4966
4.7652
4.4206
5.2812
4.8314
4.5206
5.6788
4.6261
4.7471
5.5206
4.8889
4.7382
5.4351
4.9228
4.7649
4.9754
4.8609
4.6902
5.1243
5.5575
4.9739
5.6827
4.856
4.3991
5.2212
4.6702
4.8086
5.1486
4.2606
4.9464
5.3055
4.4523
4.252
4.7699
4.4354
4.4102
4.732
4.8923
4.6264
5.8246
4.592
4.9643
5.4486
5.0933
4.8418
5.1108
4.5117
4.3059
5.5262
4.6012
4.2412
4.8942
5.0341
4.5834
5.3369
5.0191
4.7221
5.2387
4.488
4.6917
5.3151
4.579
4.724
5.8108
4.6557
4.6806
4.8797
4.744
4.3172
4.3151
4.5059
4.9
4.324
4.6157
5.2173
4.3825
4.5456
4.2098
4.7495
4.66
4.3615
4.6563
4.4652
4.6975
4.9532
4.2289
4.3763
4.8929
4.3969
4.8283
4.9431
4.5003
4.6569
5.0631
4.756
4.6714
5.5179
4.2987
4.824
4.7314
4.4698
4.9181
5.616
4.9892
4.3803
5.16
4.7772
4.5363
4.8797
4.56
5.6615
5.1117
4.4289
4.8243
4.7271
4.608
4.4748
5.5185
4.6726
4.7431
5.4741
4.5536
4.5744
5.5929
4.4957
4.576
4.9184
4.5216
4.712
4.9086
4.9492
4.8868
5.6093
4.612
4.7231
5.3979
4.3299
4.7431
4.8135
4.2468
4.8538
4.7843
4.5754
4.5812
5.2175
5.2477
4.7434
4.8178
6.5151
4.6089
5.5929
4.6464
4.7477
4.6292
4.6902
5.0658
6.0419
4.4591
4.7763
4.984
4.4837
4.7742
5.58
4.8
4.476
4.9357
4.7341
4.604
5.5052
4.4917
4.644
4.7597
4.4034
5.288
4.8252
4.3379
4.6769
5.7418
4.8868
4.7566
5.4129
4.6535
4.4468
4.8261
4.6363
4.7597
7.096
4.6643
4.6256
4.872
4.6788
4.8806
5.3883
4.5406
4.7624
4.7809
4.9378
4.9985
4.9
4.6378
4.6548
4.756
4.6274
4.8394
5.4258
4.184
4.732
4.7231
5.2095
4.6665
5.1046
4.6739
5.332
4.9708
4.4336
4.6006
4.7643
4.9763
4.8622
5.0093
4.1772
5.3292
4.8683
4.6751
4.8215
5.607
4.2498
4.6163
4.6837
4.5649
4.8745
5.4384
4.372
4.9301
5.0474
4.7129
5.4603
5.6345
5.688
4.9526
5.7695
4.6092
4.9781
5.2114
4.3154
5.8379
5.2019
4.2283
4.4424
5.1452
4.2923
5.1757
5.1237
4.4741
4.967
4.656
4.216
5.0923
4.8452
4.6625
4.5224
6.0308
4.2778
5.0643
5.0858
4.6252
4.4849
5.4618
4.2714
4.8816
5.5569
4.1972
5.1729
4.9323
4.3806
4.8431
4.6092
4.2794
4.4446
5.2102
4.3517
4.6806
5.08
4.7754
4.7053
5.4357
4.4627
4.3391
5.0181
4.3437
4.6695
6.328
3.9376
5.0197
4.8213
4.4544
5.6788
5.4335
4.2569
6.6997
5.0853
4.6268
4.8286
5.4453
4.3089
4.4237
5.1246
4.7237
4.3443
5.8957
4.2394
5.9486
5.4464
4.688
5.0538
5.284
4.4043
4.9314
4.8686
4.6074
4.564
4.8357
4.2621
4.6837
5.0443
5.5929
5.0068
5.9003
4.3369
5.3212
5.2994
4.2212
5.6492
5.4218
4.4133
5.1892
5.5689
4.46
5.2628
5.2932
4.0735
5.4064
5.2858
4.3535
5.3354
5.1145
4.1849
5.2151
6.8784
4.3803
5.7545
5.5339
4.4661
4.5914
5.3301
4.6301
5.0455
4.936
4.1581
4.4031
5.0455
4.6538
4.3674
5.012
4.2012
4.5397
4.6745
4.6815
4.6286
5.5677
4.1302
4.4345
4.9123
4.4711
4.7283
5.2357
4.3139
4.4797
5.5089
4.4061
4.4957
5.4723
4.3283
4.5664
5.6782
4.3336
4.9467
5.188
4.9649
4.4769
5.0468
4.9883
5.4775
5.0016
4.2449
4.832
4.6714
4.6348
5.0132
4.9778
4.2862
5.8382
4.9102
4.3711
4.4434
4.652
4.209
4.7822
4.6748
4.1566
4.4176
4.5988
4.2705
4.7163
4.7951
4.6621
4.728
4.605
4.2551
4.7157
5.208
4.8034
4.5409
4.8523
4.255
4.6973
6.1101
4.5502
4.6366
5.04
4.4031
4.7456
4.9329
4.6766
4.896
4.8471
4.464
4.5068
4.8982
4.3862
4.7363
5.8812
4.3369
4.4194
5.3667
4.2837
4.368
5.0249
4.5243
4.3889
5.4858
4.6773
4.6126
4.7846
4.2788
4.7794
4.6366
4.5086
4.2797
4.3311
4.8489
5.3588
4.4855
4.756
4.8203
4.9185
4.2296
4.8504
4.7948
4.5314
4.7357
5.0323
4.2298
5.0834
4.8511
4.3643
4.2726
4.3535
4.2431
4.6902
4.735
4.2865
4.3818
4.6173
4.4923
4.6341
4.4132
4.4763
5.2264
4.5098
4.4117
4.6338
4.8846
4.289
4.8003
4.3049
4.2157
4.6581
4.7019
4.556
4.3932
4.5258
4.1794
4.6594
5.0754
4.3624
4.6037
4.6902
4.2732
4.74
4.4908
4.3129
4.1514
5.6031
4.3649
4.8548
4.7963
4.4154
4.5015
4.7425
4.3403
4.7246
5.0452
4.4643
4.7474
4.5963
4.3074
4.6523
4.3877
4.1926
4.9714
4.7867
4.3021
4.6932
4.5926
4.3966
4.4994
4.948
4.276
4.583
4.7929
4.2627
4.4649
4.7342
4.3465
4.748
5.1511
4.604
4.5973
4.6268
4.0914
5.2219
5.4406
4.5222
4.5649
4.4908
4.8957
5.4615
4.5458
4.4351
5.1391
4.6533
4.3409
5.4668
4.6194
4.5963
4.9569
4.6465
5.32
5.3227
4.4016
4.8271
6.8286
4.4683
4.5181
4.9363
4.5612
4.7631
4.3911
4.6391
4.3031
4.9003
4.5102
4.727
4.8643
4.8994
4.7341
5.8871
4.7431
8.0625
5.4467
4.4163
4.7141
5.1216
4.4486
4.5274
5.1781
4.5058
4.8332
4.8372
4.6591
4.6387
5.7381
4.8317
4.6824
4.9785
4.5428
4.8169
4.6911
5.1963
4.6997
4.6914
4.6296
4.7452
4.9809
4.4582
4.7969
4.6375
4.6822
4.8185
5.5517
4.612
4.8834
5.1265
4.6572
4.8179
5.4024
5.5375
4.5618
4.5369
4.4726
4.7668
5.4384
4.7874
4.5748
4.9938
4.472
4.6261
6.552
4.584
4.42
4.7148
4.685
4.6966
4.8763
4.3218
4.5849
5.1493
4.7578
4.8058
5.32
4.749
4.8086
5.3114
4.5714
4.5754
4.8966
4.5006
4.8421
4.7954
4.9557
4.7828
6.5539
4.5637
4.8511
4.9099
5.4102
5.828
5.1461
4.2323
4.9154
4.5372
4.6948
4.8148
5.164
4.5766
4.9495
4.7132
4.5264
5.0283
5.9486
4.4403
4.7572
4.8172
4.6772
4.7157
5.2867
5.0603
4.7489
5.26
4.4037
4.5277
5.6329
4.4606
4.7683
5.132
5.7923
4.6883
5.0665
4.2646
4.7372
5.0323
4.6465
4.8455
5.6511
4.4677
4.7394
4.9597
4.3292
4.9409
4.7523
5.152
4.2794
5.7569
4.7656
4.9545
4.8708
4.4538
6.3344
5.2323
4.6412
4.6496
4.8468
4.9086
4.7775
5.2739
4.4055
4.864
6.0163
4.8265
4.4969
5.0462
4.8563
4.7061
5.7117
4.676
4.7883
4.8551
4.7997
4.8049
6.0862
4.6283
4.2981
5.0523
4.4815
4.4908
4.98
4.4326
4.8264
5.52
4.676
4.8295
4.8197
4.9027
4.6252
5.7652
4.6425
4.568
5.0569
4.7197
4.6803
5.0892
4.7566
4.2972
5.3775
4.6114
4.5111
4.724
4.5379
4.7418
5.5861
4.6754
4.3471
7.0717
4.7628
4.6698
5.1825
4.5206
4.5446
4.7548
