361240 1
411929 1
355856 1
362456 1
361056 1
363320 1
355480 1
355968 1
440880 1
367112 1
613703 1
364832 1
406488 1
391448 1
396192 1
480792 1
366752 1
359040 1
367184 1
356808 1
359968 1
413240 1
358976 1
422168 1
435400 1
360464 1
360560 2
388584 1
395696 1
519480 1
444728 1
404824 1
378712 1
399656 1
359344 1
538664 1
365624 1
367640 1
355120 11
360376 1
391192 1
355768 2
389136 1
381008 1
396840 1
394256 1
364000 1
399768 1
367200 1
497576 1
355168 3
464496 1
421968 1
443992 1
387968 1
357208 2
355536 1
360152 2
476904 1
394952 1
387880 9
359840 1
394232 1
356376 1
485040 1
359520 2
358432 2
365008 1
395944 1
359712 1
401456 1
359440 1
364144 1
388544 1
360976 3
369616 1
362776 1
496400 1
360928 1
369024 1
361464 1
455712 1
360408 1
407688 1
363432 1
359400 1
553632 1
358608 1
364864 1
360848 1
359920 1
358016 1
397064 1
401976 1
357936 1
361128 1
401712 1
361880 1
522581 1
366920 1
414592 1
399744 1
360288 1
357000 1
355864 2
405464 1
355560 1
399800 1
413224 1
362224 1
360456 1
401240 1
360264 1
363856 1
381704 1
375504 1
364784 1
413336 1
395936 1
414904 1
357680 1
388456 1
441136 1
388128 1
358800 1
395664 1
373816 1
358680 1
405800 1
362864 1
399824 1
367976 1
358128 1
364624 1
431720 1
370776 1
484344 1
409264 1
380464 1
387872 30
512456 1
403504 1
387848 3
403512 1
357584 1
356104 3
526337 1
356160 2
359384 2
392688 1
403288 1
357192 1
388160 1
360080 1
469032 1
400752 1
387912 3
391496 1
502848 1
462495 1
355080 126
355072 190
357552 2
362952 1
393000 1
363048 1
355344 1
355904 1
359904 1
367632 1
355816 2
393296 1
382120 1
356256 4
388000 1
425600 1
355712 1
397000 1
486080 1
359128 2
355232 2
413456 1
391896 1
404464 1
434904 1
482600 1
392488 1
378576 1
367096 1
404264 1
357392 1
355216 5
355280 1
355064 35
357016 1
362440 1
374776 1
364080 1
362736 1
395720 1
388848 1
413952 1
387960 1
367880 1
448145 1
366576 1
359080 1
373288 1
367648 1
388096 1
358080 1
390280 1
367696 1
360216 1
489041 1
370200 1
480952 1
355472 1
443352 1
418328 1
401120 1
510520 1
357688 1
417088 1
356136 1
390936 1
361752 1
355824 2
361224 1
393648 1
357920 1
415536 1
388072 1
355016 1
358472 1
358120 1
367064 1
355960 2
360808 1
399736 1
396896 1
367712 1
355568 1
372192 1
388040 1
392576 1
387888 6
412048 1
497071 1
359136 1
359248 1
430824 1
355256 1
372656 1
393016 1
359760 2
394736 1
357880 2
413584 1
355368 1
412568 1
357784 1
358528 1
367552 1
368000 1
391248 1
390968 1
394648 1
362200 1
388344 1
402520 1
363392 1
365200 1
541471 1
408424 1
358992 1
387976 1
373104 1
396280 1
355048 2
392520 1
406456 1
355224 6
406672 1
1226948 1
391656 1
481440 1
370480 1
474904 1
356016 2
455857 1
369920 1
361472 1
357600 1
388352 2
443336 1
355024 1
355752 1
395864 1
388016 2
402648 1
355624 1
416800 2
356056 1
419520 1
361008 2
357792 1
355840 2
608497 1
526855 1
412400 1
394080 1
366840 1
356352 1
476840 1
359896 1
395088 1
404136 1
377832 1
355512 4
355088 1
366776 1
360008 1
415920 1
396952 1
359392 1
363904 1
404176 1
442392 1
361424 1
449944 1
390080 1
357904 1
439824 1
373592 1
486520 1
388560 1
404048 1
355176 5
355664 3
376480 1
361496 1
355320 3
357352 1
355616 1
417648 1
360528 1
427672 1
399416 1
360584 1
522040 1
414431 1
448904 1
471208 1
579712 1
387896 2
355760 2
361824 1
417248 1
364448 1
367784 2
359240 1
472760 1
390616 1
388168 1
506632 1
421224 1
404784 1
355424 4
362168 1
374512 2
356008 1
370352 1
363312 1
359368 1
400544 1
387864 40
355720 1
366424 1
357272 3
422592 1
359280 1
355328 1
395880 1
442272 1
401024 1
402424 1
360768 2
355272 2
403216 1
355056 2
388600 1
355952 1
387904 1
412960 1
355160 1
371864 1
388200 1
361376 1
370504 1
399424 1
393168 1
358536 1
392104 1
464408 1
399832 1
355040 3
359600 1
405024 1
366080 1
413928 1
419128 1
369688 1
400840 1
392824 1
413440 1
355912 4
363240 1
404512 1
438064 1
417208 1
361760 1
357288 1
398576 1
401352 1
366560 1
365840 1
362696 1
355608 1
359616 1
436144 1
413640 1
370576 1
359680 1
362080 1
408160 1
440904 1
363464 1
403200 1
355520 5
503504 1
362624 1
392336 1
468088 1
355128 3
362040 1
373128 1
361160 1
367992 1
396048 1
427248 1
387944 1
367152 1
471512 1
356208 1
445992 1
360912 1
356048 1
362256 1
356112 1
356120 1
355416 3
478560 1
410112 1
394208 1
366592 1
373664 1
387824 1
524320 1
387840 2
406752 1
418848 1
355672 1
368576 1
355032 1
355936 1
356952 1
369784 1
