3769091 1
3668832 1
3710984 1
3955760 1
3672544 1
3710840 1
3667000 1
3801656 1
3641952 1
3689224 1
3638784 1
3720584 1
3744498 1
3634168 1
3691584 1
3950864 1
3636200 1
3648320 1
4381320 1
3692640 2
3746184 1
3675288 1
3690496 1
3761728 1
3677488 1
3644800 1
3778881 1
3762068 1
3688696 1
3864615 1
4047168 1
3680784 1
3664856 1
3676744 1
3706705 1
3807240 1
4117484 1
3687044 1
3672112 1
3777423 1
3668368 1
3642584 1
3709792 1
7574032 1
3665712 1
3639016 1
3701312 1
3634216 1
3874528 1
3858584 1
3679536 1
3645040 1
3685784 1
3680583 1
3762624 1
3636656 1
3685339 1
3636464 1
3672240 1
3640432 1
3849440 1
3638672 1
3635840 1
3676640 1
3672760 1
6147376 1
3695072 1
3635600 1
3682280 1
3721120 1
3757488 1
3698968 1
5409111 1
3682688 1
3664168 1
3639624 1
3663768 1
3639264 1
4881447 1
3634032 1
3678424 1
3699464 1
3692632 1
3788696 1
3757879 1
3697344 1
4025896 1
3776536 1
3904561 1
3631520 1
3949411 1
3687240 1
3678896 1
3639752 1
3633912 1
3635264 1
3631608 1
3752064 1
3762352 1
3679728 1
3723072 1
3664456 1
3731192 1
3801040 1
3641472 1
3801024 1
3694360 1
3770400 1
3648632 1
3672288 1
6919040 1
3638344 1
3888976 1
3668024 1
3696912 1
3675048 1
3788412 1
3852808 1
3631496 1
3660224 1
3690376 1
3708408 1
3634008 1
3672528 1
3696416 1
3805624 1
3639384 1
3678416 1
4010224 1
3686736 1
3856008 1
3642568 1
3672072 1
3775400 1
3850184 1
3794592 1
3727424 1
3696952 1
3770175 1
3646904 1
3765403 1
3695929 1
3637312 1
3675649 1
4070320 1
3698600 1
3867016 1
3802680 1
3912544 1
3645248 1
3683904 1
3800416 1
3839856 1
3689464 1
3641360 1
3880712 1
3701184 1
3708296 1
3682720 1
3713040 1
3773712 1
3733196 1
3740681 1
3636488 1
3634400 1
3744568 1
3711072 1
3654272 1
3665952 1
3707120 1
3862548 1
3672792 1
3634840 1
3667760 1
3651728 1
3800400 1
3701040 1
3800976 1
3706072 1
3701880 1
3633640 1
3788288 1
3688926 1
4198104 1
5867696 1
3659504 1
3637592 1
3633288 1
3631576 1
3700344 1
3650648 1
3779936 1
3765552 1
3761208 1
3740571 1
3692600 1
3793087 1
3848469 1
3776344 1
3738032 1
3637136 1
3635168 1
3674248 1
3729456 1
3842560 1
3673152 1
3839056 1
3687504 1
3712129 1
4044712 1
3643104 1
3682608 1
3825816 1
3638856 1
3836056 1
3675680 1
3697481 1
3636096 1
3637392 1
3657616 1
3883924 1
3744144 1
3724612 1
3687232 1
3754557 1
3730467 1
3691951 1
3686168 1
3834360 1
3718568 1
3671616 1
3633784 1
3631432 1
3638464 1
3666720 1
3690600 1
4170080 1
3635872 1
3635616 1
3637184 1
3634528 1
8412912 1
3639096 1
3781904 1
3692968 1
3633016 1
3685112 1
3645016 1
3710102 1
3728345 1
3635088 1
3793552 1
3700104 1
3757904 1
3701616 1
3671088 1
3716280 1
3801015 1
3791200 1
3805240 1
3696104 1
3997754 1
3719152 1
3683344 1
3633568 1
3867272 1
3631936 2
3635608 1
3707719 1
3642048 1
3675240 1
3810584 1
3694080 1
4283120 1
3803352 1
3669624 1
3672944 1
3683256 1
3716592 1
3714904 1
3641144 1
3992032 1
3651840 1
3666368 1
3677192 1
3736619 1
3715440 1
3667024 1
3633672 1
3772280 1
3765888 1
3781000 1
3671040 1
4523440 1
3669032 1
3664552 1
3632640 1
3672984 1
3689128 1
3641296 1
4749040 1
3693311 1
3634560 1
3783854 1
3991192 1
3745192 1
3680808 1
3654264 1
3668072 1
3684544 1
3834704 1
3678112 1
3671232 1
3849104 1
3773072 1
3703524 1
3956592 1
3642256 1
3668288 1
3710408 1
3646176 1
3635016 2
3634328 1
3668240 1
3728705 1
3669072 1
3693920 1
3688264 1
4103704 1
3710528 1
3660358 1
3645288 1
3680472 1
3831384 1
3765984 1
3744744 1
3644024 1
3702112 1
3872904 1
3710216 1
3738297 1
3646724 1
3672296 1
5110176 1
3806183 1
3700808 1
3708440 1
3708704 1
3646408 1
3780552 1
3884280 1
3648416 1
3633736 1
4671560 1
3636672 1
3671056 1
3709319 1
3677776 1
3734880 1
3677840 1
3699976 1
4393480 1
3649528 1
3916136 1
3671065 1
3688152 1
3725184 1
3686920 1
4070632 1
3937672 1
3784680 1
3981040 1
3669096 1
3860000 1
3831744 1
3652088 1
3669224 1
3689208 1
3708880 1
3842352 1
3740136 1
3703464 1
3785120 1
3667112 1
3672888 1
3636800 1
3861360 1
3636888 1
3631672 1
3698936 1
3672920 1
3800953 1
3757971 1
3779646 1
3676825 1
3723221 1
3665968 1
3647136 1
3800992 1
3699208 1
3793864 1
3696640 1
3780312 1
3638312 1
3894656 1
3667424 1
3752536 1
3802144 1
3636776 1
3696368 1
6911112 1
3925809 1
3640400 1
3631584 1
3676472 1
3682488 1
3633272 1
3998576 1
3643112 1
3667208 1
3851367 1
3710623 1
3635344 1
3631984 1
3700448 1
3646840 1
3822200 1
4033248 1
3691872 1
3683192 1
3761216 1
3727144 1
3931552 1
3838160 1
3643296 1
3652784 1
3750248 1
3743144 1
3770672 1
3675264 1
3664768 1
3934360 1
3636968 1
3705944 1
3631616 1
3671592 2
3737896 1
3663824 1
3670936 1
3791928 1
3636600 1
3637544 1
3703792 1
3675080 1
3761808 1
3702672 1
3872016 1
3775488 1
3695152 1
3704752 1
3874656 1
3640008 1
3803808 1
5867368 1
3640720 1
3664632 1
3631536 1
3702648 1
3704192 1
3712952 1
3631448 3
3694197 1
3688520 1
3719769 1
3641824 1
3675904 1
3672880 1
3683584 1
3876599 1
3710886 1
3674336 1
3720224 1
3734648 1
3667792 1
3645336 1
3638360 1
3866568 1
3738216 1
3845768 1
3647152 1
3634192 1
3654496 1
3894120 1
3668720 1
3811136 1
3837304 1
3742383 1
4967448 1
4561824 1
3728800 1
4030712 1
3706200 1
3674088 1
3671472 1
3636400 1
3642488 1
3697552 1
3659376 1
3700680 1
3639496 2
3634456 1
3696152 1
3750544 1
3894751 1
3666872 1
3648640 1
3713504 1
3686944 1
3635512 1
3638680 1
3853288 1
3702912 1
3669816 1
3770842 1
3756368 1
4134337 1
4051848 1
3712440 1
3685352 1
3650256 1
3641192 1
3639176 1
3642880 1
3981496 1
3807648 1
3715536 1
6980912 1
3793680 1
3747136 1
3696632 1
3722392 1
3668712 1
3668384 1
3686240 1
3684208 1
3682800 1
3645904 1
3679592 1
3666792 1
3793356 1
3714080 1
4018904 1
3639256 2
3806648 1
3670776 1
3658656 1
3634760 1
3641056 1
3690872 1
3637872 1
3877144 1
3705696 1
3877504 1
4071288 1
3689904 1
3809296 1
3697488 1
4133183 1
3822472 1
3695656 1
3677952 1
3672080 2
3706024 1
3979784 1
3716432 1
3800608 1
4021729 1
3637904 1
3747760 1
3654992 1
3684848 1
3782680 1
3653369 1
3687568 1
3645960 2
3749937 1
3802728 1
3681294 1
3705368 1
3640800 1
3709512 1
3633968 1
3706992 1
3813800 1
3708432 1
3636144 1
3733377 1
3685944 1
4002647 1
3641584 1
3708693 1
4170953 1
3674208 1
3901924 1
3636456 1
3703452 1
3667384 1
3687632 1
3743415 1
3658660 1
3631648 1
3687112 1
3679648 1
3793112 1
3637344 1
3657234 1
3967320 1
3708100 1
3640480 1
3674864 1
3636560 1
3659080 1
3632896 1
3678744 1
3631680 1
3697840 1
3689568 1
3636384 1
3691893 1
3755384 1
3748816 1
3713816 1
11979377 1
3844208 1
3669904 1
3691597 1
3681184 1
3811184 1
3710800 1
3651152 1
3705200 1
3658640 1
3660848 1
3851880 1
3631456 1
3875784 1
3632408 1
3863648 1
3759440 1
3675128 1
3656572 1
3638928 1
3685476 1
3634352 1
3696336 1
3672704 1
3802848 1
3760064 1
3666296 1
3714488 1
3688528 1
3653000 1
3709224 1
3681448 1
3667968 1
3634592 1
3909144 1
3760840 1
3635648 1
3636680 1
3656816 1
3991592 1
3673976 1
3634248 1
3687208 1
3677287 1
3635800 1
3804736 1
3777428 1
3717029 1
3779072 1
3711984 1
6795311 1
3706800 1
3635720 2
4015923 1
3632008 1
3704944 1
3718028 1
3800504 1
3779352 1
3673768 1
3773064 1
3639288 1
3869104 1
3639688 1
3672088 1
3673688 1
3720312 1
3707297 1
3706696 1
3669880 1
3642808 1
3720183 1
3642216 1
3943008 1
3632040 1
3638576 1
3715883 1
3831624 1
3720797 1
4084066 1
3678488 1
3636728 1
3714400 1
3767800 1
3697291 1
3640624 1
3758256 1
3692056 1
3644832 1
6373160 1
3639848 1
3735304 1
3805144 1
3695916 1
3670416 1
3666912 1
3846672 1
3690352 1
3843736 1
3683968 1
3700416 1
3974967 1
3850032 1
3804280 1
3651312 1
3717896 1
3780744 1
3633696 1
3641520 1
3672976 1
3650120 1
3713553 1
3645824 1
3633952 1
3694672 1
3797698 1
3730015 1
6570024 1
3675928 1
3764721 1
3638008 1
3667576 1
3671784 1
4403432 1
3790032 1
3714712 1
3783968 1
3714528 1
3766252 1
3636072 1
4408608 1
3812184 1
3678328 1
3882544 1
4659952 1
3673696 1
3666928 1
3720188 1
3767936 1
3642376 1
3892416 1
4555224 1
3810488 1
4318485 1
3751120 1
3707864 1
3718616 1
3669200 1
3870476 1
3661096 1
3678856 1
3965464 1
3643016 1
3639928 1
3826712 1
3701296 1
3641608 1
3779638 1
3643424 1
3702048 1
3918080 1
6039240 1
3637336 1
3893368 1
3756392 1
3762536 1
3930596 1
3673760 1
3677360 1
3813848 1
3773328 1
3752944 1
3639336 1
3672784 1
3647776 1
3648200 1
3702024 1
3782552 1
4151967 1
3694192 1
3770456 1
4239424 1
3668616 1
3779120 1
3710888 1
3726184 1
3673368 1
3856928 1
4018336 1
3636504 2
3634800 1
3751408 1
3813360 1
3722408 1
3637568 2
3661224 1
3718464 1
3643192 1
3678816 1
3631392 1
3961361 1
3694600 1
3700208 1
3634808 1
3638488 1
3727197 1
3822368 1
3691712 1
3632576 1
3673968 1
3730208 1
3640120 1
3739928 1
3673856 1
3734688 1
3668840 1
3656912 1
3682768 1
3868315 1
3634632 2
3637400 1
3698744 1
3709492 1
3706768 1
3859520 1
3673384 1
3746112 1
3698875 1
3767944 1
3750296 1
3637376 1
3693239 1
3834352 1
4618056 1
4854560 1
4131696 1
3702536 1
3718288 1
3748823 1
3705088 1
3636000 1
3707408 1
3676784 1
3635640 1
3819120 1
3640592 1
3714752 1
3684560 1
3639896 1
3833969 1
3677992 1
3851744 1
3632096 1
3638232 1
3702752 1
3670344 1
3696440 1
3885664 1
3744609 1
3769466 1
4048584 1
3797517 1
3793008 1
4032528 1
3639032 1
3744211 1
3709887 1
3644640 1
3692880 1
3745093 1
3858664 1
3639480 1
3693128 1
3634744 1
3671816 1
3634160 1
8203503 1
3641872 1
3636768 1
3855216 1
3697281 1
3693904 1
3639800 1
3648128 1
3784104 1
3710856 1
3695104 1
3754736 1
3726240 1
3672584 1
3707856 1
3637200 1
3694768 1
3648936 1
3873688 1
3642296 1
5934472 1
3740072 1
3667072 1
3641376 1
3721472 1
3775456 1
3675664 1
3791665 1
3635376 1
3707664 1
3641256 2
3689621 1
3693456 1
3801487 1
3733929 1
3718224 1
3753152 1
3631504 2
3825880 1
3918904 1
3689360 1
3687808 1
3647032 1
3666216 1
3794392 1
3825511 1
4218384 1
3641840 1
3703704 1
3722880 1
3735669 1
3801408 1
3700248 1
3721056 1
3797992 1
3666704 1
3862656 1
3683947 1
3667280 1
3841872 1
3793768 1
3690592 1
3846336 1
3689856 1
3750312 1
3647904 2
3637728 1
3790533 1
3737216 1
4136280 1
3668008 1
3639376 1
10853052 1
3814616 1
3730232 1
