22608 5
22848 2
55640 1
23968 1
22256 7
55744 2
55096 3
55128 7
22392 2
55120 72
62936 1
55136 16
22456 1
22552 4
55960 2
22952 1
23728 1
55736 1
55088 1
55064 2
22320 167
22544 3
23624 1
55608 1
23024 1
22472 1
59440 1
22424 2
55768 2
22600 3
22616 3
23104 1
55584 1
120280 1
22656 1
55680 1
55224 2
22712 2
22584 5
22688 1
22520 2
22528 1
23016 2
55712 1
55144 3
55112 170
23792 1
55808 1
55056 8
22592 3
55704 1
22480 4
56056 1
22720 1
55048 22
22576 4
55528 1
55832 2
55760 2
22872 1
55040 33
55720 3
57064 1
55648 4
55104 16
26168 1
22312 2
23520 2
59504 1
22648 1
55776 1
22448 1
22248 63
55256 1
22664 2
55688 1
23616 1
22536 3
57192 1
55472 1
55752 3
56360 1
22416 1
22632 1
55184 2
55952 1
22672 3
22264 2
22240 197
58936 1
26136 1
22640 1
22400 1
27824 1
22704 1
55664 1
56048 1
55280 3
22344 14
55080 1
55192 3
22824 1
55216 1
61792 1
55344 1
59048 1
59472 1
55784 2
55656 1
55624 1
55032 5
22680 1
22352 2
22512 1
22336 14
55696 2
56232 2
60968 1
59552 1
22560 4
55856 1
23072 1
22968 1
55616 1
22864 1
55288 2
23496 1
33240 1
56768 1
26752 1
25960 1
22440 1
55800 1
56064 1
