15.1674
7.3104
7.2443
6.5532
7.5471
8.3179
7.0744
8.6012
7.3591
7.3631
8.0227
7.452
7.3859
21.6357
7.3911
7.3655
7.9086
7.6169
6.8618
9.0308
7.8172
7.4384
7.9837
8.3788
6.6006
7.9394
7.7889
7.4523
8.5265
7.8526
7.3908
8.4034
7.4951
7.7344
8.1271
7.864
7.1037
8.0733
7.2446
6.88
9.0517
7.5696
7.4812
7.4197
7.8969
7.0508
8.9563
6.9883
7.9806
7.7129
7.2886
7.5464
9.0098
7.0985
6.9655
8.7791
7.4176
7.0619
7.6132
7.2089
6.7449
8.1628
7.9298
7.2988
8.0532
7.7114
6.9034
7.7858
7.7136
6.8431
7.7268
7.3172
6.7021
13.8886
7.5861
7.8459
8.4191
7.1951
7.0332
7.8467
7.5652
7.1289
7.792
7.584
7.0092
7.7333
7.3736
6.9723
8.2947
7.2751
6.7569
8.5904
7.0092
7.4114
9.0917
8.584
7.3941
8.0046
7.5209
7.1366
9.3963
7.7006
7.6603
7.7815
7.4179
7.1009
7.3446
7.1
7.0899
8.8126
7.692
6.3997
7.4797
8.3305
7.0806
7.8243
8.5779
7.3791
7.8659
7.3289
7.2431
7.8108
6.6972
7.427
8.9603
7.1769
7.8104
8.6698
7.3138
6.9323
9.1188
7.5492
7.5944
9.0843
8.2443
7.7976
9.8059
8.0606
7.3003
7.9588
7.148
7.5385
8.8649
7.4443
7.0978
7.1671
7.4665
8.7434
7.792
7.2418
6.9901
8.4708
7.2461
7.124
8.624
7.6216
7.3059
8.3923
8.6206
6.9092
9.4615
8.1104
7.293
7.5899
7.7397
7.1895
7.8686
7.0843
7.1963
8.8661
7.7495
7.3585
8.7366
8.6052
7.1668
9.1231
7.2138
6.8557
8.3991
7.4464
7.1929
9.4139
7.7301
7.4015
8.712
8.672
6.976
8.6206
7.7403
7.4544
9.1154
7.3517
6.8107
7.7948
7.6117
7.6172
8.1025
7.3295
6.9289
8.2406
7.4446
6.8591
8.8382
7.3314
6.7705
8.3619
7.6738
6.6132
8.0806
7.784
7.4019
8.9575
7.8255
7.1846
8.0286
7.2606
7.0422
7.8058
7.5019
7.4391
7.1046
7.9215
6.8206
8.4221
7.0652
6.7372
8.8086
7.3061
6.7957
8.8246
7.8766
6.9852
7.4945
7.1588
7.9366
8.1806
7.4258
6.7742
7.5982
7.1419
7.6141
7.4326
7.6375
7.6495
9.017
8.74
7.3102
9.9766
7.5548
6.8729
7.7486
7.3969
7.0203
7.6317
7.8043
7.7059
8.4972
6.8501
7.3662
8.0544
8.8043
7.684
9.1354
6.7637
7.5427
7.4
7.7723
7.648
9.332
7.1634
7.8222
9.4452
7.3883
6.9941
7.2323
7.5434
7.5674
9.5262
6.6892
7.3385
8.176
6.9342
7.2055
7.924
7.6384
8.8259
7.4981
7.324
7.6139
8.3926
6.776
9.2234
9.2197
6.2391
7.9499
7.5751
7.2584
7.9954
8.0317
7.152
8.0606
7.8357
8.0197
8.9015
9.0984
6.8809
10.7957
7.9695
7.8779
8.0246
8.4382
7.6557
9.5843
9.8529
6.7846
7.7111
10.9409
7.1265
7.42
7.6726
7.6486
8.1631
7.8077
9.2895
8.2843
7.8077
7.0009
7.2188
7.6603
7.2203
8.3624
8.192
7.4464
7.6816
9.5138
7.7262
8.4024
7.7289
6.936
7.9012
9.1791
7.0535
8.9341
7.7431
7.7677
7.6686
7.9859
7.952
7.3523
7.9508
7.3966
7.3456
8.4781
6.756
8.1366
7.3612
7.4578
7.7216
8.7074
7.9009
7.2739
8.1403
6.8468
7.208
8.5775
6.8545
7.4209
8.0013
7.2123
7.2717
8.6108
6.652
8.7055
8.1083
7.5092
7.5963
8.2261
6.6092
7.552
8.3862
7.3332
9.048
8.0277
7.2781
10.7945
7.9086
7.4382
8.4191
8.8871
7.212
7.1846
7.632
6.8064
7.1375
7.1267
6.7988
7.4529
6.804
7.3794
7.7237
7.7726
6.6763
6.9908
7.5926
7.7634
7.684
9.8988
7.1548
7.1222
9.848
7.7406
7.6978
9.1419
6.4864
6.9289
8.0825
6.9576
7.0093
7.3028
7.0981
7.5424
7.7191
6.7471
7.6298
8.9203
6.864
7.4932
22.1243
6.9046
7.9788
7.5662
6.8305
7.22
7.8818
7.7858
7.6305
9.0403
7.1754
7.6206
8.2825
7.2529
7.0935
10.0212
6.6446
8.2643
7.5037
7.5105
6.7966
7.636
7.1394
7.6455
8.1326
6.7705
7.4634
7.8409
7.5182
7.4474
7.9182
7.565
9.5425
9.1895
6.9136
8.2791
7.4975
7.5877
6.9529
8.624
7.0812
7.748
8.7917
6.9871
8.0754
9.0145
6.6917
7.3646
8.0843
7.7283
7.3865
7.3446
7.0363
6.8957
7.3563
7.332
8.6578
11.068
7.0963
7.2948
7.4579
7.3717
7.344
9.4274
7.4763
7.7341
7.5492
7.2729
9.8052
7.2535
8.3738
9.3194
7.4289
7.5994
6.919
7.0354
7.1775
7.7545
7.2255
6.668
6.9262
7.5896
7.8443
7.8114
7.2376
7.2914
7.0397
7.0511
6.824
7.9003
8.0129
7.2169
7.28
7.3071
6.7227
7.4142
7.4707
6.86
7.1283
8.0003
7.024
8.3074
8.5757
7.1523
7.3249
7.4031
6.9157
6.5957
7.3609
7.4874
7.1132
6.796
6.636
8.1357
8.3169
7.4895
7.1609
7.8059
8.5923
7.9446
7.1942
7.6606
7.8769
8.1157
7.1034
10.4576
7.6932
6.7243
7.3732
9.2462
6.9496
7.6243
10.2748
6.8012
7.5899
6.6357
7.0606
8.2772
7.2071
7.4526
7.3308
8.2301
6.8505
7.7785
8.9095
6.66
7.2982
7.7049
7.5726
7.548
7.9834
7.5819
7.3151
9.7852
7.1945
7.0723
6.9018
7.72
7.736
7.2606
8.4489
7.4514
8.1858
6.9452
8.14
8.5304
6.6763
8.1416
7.3652
7.1425
9.4819
8.2757
6.9609
8.504
7.9403
7.3338
8.2354
7.9427
7.3732
8.304
7.5191
7.0218
8.0938
6.7991
6.788
7.8031
7.6572
7.6418
8.4902
7.0871
7.2932
9.6763
7.2751
7.4695
7.7683
7.4742
7.0307
7.6391
7.5591
7.1123
9.0203
7.7634
7.292
9.0286
7.6421
6.8828
8.4584
7.9212
7.8311
9.4988
7.54
7.624
7.7991
7.8354
7.7954
9.452
8.5736
7.1886
8.1292
7.2135
7.9945
7.9741
7.7458
6.7523
7.3178
7.7415
6.8317
7.9905
8.64
6.9738
8.3145
7.7966
7.3563
6.7055
7.9446
7.6858
8.7585
7.2071
7.4889
8.0671
7.2258
6.7726
7.9821
7.2877
6.8379
8.8024
7.4289
7.1034
8.4056
7.5532
6.9877
7.3898
8.7495
7.1252
8.7068
7.5551
8.0277
7.928
7.8274
7.1342
8.7028
7.3326
7.3043
8.828
7.4584
7.088
9.2283
7.5074
7.1821
8.4216
7.1775
6.6397
7.7249
7.9111
7.2698
7.9846
8.1018
6.9692
7.1572
8.211
6.8901
7.6896
7.2957
7.3929
7.9496
8.0751
6.8784
8.4111
7.4037
6.84
8.6702
7.0382
6.7249
7.9391
8.1185
7.9683
8.9268
6.9397
6.7984
8.3846
8.0837
6.8883
8.9698
7.4283
7.2345
8.7486
7.1569
7.6206
8.339
7.1683
7.1785
8.8507
7.54
7.4043
8.9188
7.7366
6.9745
7.7345
12.8966
7.0311
9.1945
7.5348
6.9068
8.384
7.6277
6.9858
16.6921
6.9643
7.2086
7.5911
8.4612
7.2077
7.5803
8.8252
6.9821
8.3563
7.5831
7.1203
8.2341
7.78
6.8502
8.0348
8.6489
7.8643
7.9978
7.3726
7.2394
8.7822
7.2114
7.7261
7.6606
8.1717
7.3197
9.1655
9.06
7.1929
9.0345
6.7231
7.1136
9.4735
7.3532
7.3843
8.212
7.5182
7.3037
7.1806
7.2184
7.2335
7.4381
7.3219
6.6911
8.3311
7.3452
7.0988
8.4255
7.5234
7.052
7.632
7.3253
6.8169
7.6329
6.9419
7.5071
7.7763
8.1366
6.8723
7.7511
6.8997
7.2984
8.0329
7.22
7.2945
9.257
7.9258
7.1834
7.8987
7.0886
8.4846
8.6262
7.432
7.7477
8.8877
6.9387
8.1856
7.7074
7.32
7.6892
9.4132
6.8981
7.7538
7.7726
7.4031
8.8914
7.7234
7.1714
9.1031
7.7456
7.8677
8.008
8.3028
7.1018
9.3539
7.8843
7.5821
7.1581
9.2231
6.6735
9.0406
8.4338
7.5526
8.0563
8.6914
8.0058
8.7622
7.8751
7.2009
8.4089
9.4194
6.884
9.8551
7.5609
7.1095
7.7979
7.4542
7.1742
8.296
7.5093
7.0317
7.0624
8.56
6.9412
7.1788
7.4717
7.3505
8.0437
11.1465
6.3074
7.8874
7.7655
7.3803
8.2976
8.9062
7.2384
8.1049
7.8003
7.2197
8.576
9.024
7.6086
8.5806
7.9502
7.4532
7.368
7.8449
7.2074
9.2016
9.3729
6.6363
7.3871
8.9006
7.0403
7.5243
7.9569
7.2037
7.8237
8.8868
6.7714
7.6615
7.6486
7.3557
7.1683
7.7363
8.1465
7.9668
8.189
7.3139
7.4723
7.9785
6.9852
7.3267
9.7465
7.5603
7.8671
8.8191
6.6489
7.8178
8.3692
7.3059
7.2486
8.2926
7.0083
7.3062
8.5871
7.516
7.2237
8.3483
7.1268
7.4031
7.9403
7.6366
7.1819
7.9169
6.9138
7.6139
8.6
7.6914
7.2354
7.7437
7.4354
7.5021
7.9154
7.8779
7.5188
9.9077
6.8387
7.1769
7.6126
7.2249
7.0446
9.4003
6.6637
7.5901
8.1591
7.2031
7.0071
8.4483
6.9637
7.1557
7.8495
7.2815
7.4695
8.2009
6.6979
7.2422
7.8102
7.7723
7.1224
8.9342
6.7587
7.7711
9.18
7.1077
7.5677
8.1874
7.2246
11.724
8.5101
7.8157
7.1831
8.3819
6.6526
7.6926
7.6413
7.0957
