33.960317
3.432615
2.797797
2.592538
2.427523
2.49607
2.657535
2.734628
3.020603
2.62292
2.590514
2.607369
2.580453
2.737649
2.996717
2.627969
2.706422
2.591299
3.176963
2.383671
2.979757
2.639058
2.953333
2.52712
2.60428
2.417209
3.227483
2.574735
2.422899
3.071012
2.595566
2.421151
2.592333
2.59356
2.426037
2.543868
2.608009
2.734274
3.234757
2.595228
2.69812
2.543557
3.27684
2.698477
3.009385
2.614305
2.43888
2.52508
2.536357
2.411412
3.045006
2.614372
2.41244
3.042338
2.620779
2.395477
2.998526
2.562538
2.39828
2.814966
2.593219
2.385443
2.547545
2.61923
2.933591
2.583908
2.987579
2.853736
3.026184
3.110483
2.853594
3.127406
3.087862
2.921816
3.161256
2.998357
2.92588
2.827292
3.085585
2.886191
2.906422
3.005742
2.550228
3.014218
3.057142
2.787695
3.105618
3.072335
2.744136
3.717024
3.023985
2.837972
2.998788
2.957779
2.760061
2.951049
3.024812
2.892148
2.9822
2.844951
2.820631
2.842043
3.146932
2.777671
2.916391
3.080803
2.396301
3.104696
3.061858
2.402388
3.09368
3.079252
2.87568
3.10588
2.917261
2.893037
2.978043
3.004332
2.784369
3.019222
3.030437
2.370901
3.034406
3.057203
2.380397
3.044572
3.741489
3.065357
3.014391
3.002323
2.843658
2.98656
3.136723
2.751627
3.144132
3.967883
2.607477
3.132148
3.079311
2.734434
3.088505
3.088107
2.923938
3.355495
2.966766
2.908791
2.989345
3.09232
2.937532
2.891347
3.525926
2.96433
3.196182
2.601006
2.37444
3.087486
2.86368
2.347228
2.711529
2.81756
2.41388
2.582169
2.852366
2.348517
2.582689
2.840419
2.478634
2.573068
2.852523
2.360551
2.579262
2.606668
2.376286
2.606861
2.568372
2.350132
2.59184
2.583074
2.435714
3.080856
2.572652
2.359259
2.585166
2.566695
2.536188
3.015292
2.565465
2.362308
2.552302
2.999923
2.520375
2.569443
2.706908
2.70996
3.114511
2.7098
2.381895
2.574538
3.280508
2.350788
2.952179
2.768058
2.386664
2.585418
2.59804
2.371052
3.003016
2.870751
2.361714
2.594391
2.606969
2.378864
3.096249
2.935163
2.918904
2.586483
2.89924
2.356812
3.422079
2.852948
2.359649
3.031262
2.616034
2.451243
2.491027
2.592536
2.391369
2.549178
2.869145
2.392514
3.080354
2.589388
2.397874
2.644637
2.837763
2.365548
2.55493
2.886824
2.375788
2.571228
2.580053
2.397086
2.575139
2.581619
2.383053
2.613206
2.55152
2.395009
2.995714
2.828597
2.373446
2.548985
2.858566
2.756612
3.249378
2.867988
2.361585
2.609631
2.461009
2.593022
2.588
2.458932
2.577098
2.885378
2.480292
2.476409
2.570551
2.569351
3.006489
2.592535
2.65972
3.010397
2.556834
2.544326
3.018157
2.912369
2.462757
3.029594
3.204695
2.768132
2.488486
3.056203
2.482923
2.89152
2.558237
2.74896
2.987631
3.023926
2.531037
2.873028
2.533074
2.765671
2.911169
2.671932
2.793387
3.151048
3.060323
2.428634
2.446815
3.03656
2.778547
2.799889
3.112504
2.449828
2.441468
3.064344
2.475496
2.97136
2.574554
2.740443
3.080206
2.548569
2.449296
2.61419
2.590978
2.714092
2.559824
2.602126
2.493597
3.006778
2.642529
2.442969
2.445896
3.130979
2.781508
2.623083
2.472006
2.767523
2.513163
3.078449
2.478185
3.098237
2.581059
2.79688
3.208821
3.039046
2.438652
2.61124
2.57172
2.802942
2.437341
2.579905
2.799006
2.654982
2.523594
2.437794
2.428397
2.961139
2.490058
2.546378
3.029683
2.771425
2.88549
2.944467
2.450059
2.531117
2.6658
2.877843
2.469329
2.998317
2.464597
3.018148
2.555062
2.898486
3.03004
3.138834
2.76689
2.599053
3.052449
2.465849
2.765901
2.598197
2.430332
2.534861
3.068929
2.815065
2.628532
3.069818
2.799018
3.14582
2.579698
2.843877
2.514425
2.573206
2.618649
2.614237
2.565246
2.462378
2.546621
3.341021
2.429154
2.717572
2.954468
2.799141
2.456911
2.59381
2.460661
2.693603
2.541585
2.446071
2.98348
3.067665
2.448234
2.596671
2.8902
2.78864
2.542668
3.068058
2.576905
2.539222
2.532015
2.495416
2.542939
2.494631
2.788708
2.540391
2.583603
2.420661
3.022064
2.609418
2.440363
3.247766
2.566049
2.808489
3.498743
2.589015
2.405914
2.533015
3.102658
2.876895
2.565794
2.609976
2.469671
2.513659
2.891554
2.42488
3.002606
2.536779
2.431935
3.028615
2.569317
2.451175
2.509545
2.760584
2.449148
2.656911
2.584019
2.414434
2.541843
2.990446
2.421664
2.711409
2.596446
2.859615
2.538969
2.935025
2.399717
2.580271
2.596219
2.785188
2.464428
2.553877
2.413175
2.597077
2.605354
2.742092
2.553628
2.731578
2.405142
3.131867
2.801261
2.721107
2.538911
2.985971
2.754621
3.006335
2.935095
2.742766
2.524698
2.874351
2.425252
3.040376
2.968117
2.393803
2.558821
3.403847
2.432542
2.559142
2.923268
2.70324
2.584898
2.593228
2.731381
2.675028
2.616514
2.735237
2.522529
3.003748
2.405135
2.710175
2.801455
2.384852
2.586237
2.906893
2.379917
3.053649
3.107701
2.495597
2.513594
2.576686
2.38892
3.039985
2.979757
2.399267
2.551585
3.074636
2.396015
3.058013
3.08581
2.71164
2.568628
2.936892
2.41148
3.045825
2.996575
2.784975
2.522474
2.994489
2.582015
2.554018
2.600637
2.713963
2.504822
3.128726
2.411563
2.534911
2.618209
2.712129
2.951057
2.961772
2.371366
2.501194
2.596505
2.357123
2.966317
2.838744
2.396702
3.328554
2.590542
2.506584
2.590723
2.888828
2.404151
3.085163
2.938145
2.37416
2.434394
2.560692
2.38404
3.055197
2.872659
2.363695
2.573554
2.58096
2.370049
3.330221
2.844483
2.357083
2.570474
2.821661
2.364135
2.783621
2.83704
2.965517
2.653726
2.937043
2.381139
2.589551
2.875465
2.37144
3.045262
3.055902
2.362145
3.036037
2.817708
2.382354
2.586108
2.573191
2.792022
3.042
2.872246
2.36687
2.600259
2.474375
2.374471
2.379092
2.348332
2.519308
2.52212
2.579046
2.366818
2.359729
2.353772
2.478932
2.558326
2.529471
2.709402
3.021871
2.587456
2.39924
2.562268
2.874354
2.400517
3.17896
3.189376
2.383077
3.02848
2.590551
2.387403
2.5692
2.588612
2.348748
2.603899
2.576969
2.390775
2.649742
2.88908
2.393015
2.872332
2.585938
2.389502
3.060105
2.84524
2.387311
3.090095
2.597172
2.367366
2.526902
2.821517
2.350929
2.580406
2.465486
2.81989
3.1034
2.765855
2.546492
2.874529
2.486022
2.977111
2.911209
2.796831
2.463843
2.46628
2.44412
2.4602
2.566265
2.462286
2.472668
2.903819
2.778157
2.54588
2.982203
2.497308
2.459997
3.119914
2.442846
3.003997
2.776674
2.476286
2.623868
2.874831
2.460418
2.869252
2.573142
2.522587
2.980898
2.531714
2.747757
2.453788
3.021588
2.514021
2.490535
2.592077
2.459019
3.029871
3.094203
2.75372
2.461671
2.555978
2.457658
2.453978
2.534868
2.493465
2.447243
3.076923
2.441899
2.456659
3.019942
2.437689
2.435788
2.570015
2.435886
3.031182
2.595114
2.551052
3.040068
2.570671
2.776855
2.688326
3.057624
2.462603
2.468785
2.583948
2.446846
2.442182
2.55317
2.792354
2.497394
2.549815
2.792363
2.936569
2.979517
2.794046
2.831375
2.53353
2.612837
2.464985
2.534434
2.565213
2.928418
2.536741
2.499563
2.463178
3.063914
2.440474
2.849135
2.543391
2.426237
2.524824
2.418181
2.43817
2.533615
2.598821
2.765693
3.01625
2.587739
2.780803
2.432477
2.542932
2.787335
2.481717
2.612074
2.801787
2.507849
2.955711
2.420856
2.517071
2.618037
2.804523
2.50975
3.141843
2.765341
3.102154
2.73765
2.760545
2.489203
2.735369
2.874059
3.006237
2.565742
2.430634
2.538797
2.564025
2.815286
2.46768
2.583686
2.450751
2.49656
2.570619
2.79844
2.65764
2.624418
2.430572
3.010489
2.57852
2.778825
2.977763
2.435489
2.426117
2.521622
2.565163
2.809859
2.642059
3.048397
2.439671
2.873708
2.529803
2.419582
2.748369
2.598144
2.460077
2.545581
2.573966
2.742643
2.996741
3.072526
2.458717
3.041335
2.570668
2.802677
2.610698
2.476945
2.44996
2.526064
2.54172
2.759772
2.459935
2.99052
2.440849
2.536144
2.947859
2.796693
2.510985
2.576394
2.458293
2.532575
2.655379
2.7066
2.460763
2.524344
2.733626
2.458461
2.543129
2.758536
2.872388
3.205311
2.407957
2.559886
2.609717
2.74304
2.547062
2.577763
2.398375
3.126234
2.575781
2.395098
2.560784
2.582253
2.593966
3.090138
2.594815
2.853643
2.553237
2.943304
2.722714
3.068809
2.605381
2.732523
3.242963
3.218357
2.430776
3.069609
2.59204
3.05608
2.552775
2.55693
2.426483
2.535778
2.951948
2.751175
2.5012
3.386245
2.431819
2.578806
2.856428
2.738382
2.472942
2.9864
2.425175
3.01404
2.592831
2.385145
2.547886
2.664726
2.72104
2.95524
2.579059
2.733551
3.089446
2.606659
2.664588
2.99888
2.61092
2.705218
2.767271
2.56605
2.744314
3.208289
2.613154
2.822861
2.61692
2.899862
2.413357
3.141391
2.603452
2.722357
2.610342
2.721616
2.395871
3.042295
2.807526
2.742031
2.525074
3.302154
2.416689
3.050391
2.880259
2.757194
2.549668
3.027985
2.395387
2.994422
2.867339
2.898587
2.511218
3.427614
2.775704
2.563437
2.862932
2.396179
2.983813
2.407637
2.334816
3.169058
2.574736
2.367114
2.588711
2.860597
2.366699
2.782947
2.829963
2.61284
2.558471
2.555809
2.496059
2.547003
3.088003
2.958243
3.004022
2.597265
2.373255
3.330965
2.809717
2.383563
3.050582
3.246597
2.365277
2.578495
2.828019
2.476206
2.548834
2.943246
2.366406
2.864065
2.834298
2.370148
2.550982
2.963138
2.373477
3.281788
2.821729
2.924889
2.560114
2.928539
2.358781
2.559954
2.821369
2.634646
2.55584
2.58453
2.369304
2.975726
3.094243
2.379259
3.008677
2.828757
2.386243
2.377
2.595945
2.355446
2.756246
2.817606
2.359246
2.603049
2.844861
2.49528
2.563333
2.830037
2.371366
2.582261
3.373923
4.5997
2.5858
3.0997
1.8699
2.8428
2.1594
1.9135
2.2486
2.1674
1.8185
2.1074
3.0274
2.1077
2.6345
2.5009
1.9606
2.2243
2.7471
2.0951
2.208
3.3489
1.8157
2.6123
2.2806
2.0852
2.0191
2.3098
1.9074
2.1489
2.3027
2.356
2.2326
2.3991
1.8502
2.3243
2.316
1.9905
2.0547
2.3939
1.9465
2.0809
2.6818
2.0385
2.0686
2.372
1.7966
2.748
2.3419
2.1
2.2548
2.7449
1.9677
2.459
2.8637
2.0969
2.0625
2.8206
1.844
2.0031
2.1628
2.1409
2.1747
2.3461
1.9406
2.1224
2.5329
2.0234
2.0339
2.5538
2.0693
2.256
2.4157
1.7939
2.288
2.5142
1.7369
2.2711
2.5077
2.064
2.0846
2.5526
1.9123
40.99
2.2126
2.1861
2.0742
2.1292
1.84
1.8089
2.7572
2.0351
1.8381
2.0748
1.7917
1.9557
2.5083
2.3277
2.0409
2.2576
1.8031
1.9341
2.1092
2.1138
2.0431
2.012
1.7973
2.2135
2.0717
1.8464
1.7902
2.3735
1.8006
2.0954
2.4988
2.0471
2.1129
2.1015
1.7557
2.368
2.1864
1.8098
1.936
2.3413
1.8148
2.0222
2.6148
1.9637
2.067
2.2133
1.8981
2.0231
2.9615
1.6381
1.9963
2.0843
1.7532
2.075
2.2988
2.1926
2.1827
2.4834
1.7843
2.1628
2.491
1.8203
2.0871
2.6499
2.4935
2.7917
2.6077
1.8446
2.4114
2.1237
2.0016
2.3151
2.5117
2.0259
2.0354
3.0111
4.0225
3.276
2.9877
1.9784
2.156
2.2923
1.951
2.1419
2.3452
1.9991
2.5751
2.792
2.1874
2.0695
2.6547
2.1141
2.1264
2.3403
2.2101
2.4403
2.5674
2.0821
2.244
1.1935
1.8846
2.2535
2.329
2.1929
2.1822
2.9409
2.1197
2.2662
2.3895
2.2757
2.28
2.9185
2.1788
2.2625
2.7538
1.976
2.2354
2.4071
2.0249
2.3274
2.1862
1.9489
2.1283
2.3339
2.0816
2.1994
2.5861
1.9034
2.228
2.5625
2.1286
2.3788
2.6502
2.1467
2.4289
2.3326
2.0606
2.0812
2.1523
2.2298
2.4859
2.6215
2.1052
2.2345
2.5197
2.0566
2.1963
2.3548
2.1077
2.6711
2.5268
2.0252
2.4046
2.4828
2.176
2.4089
2.6326
2.2812
2.2809
2.632
2.1569
2.2646
2.2831
1.9492
2.7157
2.3492
2.1314
2.4184
2.5335
1.9298
2.284
2.8975
2.1652
2.1443
2.4538
2.4976
2.247
3.1477
2.0342
2.3382
2.3907
1.8655
2.4006
2.2822
2.0539
2.0477
2.2597
2.0141
2.3588
2.5422
2.0606
2.7292
2.9338
1.9077
2.2117
2.9336
1.9403
2.1215
2.2052
1.9658
2.5027
4.9674
1.9634
2.4911
2.5427
2.6003
2.8554
2.3938
2.0769
1.9323
3.1948
2.4569
2.2849
2.2788
1.8563
2.3194
2.4412
1.916
2.2631
2.9717
2.0388
1.8496
2.6111
1.8739
2.2938
2.6477
2.1751
2.1031
2.3831
1.9862
2.5099
2.1917
1.8422
2.0708
2.4283
1.9246
2.2541
2.2092
1.9296
2.4323
2.3166
1.8409
2.3514
2.2302
1.924
2.2375
2.6868
1.9502
2.4495
2.2105
7.8788
0
0
0
0
0
0
0
0
0
0
0
0
0
0
0
0
0
0
0
0
0
0
0
0
0
0
0
0
0
0
0
0
0
0
0
0
0
0
0
0
0
0
0
0
0
0
0
0
0
0
0
0
0
0
0
0
0
0
0
0
0
0
0
0
0
0
0
0
0
0
0
0
0
0
0
0
0
0
0
0
0
0
0
0
0
0
0
0
0
0
0
0
0
0
0
0
0
4.86
2.6766
2.3013
2.1317
2.2295
2.5271
1.9794
2.1858
2.5736
2.0529
2.1754
2.2425
2.0425
2.1979
2.8413
1.9686
2.3034
2.2597
2.1778
1.9372
2.3406
2.1323
2.2856
2.1514
2.1348
2.0083
2.5046
1.9597
1.9665
2.4914
2.4535
2.1437
2.5594
2.0062
2.0824
2.5461
1.8655
2.5145
2.4096
1.9123
2.3732
2.6597
1.8234
2.472
2.1978
2.0212
2.1951
2.5462
1.9437
2.0797
2.816
1.8083
2.1252
2.3409
1.9597
2.4628
2.284
2.132
2.64
2.5775
1.8945
2.7578
2.2547
1.8843
2.5628
2.3246
1.8806
2.2342
2.3557
2.4963
2.4889
2.4671
2.5652
2.86
2.7058
2.0305
2.272
3.2068
1.7797
2.4815
2.9508
1.9585
2.0052
2.1674
1.9551
2.5021
1.8898
1.8006
2.3867
2.072
1.8933
2.1505
2.1443
1.9846
2.2024
2.4926
1.9572
1.804
2.2862
2.0339
1.9889
2.4877
2.1575
2.0025
2.3419
1.9585
2.0677
2.1963
1.8335
2.3467
2.3031
2.0464
2.2944
0
0
0
0
0
0
0
0
0
0
0
0
0
0
0
0
0
0
0
0
0
0
0
0
0
0
0
0
0
0
0
0
0
0
0
0
0
0
0
0
0
0
0
0
0
0
0
0
0
0
0
0
0
0
0
0
0
0
0
0
0
0
0
0
0
0
0
0
0
0
0
0
0
0
0
0
0
0
0
0
0
0
0
0
0
0
0
0
0
0
0
0
0
0
0
0
0
0
0
0
0
0
0
0
0
0
0
0
0
0
0
0
0
0
0
0
0
0
0
0
0
0
0
0
0
0
0
0
0
0
0
0
0
0
0
0
0
0
0
0
0
0
0
0
0
0
0
0
0
0
0
0
0
0
0
0
0
0
0
0
0
0
0
0
0
0
0
0
0
0
0
0
0
0
0
0
0
0
0
0
0
0
0
0
0
0
0
0
0
0
0
0
0
0
0
0
0
0
0
0
0
0
0
0
0
0
0
0
0
0
0
0
0
0
0
0
0
0
0
0
0
0
0
0
0
0
0
0
602991
251111
244040
241369
235381
235151
263511
246003
236619
239080
305978
261415
268699
243252
282418
249416
256068
367501
269581
322412
304714
259108
342468
285424
237803
243812
260511
266984
67680
277914
312699
341406
315154
254677
285089
273347
242499
298308
266378
273560
73855
266945
253748
68877
348348
278120
61006
254200
255933
133419
319360
280997
70400
286024
252231
59954
309098
286689
64015
256385
239975
247760
288132
307711
69304
266892
240424
283563
258591
263874
292536
252030
256720
269514
278064
268649
247591
330160
249652
282274
303489
550855
254049
318351
258120
249224
249018
278590
112895
261360
257775
248283
245258
275006
293194
379840
267062
336250
270994
234480
244335
292203
302612
278425
353299
4.3336
2.6258
2.1757
2.1748
2.4326
2.8277
1.964
2.5886
2.736
2.1914
2.2415
2.3898
2.0711
2.6557
2.6708
2.2243
2.388
2.8061
2.0123
2.352
2.5467
2.236
2.5775
2.2572
2.5493
2.5145
2.4246
2.5883
2.4963
2.4942
2.0375
2.4631
2.2157
2.3702
2.6502
2.7188
1.9083
2.4606
3.0514
1.9101
2.592
2.169
2.264
2.632
2.7258
2.1735
2.4031
2.8446
1.9708
2.4265
2.7135
2.0265
2.5302
1.1649
2.1431
2.5575
2.5646
2.5136
2.5413
2.9068
2.6031
2.3976
2.2886
1.984
2.5867
2.3218
2.5043
2.763
2.5661
1.9895
2.7603
2.3557
2.0625
2.5009
2.4563
2.036
2.5314
2.2536
2.2437
2.0972
2.456
2.1899
2.5462
2.5249
2.2729
2.5184
2.7471
2.1028
2.5173
2.6554
2.5031
2.6523
2.7317
2.0434
2.5243
2.44
2.4941
2.6551
2.9406
2.2954
2.456
2.4468
2.4049
2.5794
2.3809
1.9459
3.0286
2.4855
2.0449
2.7535
2.6065
2.1194
2.5105
2.3769
2.1314
2.676
2.7981
3.1314
3.2394
2.7895
2.1954
2.4821
2.228
2.06
2.64
2.3068
1.9979
2.5514
2.4289
2.0554
2.5409
2.0689
3.82
2.6333
2.4507
2.3418
2.4991
2.4074
2.0741
2.7105
2.4893
2.0111
2.6249
4.4274
2.516
2.8028
2.1256
2.5732
3.0354
2.0991
2.5455
2.9296
2.0541
2.4566
2.8218
2.0791
2.5218
2.5369
2.1391
2.4763
3.2828
2.0141
2.5259
2.7582
2.2972
2.4945
2.9237
2.0542
2.5197
2.3209
2.007
2.7757
2.6187
2.6745
2.5425
3.1938
2.1984
2.5413
2.8227
2.2086
2.5422
2.9849
2.052
2.5818
2.6911
2.1788
2.6231
2.7843
2.1818
2.3908
2.8674
4.3129
2.6621
2.524
2.1815
2.5945
2.3203
2.2382
3.2646
2.005
2.3369
2.5948
2.4886
2.0938
2.7944
2.8819
2.0578
2.584
3.0794
2.1373
2.5843
2.857
2.2621
2.4982
2.6901
2.0855
2.6034
2.6437
2.1523
2.565
2.7646
2.0843
2.4975
2.1726
2.1668
2.6532
2.8923
2.4621
2.5526
2.6357
2.1431
2.5889
2.388
2.2883
2.4763
3.0129
2.18
2.5929
2.3148
2.328
2.5892
2.576
2.5905
2.5674
2.1554
2.0424
2.6855
2.3963
2.3197
2.6732
2.524
2.6972
2.5668
2.3822
2.0203
2.5991
2.6474
2.6126
2.5901
2.3883
2.2541
2.6108
2.388
2.7142
2.4539
2.7412
2.2742
2.5535
2.208
2.1274
2.5772
2.8929
2.192
2.5357
2.5086
2.3021
2.6489
2.8323
2.1526
2.9612
2.8563
2.3548
2.5954
2.6249
2.08
2.5723
2.8178
2.484
2.5523
2.6363
2.1086
2.6772
4.6754
2.2652
2.5418
2.6028
2.3114
2.7107
2.4139
2.0544
2.6696
2.5489
2.231
2.4071
2.4837
2.196
2.6864
2.6852
2.0834
2.5333
2.4191
3.4554
2.4816
2.5012
1.7428
2.5741
2.0868
2.3197
2.5184
2.7861
6.5283
2.6671
1.2068
3.1766
3.1092
2.9563
3.0609
2.6173
2.9658
2.9037
2.4006
3.02
2.8501
2.6711
2.7351
2.8249
2.5507
2.8911
2.8357
3.1707
2.9784
3.0723
2.5141
2.8621
3.3855
2.5218
2.9877
2.9028
2.6335
2.9699
3.0258
2.6181
2.9421
3.42
2.7095
2.8006
2.8246
2.5378
2.9416
2.8154
2.5932
3.4856
2.8772
2.6123
2.9769
2.8708
2.4643
2.8788
3.2203
2.7028
2.9997
2.9787
2.5942
2.8757
3.6256
2.6185
2.9671
3.0529
2.5683
2.8403
2.9615
2.876
2.9237
3.2763
2.5406
2.896
3.2424
3.2357
3.0738
3.3443
2.5314
2.9178
3.1111
2.3899
3.1403
3.6108
2.6182
2.8501
2.8182
2.6569
3.0612
3.2674
2.7603
2.9456
3.4123
2.7868
2.8366
2.7994
2.5769
2.7966
2.8021
2.5997
3.0563
3.4406
2.5982
2.8708
3.1418
2.6351
3.068
3.4049
2.6446
2.8788
3.1172
2.528
2.9299
3.0378
2.4344
2.9917
3.1394
3.1372
2.9261
2.816
2.5231
2.9332
3.3292
2.6314
3.008
3.0431
2.6468
2.8191
4.0409
2.4458
3.0212
3.2908
2.9548
2.8717
3.1059
2.6028
3.0203
4.3114
2.7126
3.6624
2.8624
2.7299
2.98
3.2975
2.7154
2.9348
3.1908
2.5705
2.8406
2.9769
2.7018
2.9975
3.1545
2.6191
3.0554
3.328
2.6486
2.9868
3.0265
3.0816
3.0812
2.9723
2.5228
3.6745
2.9813
2.5856
2.8049
3.5117
2.5729
2.895
3.9982
2.5212
2.9384
3.3434
2.8304
2.6643
3.5477
2.5631
2.9332
3.1114
2.3763
3.0554
2.7428
2.5302
3.0203
2.8692
2.6708
3.0006
2.7741
3.8711
2.9695
3.1825
2.8717
3.0264
3.3191
2.5994
2.924
2.8492
2.7468
3.0166
3.1619
2.6615
2.9437
3.3388
2.4686
2.9166
3.0588
2.6129
2.9732
2.7646
2.5172
3.0148
2.9055
2.8027
2.9502
3.4702
2.368
2.8262
2.8203
2.5409
2.9514
3.1163
2.5625
2.9286
2.7972
2.9105
2.9086
2.8264
2.6988
3.0234
2.9735
2.5274
2.9298
3.0046
3.1914
2.9791
3.2326
2.7283
2.9563
2.8603
2.4431
3.1929
3.2972
2.6692
2.9951
2.8732
2.5883
2.9065
2.8421
2.4585
2.824
3.5338
2.7686
2.836
3.3295
2.9265
2.8787
4.0249
2.54
2.8785
3.2172
2.6846
3.0514
2.8083
2.5932
2.9895
3.0972
2.7357
3.0126
2.9517
2.6529
2.8437
2.9074
2.6825
2.7547
3.5572
2.4951
2.9363
3.172
2.4683
2.82
2.7714
2.6298
3.1222
3.1628
2.4446
2.9911
2.7831
2.6538
2.9255
2.9114
2.5185
2.9381
3.0277
2.4452
2.9935
2.9963
2.648
2.9151
2.8523
2.5496
3.0283
3.2853
2.604
2.9597
3.2806
2.5181
2.9058
3.432
2.5016
2.8932
3.3597
2.7175
2.9323
3.0766
3.0412
2.9824
3.5366
2.4074
2.904
2.8963
2.4594
2.9631
3.0551
2.7068
2.8181
3.2289
2.5458
2.9514
3.1015
2.4382
3.0782
2.8443
2.6825
2.9526
3.0065
2.3935
2.8496
2.7975
2.4523
2.88
2.7973
2.716
3.0178
3.8
2.5895
2.9548
2.8609
2.6557
3.0197
2.9341
2.5606
2.9784
3.1019
2.3409
3.6046
3.4794
2.8147
2.9379
2.9662
2.624
3.0483
3.5338
2.9609
2.8819
3.3815
2.4729
3.0584
2.928
2.5944
3.3972
3.0012
2.348
2.868
3.2766
2.6816
2.9572
3.2363
2.4701
2.9886
3.2787
2.4148
2.9259
2.6095
2.4428
3.2225
3.0579
2.5443
2.9917
3.0738
2.5363
3.0357
3.2329
2.7846
3.1163
3.0544
3.8228
2.8825
3.5425
2.4468
2.9843
3.3347
2.6474
2.9658
3.2935
2.6028
2.876
3.2997
2.5437
2.5529
2.512
2.4569
2.9412
3.2643
2.6461
3.5683
2.8206
2.5649
3.0523
2.9551
2.7212
2.923
3.0603
2.5016
2.9271
3.5499
2.623
2.9591
3.2597
2.5957
2.9526
2.8526
2.6271
2.9726
3.2237
2.472
2.9277
3.0775
2.4705
2.9502
3.0147
2.5246
2.8501
3.0422
2.5182
2.9788
3.2292
2.4544
2.9197
3.0581
2.4859
2.9443
2.9871
2.4671
2.8806
3.0274
2.9486
2.9151
3.2837
2.6465
2.9569
2.6351
2.6333
3.3874
3.2058
2.6052
2.8563
3.212
2.555
3.2034
2.8058
2.4311
3.035
3.2886
3.0249
2.9828
2.9206
2.361
2.9984
3.256
2.5234
3.4843
3.0539
2.6015
2.5936
2.9437
2.3096
3.3148
3.1151
2.5901
2.4923
2.8231
2.3176
3.0148
3.1468
2.2911
2.6406
3.3742
2.3717
3.4683
3.8338
2.5489
2.5351
3.1062
2.5034
3.7634
3.0572
2.6083
2.5225
3.5194
2.3852
2.8203
2.88
2.6923
3.0846
3.0865
2.3277
3.4544
3.0268
2.4788
2.5206
3.4136
2.2674
4.1307
3.1797
2.5249
2.3511
2.7858
2.6258
2.7674
3.108
2.5649
3.1824
3.3874
2.5157
3.4693
2.8979
2.3234
2.7178
3.572
2.716
3.3339
3.048
2.4763
3.5532
3.5662
2.3157
3.6588
2.9646
2.6157
3.1566
2.5378
2.3375
3.436
3.6686
2.5385
3.676
3.2782
2.3341
3.7382
3.0274
2.5
2.632
3.4003
3.3093
2.6576
2.9256
2.6317
2.3434
2.9747
2.4292
3.348
3.488
2.4016
3.0674
2.9194
2.516
4.0172
2.9224
2.2606
2.3899
3.4932
2.3683
3.5874
2.8129
2.5533
3.5917
3.2237
2.4274
3.2529
4.1505
2.6
3.5289
3.0711
2.2529
2.6376
2.9653
2.5496
2.5298
3.7711
2.356
2.8797
2.9972
2.3816
2.3907
2.2225
2.328
3.2304
2.7102
2.52
2.4618
3.5413
2.4154
2.4514
2.9483
2.6366
2.812
2.5578
2.2511
2.5009
3.0849
2.4923
2.3754
3.0341
2.223
2.6747
2.7542
2.6541
2.796
3.7391
2.3387
2.5295
3.0979
2.4911
2.7699
3.7538
2.3828
2.4997
2.9243
2.5292
2.8166
3.2286
2.6523
2.9547
3.0249
2.6203
2.636
3.2483
2.3117
2.5588
3.08
2.5963
2.7757
3.4006
2.3126
2.6058
2.7708
2.3742
2.4452
2.9532
2.3305
2.7135
3.2329
2.8262
3.3963
3.0077
2.2868
2.7434
3.7843
2.5495
2.5504
2.5215
2.6329
2.5643
2.9096
2.6123
3.6772
3.5206
2.5212
2.4212
3.1403
2.6184
2.6637
3.0055
2.5246
2.5341
2.7689
2.5683
2.7203
2.7019
2.5169
2.3375
2.7483
2.5345
3.2532
3.189
2.2769
2.8738
3.059
2.4378
2.3985
3.1458
2.4421
2.3939
2.9634
2.4933
2.3523
2.292
2.3378
2.3477
2.5329
2.3816
2.6677
2.8255
2.4671
2.3305
2.484
2.3129
2.6637
2.5631
2.5942
2.5532
2.624
2.2612
2.4148
2.54
2.3304
2.648
2.8024
2.6034
2.3834
2.6136
2.3498
2.6735
2.6114
2.4782
3.0369
2.4852
2.4871
2.8606
2.7622
2.6886
2.5446
3.5046
2.3043
2.4711
2.3963
2.5865
2.3486
2.8822
2.3046
2.6957
3.3483
2.5563
2.4508
2.8391
3.1219
2.5665
2.5529
2.3732
2.3471
2.6794
2.2941
2.6554
2.7877
2.5403
2.304
2.9625
2.2572
2.5006
2.4603
2.6095
2.5763
2.6255
2.2797
2.68
2.4794
2.4576
2.2858
2.6366
2.3102
2.54
3.216
2.2978
2.3387
2.6
2.5902
2.6412
2.4219
2.3397
2.3664
2.4883
2.3668
2.7012
2.8557
2.38
2.4015
2.5609
2.2437
2.7452
2.6587
2.4778
2.4544
3.004
2.3994
2.6708
2.5621
2.34
2.4988
2.7813
2.6754
2.4351
3.14
2.4616
2.2816
3.2006
2.3984
2.6311
3.0751
2.8129
2.4163
2.5852
2.9572
3.0578
2.4065
3.0366
3.0584
2.7538
2.9477
3.148
2.6212
3.0668
2.9105
2.3068
2.8904
2.8886
2.7375
2.9406
2.9335
2.5711
2.9446
2.8692
2.4815
2.9637
3.4114
2.8738
3.5846
7.9209
2.6144
2.9194
2.7877
2.8563
2.776
3.672
2.7083
2.9163
3.2468
2.8397
5.4683
3.0437
2.7489
2.7902
3.1714
2.6064
2.8726
3.3775
2.5588
2.9932
3.3594
2.9357
3.0889
2.9351
2.8379
2.9065
3.3625
2.9714
2.7667
3.0982
2.7532
2.892
4.0056
2.7865
3.0172
2.9991
3.0329
2.9658
3.5188
2.632
2.8163
3.2403
2.739
2.8261
3.5723
2.684
2.9671
3.5751
2.7345
2.9991
3.4566
2.62
2.9643
3.0172
2.9751
2.9831
3.0997
2.94
2.8542
2.892
2.8594
2.864
3.4256
2.8588
2.8957
2.9935
2.7342
2.9428
3.4071
2.6074
2.9363
3.6458
2.7018
3.0083
3.1997
2.8136
3.0717
3.1966
2.5142
2.8683
4.192
2.6954
2.9532
2.9415
2.5502
2.9308
2.8323
3.296
2.9437
3.4071
2.684
2.8477
3.3643
2.5702
2.9096
3.3345
2.4317
2.9778
3.2443
2.3791
3.0578
3.3609
2.9406
3.5031
2.9671
2.5972
2.7889
3.4603
2.8855
3.1908
3.0012
2.6024
3.4265
5.7012
2.4908
3.0803
2.9745
2.5409
3.0533
3.484
2.4351
3.4612
3.164
2.6271
2.8985
3.9184
2.5455
2.3616
2.332
2.7794
2.8391
3.408
2.2935
3.2034
3.1012
2.608
2.7997
3.3557
2.4563
3.9024
3.0969
2.664
2.604
3.1135
2.4191
3.2222
2.8698
2.664
3.2449
2.8292
2.4975
3.2003
2.8061
2.6157
2.7089
3.3714
2.4394
3.5502
3.8508
2.5917
3.4735
