584
184
152
208
184
200
128
136
136
128
128
136
128
128
136
136
136
136
136
136
120
136
128
120
112
128
128
136
136
128
136
136
128
136
128
216
136
120
136
136
128
120
136
128
120
112
128
120
128
136
136
120
136
112
128
120
136
136
128
136
136
128
136
128
136
136
136
136
160
128
120
136
136
136
136
136
128
136
136
128
128
128
128
136
136
128
136
136
120
128
136
128
128
128
128
136
136
136
136
128
128
128
168
136
136
136
136
120
128
136
136
128
128
136
136
136
128
136
136
136
136
136
136
128
136
128
136
128
136
136
136
128
136
136
128
128
144
128
128
128
136
160
136
144
136
120
136
128
160
136
128
120
128
120
120
112
128
112
112
128
112
112
120
112
120
128
112
112
120
112
120
112
128
128
128
120
120
120
160
184
168
128
136
112
120
120
136
184
200
192
200
184
232
200
208
152
128
136
128
104
128
128
120
120
136
120
128
136
128
136
136
128
136
128
120
128
120
120
128
120
120
120
128
120
112
120
120
112
104
104
104
120
112
112
120
120
112
120
120
120
120
128
128
104
112
112
128
120
112
112
112
120
128
120
112
112
120
128
120
112
112
112
120
112
120
112
128
112
112
120
112
112
128
112
120
120
120
120
112
120
128
120
112
128
112
120
152
168
184
120
120
168
168
120
168
168
120
176
168
136
128
168
136
144
200
128
168
160
128
128
120
184
160
184
136
208
192
184
160
144
136
168
208
120
208
160
160
128
120
208
200
144
200
136
144
144
200
200
192
136
168
136
152
176
192
152
120
120
136
152
120
128
136
200
112
176
176
176
192
168
160
112
112
144
160
160
160
312
192
208
152
120
144
128
136
112
136
128
120
136
168
128
160
144
168
128
144
192
176
176
144
168
144
176
152
104
128
128
128
120
120
112
120
120
112
120
120
120
112
120
160
120
112
168
136
128
128
120
120
112
128
120
120
112
112
128
128
120
128
120
128
112
120
120
120
120
112
112
112
128
120
112
128
112
120
128
112
128
128
128
120
120
112
112
120
128
112
128
112
128
120
112
128
112
120
120
128
120
120
120
120
112
128
128
128
128
112
128
112
112
112
128
128
120
120
120
112
128
112
128
120
128
120
112
128
112
120
128
112
120
128
120
128
120
120
128
120
128
112
128
112
120
128
128
112
120
120
120
128
112
112
112
128
128
120
120
120
120
112
128
120
120
112
120
128
128
128
120
128
112
128
120
120
120
120
120
128
112
128
120
128
128
120
112
112
128
120
128
128
120
120
120
120
128
120
112
120
128
208
152
112
120
120
120
112
112
120
128
120
128
112
120
112
112
112
120
128
120
112
112
112
128
120
128
112
128
128
120
112
120
120
128
128
120
128
112
120
120
120
112
112
112
120
120
120
120
112
120
112
120
112
120
112
120
128
112
120
120
120
128
112
120
128
120
128
120
112
128
128
128
120
112
120
120
120
120
120
128
112
120
112
112
120
112
120
120
120
120
128
128
120
128
128
120
112
112
128
112
112
112
112
112
112
120
112
120
120
112
112
128
128
112
112
112
112
112
112
120
128
112
128
120
112
112
128
120
120
112
120
128
112
112
120
128
120
128
128
120
112
128
128
128
128
112
120
120
128
112
120
120
120
112
128
128
128
208
176
160
128
112
120
128
112
112
112
120
120
112
112
120
112
120
120
120
112
120
120
120
128
128
112
120
120
112
112
120
112
120
120
120
120
120
120
120
112
112
120
120
120
128
128
128
128
128
128
112
120
128
128
128
128
120
120
112
32904
120
120
120
112
120
112
112
128
120
112
120
112
112
136
128
120
128
128
112
112
120
128
112
112
112
120
112
120
120
112
120
120
120
120
33088
144
160
200
144
136
184
128
136
128
160
128
144
200
144
128
176
176
200
200
216
224
208
200
184
192
224
200
184
208
152
136
184
208
208
200
192
184
200
192
216
192
192
176
200
208
216
200
192
192
208
192
216
192
176
184
176
336
208
136
168
136
184
192
192
176
176
176
184
168
184
184
200
200
136
192
136
192
144
224
120
208
200
128
216
208
160
192
136
216
144
128
192
144
200
208
216
208
240
168
192
160
192
224
136
200
192
224
192
192
200
208
208
160
200
184
208
208
200
184
208
192
184
136
192
208
216
200
128
208
200
208
176
200
216
200
192
200
208
184
200
192
176
168
176
192
128
200
208
184
192
216
192
224
176
200
208
200
200
200
200
216
192
200
208
176
192
184
208
208
152
192
176
200
208
112
208
208
192
208
208
