37296
1056
1008
1024
952
968
960
976
968
976
976
944
936
976
944
984
936
992
984
992
992
992
944
960
952
992
920
984
984
1000
944
960
984
976
936
1008
960
968
960
944
952
992
960
1000
928
984
984
952
984
976
968
952
984
1000
960
992
944
976
960
976
936
992
944
960
992
992
952
928
944
1000
960
33736
960
984
976
960
960
984
960
992
968
976
976
952
960
960
960
952
976
944
976
960
952
960
960
976
992
936
952
936
920
944
952
1328
1200
34328
1400
1264
34176
1320
1264
1456
1104
1384
1016
984
952
984
968
976
992
976
976
992
944
984
976
976
968
952
976
2456
992
976
992
968
968
936
952
952
984
1064
808
824
816
816
816
824
832
808
816
808
816
816
816
808
800
816
800
816
816
808
816
816
816
808
816
808
792
800
800
800
800
800
816
792
800
792
808
784
800
792
800
800
800
808
848
816
808
808
816
808
816
816
800
816
824
816
816
800
808
824
816
808
824
816
792
800
800
800
792
800
800
800
808
800
800
816
800
800
800
800
1104
34008
832
824
816
808
816
792
808
800
800
808
816
800
808
792
816
800
816
808
816
808
808
808
912
800
816
840
808
800
808
808
808
808
816
808
808
808
808
824
808
33616
808
808
808
808
800
808
816
808
816
816
808
808
808
808
808
808
816
808
800
816
808
808
808
808
808
824
808
808
808
808
808
800
808
800
816
800
808
816
808
808
816
808
33600
808
816
808
808
816
808
808
800
816
800
808
808
800
816
824
808
808
808
33624
816
808
816
808
808
808
808
816
816
816
824
816
800
816
808
816
816
816
800
816
824
808
808
816
808
808
800
816
800
824
800
816
800
808
816
808
816
808
816
816
1360
808
808
816
816
808
832
816
800
808
800
816
784
816
816
816
816
816
808
808
808
808
816
816
33608
808
824
808
816
808
816
816
816
808
816
816
808
808
800
824
824
808
816
816
808
808
816
800
816
800
808
816
816
816
816
808
824
816
816
808
808
808
816
824
824
808
816
824
816
816
800
808
33600
816
808
800
816
800
808
800
816
800
800
816
808
800
808
792
816
816
808
816
816
808
816
808
808
800
808
808
808
824
816
808
800
808
784
808
800
816
800
824
816
808
800
816
808
808
816
800
33608
816
816
808
816
808
824
816
808
808
808
816
816
808
800
816
824
808
808
808
816
816
808
816
33600
1464
840
1072
1416
824
816
800
808
800
792
800
800
800
800
784
816
808
800
816
800
800
816
808
800
808
800
816
816
808
808
808
816
816
816
816
800
808
816
808
824
824
808
800
816
784
816
800
824
808
808
816
800
808
800
800
824
824
808
816
808
816
808
808
816
816
816
808
808
808
808
808
824
816
816
824
824
808
824
808
816
800
816
800
816
800
816
800
816
808
816
816
33608
808
816
808
920
824
808
816
808
808
808
800
808
816
808
808
816
808
808
800
808
800
808
808
800
808
800
808
800
816
800
808
808
808
816
808
808
808
808
808
808
808
808
824
808
808
792
800
800
800
1472
856
808
800
816
808
800
808
816
808
808
808
816
808
808
808
800
816
800
808
816
808
808
816
816
800
808
800
824
800
808
800
808
816
808
816
816
784
800
800
800
792
808
800
800
808
800
800
800
792
800
784
800
800
792
800
800
800
800
800
808
808
800
800
800
792
800
800
800
808
808
808
808
808
800
808
808
808
808
816
824
816
808
808
808
808
816
808
800
33624
816
816
824
792
808
816
808
808
808
816
808
816
808
984
848
816
824
808
808
808
808
808
808
816
808
808
808
816
824
816
800
816
800
816
792
808
792
800
784
1128
1184
34232
832
816
824
832
792
808
816
800
800
816
808
816
808
808
808
808
816
33616
816
816
808
816
792
792
1112
896
824
824
920
864
904
1024
1128
888
936
816
992
1416
840
832
824
840
33624
808
808
808
808
808
824
800
808
816
808
816
800
808
800
824
808
816
816
808
816
816
816
1056
1536
888
1232
816
848
1088
816
808
824
808
808
824
800
816
800
824
808
816
808
800
808
808
824
808
808
800
1912
816
808
808
808
808
33608
808
816
808
808
808
816
816
800
816
808
808
800
808
800
808
816
808
800
808
1312
1376
856
816
33616
824
808
816
808
808
800
800
808
800
808
800
808
808
800
816
800
800
800
800
800
800
800
808
800
800
808
816
808
808
816
824
816
816
816
816
1184
34448
1096
1240
1368
1336
816
824
816
808
824
808
816
816
824
808
816
808
816
808
824
808
33608
800
816
808
800
808
816
816
808
808
808
816
808
808
808
816
808
808
800
808
808
808
816
816
808
800
816
800
816
808
800
808
816
808
808
824
