21248
10880
42880
10032
10056
10024
9808
10000
42496
42720
9792
9992
9984
9968
9976
9800
9744
9960
42568
42752
9760
10000
10432
10056
10000
10000
9824
10000
9776
42816
42520
10008
10040
9864
9792
10024
42944
10024
9984
9816
10008
9992
9792
42736
42560
9984
9776
9768
99560
43240
42800
9960
9856
9784
9792
9952
9976
9752
42760
42760
9824
9992
10032
9840
9784
73920
9968
9736
9968
9992
42728
42560
9760
10016
9816
10520
9808
10000
9784
9984
9704
9968
9736
42744
42544
10040
9968
10024
9872
10048
10008
9944
42800
9864
9752
9992
9976
10008
9760
9744
9984
42560
12360
13328
10264
10056
10024
9728
10016
9760
42464
42856
9856
44144
8992
8504
8736
8464
41664
8536
49728
17488
8632
47360
8944
48008
8920
48488
8920
11896
8768
9648
8632
8440
8552
8440
8472
9880
41544
8616
8512
8768
8488
41312
8576
8448
8832
8544
41448
8664
8496
8856
8640
41400
8536
8464
8824
8544
41376
8624
8520
8808
8616
41400
8640
8536
8824
8632
41360
8712
8568
8784
8560
41360
8720
8584
8776
8552
8544
8800
8600
8864
8520
41656
8720
8440
8856
8512
41336
8576
8448
8824
8520
41328
8592
8504
8848
8560
41288
8704
8544
8944
8496
41312
8640
8432
8704
8408
8416
8728
8464
64144
41904
8664
8424
8760
8488
41320
8608
8456
8808
8528
41280
8784
8536
8768
8504
8512
8816
8592
41688
8616
8552
8784
8528
41720
8648
8520
8736
8456
41480
8488
8480
8736
8480
41496
8568
8440
8688
8432
41408
8536
8472
8664
8424
41272
8544
8424
8888
8576
41384
8632
8592
8872
8456
41728
8648
8496
8800
8544
65776
9408
8768
8512
41488
8568
8528
9504
8832
8496
8488
8752
8496
9568
65088
9256
8736
8640
8776
8448
8448
9472
8776
8560
8856
8568
8520
8776
8504
41600
68624
9240
8536
8760
8504
41656
8568
8464
9392
41352
8712
8512
8888
8544
9480
8744
41632
8728
8840
8744
8760
54064
8680
8872
8528
41320
8600
8456
9536
9304
41312
8632
10016
8808
8808
8544
42528
67848
9456
8536
8800
8568
8816
8464
8456
10528
8968
8552
8760
10240
87184
9384
9992
8664
60176
9192
10160
8648
9768
41784
8712
8560
42752
8800
10304
41664
8568
8448
9016
75080
66648
9304
66456
9240
8792
8560
41736
8664
8568
8792
8528
41648
30432
9600
62832
9312
41584
8608
10264
8608
8816
8520
8848
8624
8520
8768
8520
41616
8592
8528
8736
8648
8808
8568
41312
8712
8520
8776
8504
8512
8816
8544
41808
8552
8448
9296
8960
8584
9968
9000
8600
8504
8816
8528
17040
951936
12120
11808
45160
10576
11488
12464
12384
45816
13248
14176
46648
109776
12864
13816
75240
519968
15728
86272
46352
12696
13048
14232
47768
12088
12272
12384
12808
45024
12136
44696
10984
12848
12144
12040
45824
13656
14128
47000
13456
13840
14016
13368
11680
13480
13976
45576
13880
13528
46680
13376
13160
13984
13776
13640
14200
14224
46392
13784
13936
46520
14072
14160
46992
13400
12976
46104
14328
13736
12856
13856
47272
13848
13728
46400
13416
14224
46760
13440
13440
13976
46064
14016
14184
46648
14224
13272
47224
14200
13088
13800
13960
47112
12640
14256
45768
13296
13544
46680
12920
13040
14280
13592
13112
13928
14160
45544
13056
11776
44800
11320
12136
13920
12360
44320
12784
11072
11912
12008
46152
13136
13720
13248
13160
46048
13136
13792
45320
13608
13648
45992
14256
13400
13728
13552
46864
12648
14016
46432
13544
14104
46808
13720
46480
13880
13928
46280
13832
13992
47144
14456
14072
46416
13376
13952
46112
14248
13976
46640
13752
14024
46064
14248
14416
47120
13912
14304
45888
13872
13896
46064
14328
13800
46896
13888
13664
46472
14336
14008
13432
13880
46232
14376
13760
46168
13720
13464
46048
13824
13568
46728
13968
13056
46776
13856
13488
12424
13952
45784
13248
14024
46752
12920
14456
13896
13128
13760
12832
11920
9152
8672
8800
8536
10088
9984
57976
9208
41672
8664
8552
8752
8568
41696
8608
8552
8768
8544
10608
41752
8720
8600
8840
8544
8832
8568
8576
8800
8424
10272
9912
8952
8536
41568
8592
9888
8992
8520
41504
8624
8480
8688
8464
41552
8600
8536
8680
8424
41488
8552
8480
8864
8504
41264
8536
8080
8768
8488
41704
8488
8432
8672
8432
41520
9672
9920
9832
8864
8472
41272
8640
8464
8896
8520
10280
8472
42768
8664
8520
8768
8544
73896
9664
41504
8448
8472
9816
41616
8600
10144
41456
8632
8448
8696
8408
41440
8552
10304
9280
8488
9656
42560
8784
8480
69656
9208
41744
8632
8512
9728
9816
8568
8800
10016
41752
8600
8472
8688
73584
9712
8768
8544
8536
8832
9936
8736
41504
8592
57824
8832
63368
8960
8720
68000
58000
9576
8480
10016
9752
8592
8752
9968
8656
9664
8560
8808
8528
9920
8656
8880
24688
9832
8888
23280
61376
9128
8784
8560
56312
8896
8824
60024
9288
9640
8656
9760
56296
9984
75424
84992
10072
41776
8472
8504
8752
8480
41560
8472
8496
8720
8480
41584
8504
8504
8728
10232
41728
8736
8560
8888
8576
9696
8512
8864
8560
41736
8624
8552
8776
8536
41680
8544
8536
8800
8552
41584
8568
8520
8760
8488
41632
8600
8512
8728
8480
41568
8552
8512
8712
8448
41512
8488
8456
8792
8448
41488
8752
8536
8792
8528
8824
8560
8456
8712
8456
41616
8520
8456
8672
8400
41456
8488
8472
8848
8520
41432
8600
8432
8688
8432
41280
8568
8448
8880
8592
41328
8720
8672
8824
74160
9456
8904
8552
41488
8784
8512
8840
8544
41296
8696
8480
8896
8552
60280
9544
8888
8560
41448
8768
8584
8848
8592
41344
8704
8536
8776
8512
8528
8888
8568
8872
8624
8560
8768
8528
41688
8576
8528
8720
8464
41648
8592
8504
8744
8480
41584
8616
8528
8744
8480
41512
8528
8448
8712
8448
41424
8536
8440
8648
8416
41368
8560
8464
8696
8440
41376
74080
8992
8488
8792
8528
9368
64616
9912
8512
8776
8480
41632
8536
8480
8760
8424
41480
8544
8536
8704
8440
41464
8552
8424
8752
8464
41504
8576
8504
8672
8440
41448
8552
8520
8696
8472
41488
8528
8504
8704
