191696
175200
172280
171344
275064
172560
171704
171616
172256
171592
171608
171736
171488
172544
171224
172168
170800
171872
171592
171456
172016
172464
187200
172544
172024
172624
171208
172496
171384
171280
171512
185352
236632
180512
171952
171528
172072
172456
172616
171544
240696
248688
247752
248648
249888
248288
215704
243928
248696
215680
247904
216624
247376
251608
249192
248856
248272
247160
386040
184160
314520
234760
209592
245824
199824
172376
171552
174216
173088
171128
173144
171216
171352
171864
171328
172352
232272
232080
243240
233592
205128
230368
253984
252784
237632
210344
235200
206920
238512
243856
200336
238224
232608
202848
197440
339128
262296
205384
276312
236968
233296
230968
207592
250144
247608
248592
238168
199968
252424
253144
205088
240592
237216
247672
241408
208568
238744
236728
212848
241728
234488
200008
367848
236136
197128
195712
236648
240288
212008
240064
243696
244296
248200
249424
236832
222048
252048
205584
241496
238472
207656
241256
238496
210296
236512
240664
212752
243312
245568
196672
360464
244784
235872
248896
240912
209048
252072
249776
247336
205376
249056
244688
245576
246272
247024
244024
246248
207968
243568
242112
203864
236152
354280
239656
173040
234336
225856
227480
241288
249496
250712
231848
229424
234984
242160
203312
230160
397360
232416
227040
230032
199664
208880
245776
321736
240712
229072
232704
230368
206712
233008
238416
248416
192400
172288
170216
170232
169792
169912
170632
169696
178520
205184
244352
194064
172528
170456
170368
169344
169928
170400
169656
169752
137080
169520
169712
170320
181112
171280
170144
169752
169992
170048
169792
169992
170240
169144
168352
169736
172640
176008
170304
169504
170056
169392
169968
169392
170016
169568
169352
169936
169456
170312
186280
171208
170336
214568
171240
170072
169648
169496
170040
169568
170288
169856
181408
183760
169976
169680
169696
170416
169960
169376
170056
169792
170448
170040
169512
281880
247688
246592
247688
247920
214104
247216
247888
214080
249024
247568
214464
246744
247024
213864
247448
247160
214968
249256
246360
213064
247352
247664
214704
248328
247248
215136
256992
214800
246464
247680
246464
247776
247416
246448
247608
245472
249344
247056
247480
247808
247992
246920
246600
247808
245720
249168
247016
244800
245560
234744
232104
230192
204864
202576
242960
177352
243792
246624
214880
247800
247568
246480
247592
247928
246784
247224
247056
192112
247256
245600
214048
246160
247720
294768
234496
235600
206048
242080
241112
201936
205256
244880
211256
237824
388648
240208
209880
238224
177448
170368
170200
169728
189752
170888
169864
169752
170496
170056
169688
169528
169832
169952
170144
169744
170408
180272
169632
170584
170040
170328
169632
169224
169784
170152
169920
169616
169424
224800
228072
247168
249344
241880
212680
170688
170808
170592
170400
170280
169768
245200
172800
170072
169680
137304
169672
170456
169784
170416
169832
170448
169992
169448
181328
170560
170688
169464
169944
169400
170144
169600
170136
169576
170280
169776
170328
236632
172096
170448
170296
169576
170360
169680
169896
170216
169656
170344
170448
170048
173616
169664
170072
169768
170224
169968
169664
170592
170096
169904
169536
170280
169984
217888
169896
175640
170848
169896
170424
169936
169664
169328
170096
169680
170536
169416
332246
228920
226720
232000
194920
207336
204512
240560
241536
319344
213104
242400
242536
242464
209080
233608
232200
233352
279816
203512
227944
233920
234800
198504
202256
236144
239832
292944
243944
242072
210256
235776
242544
209072
238440
205176
290425
253152
216480
247896
215880
248528
216424
263344
249184
248560
246496
247728
247952
248144
249560
247040
247496
249552
248344
215704
248872
247952
248224
248512
247392
249176
262048
250488
247464
247904
247752
247840
248048
248392
249192
256496
249560
248984
249504
247280
249344
246616
247968
248496
254608
215864
249496
247792
247736
248352
248080
247976
247536
257440
246632
247976
250264
248224
472344
248504
214448
247728
247616
249288
247520
216832
248568
248392
248464
249160
248264
250744
247816
247488
247832
215296
246264
247040
215496
256176
247120
248664
248248
214184
249288
248936
214736
248120
247432
249344
248784
215880
248768
249568
248696
249200
247272
246704
254616
284288
215088
247320
247680
249336
249752
247784
248856
253280
216280
248592
248168
249624
247464
247992
247240
248400
402241
250064
248368
248912
245912
246240
214184
246816
245936
197144
244144
245768
197816
172248
169544
170624
169656
170408
169752
170384
254096
179824
170464
170072
170352
169648
170248
169608
170240
169432
169984
170728
169744
233760
174896
170568
170712
170104
170752
170208
170312
169816
169968
169944
170336
169880
268448
185288
218744
246112
191168
187312
190376
207488
190048
232432
231968
173080
169512
169784
170128
170040
170320
137384
170112
170584
170144
169648
226232
229504
173544
180184
170824
169680
170160
170088
170704
169960
137936
170152
183624
171712
169920
170312
169544
223096
240952
186328
171400
169800
170592
169912
178928
171000
170440
249792
170360
170336
137840
169368
170112
136856
170288
169768
170552
182664
170200
170432
170376
170008
169552
170552
170072
169840
170752
170288
169992
169600
199536
171488
179968
183992
170552
170984
170184
169664
170712
169552
170200
236432
184568
190864
171888
170200
170432
170472
170048
169920
169632
169912
169464
170224
169920
213016
170992
169912
169464
169856
169936
169632
170440
170048
169504
170168
169608
170392
261358
173984
170392
169648
170384
169576
188840
187392
171640
171000
170120
169640
257746
173768
170312
169568
170432
170080
169656
169352
169936
170512
170016
169616
175624
224088
172904
169656
170496
169512
170112
169776
169952
169824
169664
169664
169504
179256
205952
247824
250096
248200
247904
247584
247960
247992
245848
247936
246456
247688
246928
246368
206584
247744
247496
214408
258224
213520
249352
247208
214408
247280
245792
246944
247392
250584
246000
248952
247112
245592
282752
246808
247216
247168
250384
248192
246560
249008
246280
247680
246288
246664
247064
249608
247624
246744
246936
247120
245744
214648
247376
247096
213312
249752
246192
212560
246504
245976
214184
248648
246312
215464
277272
247400
245984
247120
249008
246784
245480
247696
245568
248512
247800
248456
248120
246680
247456
245896
247080
247144
302232
249920
214832
248776
247944
246768
246640
246240
215720
267840
249784
248336
248216
248448
246616
248216
244720
405744
230488
171552
170192
169528
171056
171136
171024
138000
170048
169744
169656
169856
170608
188176
172552
169920
170008
170248
169520
169888
170648
169848
170472
169968
170472
170016
181104
170872
170192
170584
170160
170024
169632
170288
169568
170288
169728
170360
169752
217390
171824
169240
170680
170592
169552
169624
170488
170512
170384
169992
169576
170320
302345
251800
248376
249232
249328
247008
249232
248064
255528
247528
247696
248952
247656
248248
249088
247384
215048
249176
251376
248288
246760
215344
247520
247120
213416
249104
248584
254688
248672
