551
166
71
64
111
142
101
105
105
92
102
71
68
71
71
74
145
108
129
151
129
95
105
74
172
132
71
71
64
123
142
71
68
271
123
163
243
135
101
169
114
185
203
203
142
133
104
142
99
126
83
126
135
105
148
99
139
141
135
120
147
142
105
133
110
117
117
259
98
120
216
133
101
123
126
144
114
123
172
120
80
92
111
157
172
141
120
142
136
129
64
108
64
77
89
151
141
132
218
129
105
114
71
92
71
179
145
141
108
64
129
108
64
102
99
68
105
104
129
172
129
71
71
71
141
98
117
111
154
92
64
71
71
71
74
142
163
71
154
71
61
68
108
108
120
105
99
86
68
71
71
68
71
129
77
101
148
129
157
203
58
46
52
46
49
56
46
46
46
49
43
49
53
49
56
46
53
46
49
46
49
80
114
65
55
95
89
89
89
102
89
86
83
86
49
83
58
96
61
59
49
56
49
49
56
53
56
49
52
49
56
49
56
46
53
49
49
56
56
49
49
49
56
56
53
49
49
49
49
46
49
56
46
43
56
53
56
46
49
46
56
56
49
46
49
49
49
49
49
43
53
46
43
46
56
56
56
56
59
49
49
56
49
46
53
56
46
56
49
46
49
49
49
49
53
56
56
49
46
49
46
49
49
49
49
53
49
49
53
49
49
49
53
49
49
53
49
49
56
53
49
49
49
56
53
49
49
46
49
53
53
49
56
46
46
49
49
49
46
49
56
49
49
56
49
53
49
49
46
53
46
46
46
49
46
46
56
49
46
49
43
49
46
49
56
49
46
46
56
56
53
49
46
49
49
56
56
46
49
46
56
49
46
56
43
56
56
46
46
49
49
49
49
46
43
46
56
46
46
49
49
53
58
74
108
102
105
102
111
111
90
62
46
49
49
49
46
46
49
49
49
49
53
46
56
49
49
49
46
49
49
56
56
53
46
49
49
49
49
49
49
49
49
49
46
53
46
49
56
53
43
46
49
49
46
49
49
46
49
46
49
49
56
49
56
49
56
49
53
49
49
56
49
56
49
49
46
46
49
56
49
49
49
53
49
49
43
46
49
56
49
49
46
49
53
49
49
46
56
49
46
49
49
46
49
46
49
49
56
49
49
49
43
46
46
46
49
46
46
46
49
46
46
56
56
49
46
49
49
56
49
49
56
46
46
49
46
46
49
46
49
56
56
49
49
46
49
49
46
49
49
49
56
46
49
49
49
46
49
46
49
49
49
49
49
46
53
49
49
59
50
55
65
105
55
77
96
83
102
55
49
46
46
50
56
56
43
56
68
98
65
65
96
93
86
92
80
56
46
46
49
46
49
43
56
46
56
49
49
56
46
53
53
49
49
49
49
46
49
49
49
49
56
49
56
46
49
53
49
43
49
53
49
46
49
49
49
49
49
56
46
49
46
43
49
46
49
46
46
43
46
49
49
46
56
46
49
56
49
56
49
53
49
46
56
43
46
46
46
53
46
49
46
46
43
43
46
46
53
56
56
53
49
49
46
49
56
46
56
46
49
56
49
49
49
49
49
46
49
43
49
53
46
46
56
53
49
56
49
56
49
49
46
43
49
43
49
49
49
49
49
49
56
49
46
46
46
46
49
46
56
46
56
46
46
56
53
46
49
46
53
46
56
56
49
46
56
49
46
46
49
56
56
49
43
49
46
49
43
56
46
49
56
56
56
46
49
49
49
56
46
56
43
49
71
102
105
95
95
102
99
98
55
56
49
56
46
49
43
49
46
46
49
46
56
56
56
49
46
49
53
49
46
49
46
49
46
46
53
53
49
46
46
46
49
49
46
49
49
46
43
56
43
49
43
49
46
56
49
56
49
49
49
49
49
49
46
56
46
56
49
49
49
49
56
49
43
49
46
53
46
49
46
49
49
49
49
49
46
46
46
46
49
46
43
49
46
46
46
46
46
49
49
53
49
49
53
49
46
49
53
56
49
56
49
56
46
49
53
49
49
56
53
49
46
49
43
46
49
56
56
46
49
46
56
46
49
49
56
46
46
53
46
53
43
46
46
49
46
49
49
49
56
49
56
49
49
49
46
49
49
46
46
49
49
49
53
43
46
43
56
56
49
49
53
56
53
46
49
46
49
46
46
46
53
46
46
49
53
49
55
105
98
98
102
108
95
98
46
56
49
46
46
43
49
43
49
49
49
46
49
49
49
49
56
49
56
49
49
43
49
49
49
49
49
49
49
46
49
49
49
49
46
49
46
49
53
46
46
46
56
46
46
56
203
58
49
49
49
49
