13957
12489
9791
9218
8175
8222
8477
9883
9920
9631
9489
9704
9452
11173
9643
10711
10597
9886
9252
12514
10511
10354
9855
10969
11092
11157
11086
11138
11385
10458
11652
10021
11970
10443
11040
11467
10157
10379
11099
12231
10852
10332
10388
11511
10859
11243
10976
9585
10191
10963
11446
9145
10298
9378
7323
6108
6461
6031
10252
11381
11874
11105
11511
12665
11274
9591
11458
10612
10837
11603
11533
11240
11305
10329
10339
10508
9292
8181
10043
9667
11483
9539
11757
11093
8563
7806
8369
8142
9587
9040
8597
8936
8025
9732
10600
10748
9148
10363
8966
10462
9698
9010
8640
8723
9074
10166
9505
8320
7308
9157
8889
9747
12104
8717
8714
8686
8693
8693
8655
8686
26459
10590
5898
5874
5920
5840
5834
5825
5828
5818
5809
5818
5831
5837
5828
5837
5822
5803
5822
5812
5809
5819
5819
5812
5813
5809
5825
5812
6108
5831
5834
5831
5834
5816
5803
5815
5810
5819
5831
5831
5803
5822
5809
5812
5800
5809
5822
5822
5819
5816
5831
5803
5809
5815
5815
5806
5815
5812
5822
5822
5812
5803
5806
5806
5816
5816
5926
5874
5825
5889
5877
5883
5880
6172
5868
5868
5883
5852
5868
5880
5883
5868
5871
5871
5864
5874
5874
5856
5871
5883
5862
5868
5862
5868
5867
5877
5889
5880
5864
5883
5883
5880
5874
5880
5880
5883
5880
5877
5871
5886
5877
5871
5864
5868
5868
5893
5883
5871
5874
5877
5892
5871
5871
5868
5877
5871
5874
5862
5871
5880
5883
5880
5865
5868
5874
5893
5880
5862
5874
5871
5883
5895
5880
5880
5896
5874
5874
5868
5883
5867
5871
5886
5871
5877
5880
5877
5877
5868
5907
5877
5880
5877
5874
5883
5870
5883
5868
7477
10510
7760
6809
5865
5852
5868
5834
5849
5840
5856
5855
5853
5868
5859
5840
5843
5843
5840
5843
5862
5846
5837
5852
5880
5840
5852
5846
5849
5858
5843
5849
5840
5849
5852
5837
5849
5843
5837
5861
5862
5840
5852
5883
5855
5837
5856
5846
5859
5846
5865
5852
5849
5843
5858
5865
5852
5874
5862
5840
5840
8378
6135
5889
6206
6265
5828
5840
5822
5834
5819
5816
5822
5803
5800
5809
6142
5809
5819
5816
5806
5812
5806
5797
5812
5797
5794
5766
5763
5779
5781
5775
5775
5772
5769
5766
5779
5788
5791
5797
5775
5797
5794
5785
5788
5815
5816
5775
5806
5824
5779
5782
5769
5772
5766
5766
5772
5772
5769
5775
5766
5779
5775
5769
5785
5766
5775
5769
5769
5779
5788
5772
5769
5769
5785
5766
5769
5791
5766
5775
5769
5769
5779
5779
5772
5769
5776
5766
5766
5772
6133
5806
5794
5794
5797
5791
5797
5803
6126
5831
5815
5825
5772
5785
5775
5775
5772
5763
5769
5773
5766
5772
5791
5763
5775
5766
5778
5769
5772
5778
5779
5775
5769
5769
5769
5782
5769
5772
5781
5782
5778
5883
5794
5806
5782
5856
6114
6064
5806
5816
5840
6080
5797
5788
5828
5794
5809
5797
5797
5788
5785
5803
5797
5794
6083
5790
5791
5800
5806
5772
5812
6237
5846
5797
5794
5825
5803
5784
5806
5797
5772
5803
5809
5797
5800
5803
5800
5797
5797
5813
5800
5819
5889
6108
6028
7621
6231
5932
5868
5855
5864
6551
6148
7022
5969
6517
5825
6160
5849
5856
6194
5988
5923
5865
6477
5920
5846
5880
5840
5880
5843
5849
5859
5855
5852
5853
5859
5880
5874
5871
5932
6132
5861
5828
5858
5849
5852
5862
5862
5855
28966
7437
5929
5929
5929
5871
5874
5889
5877
5874
5886
5877
5880
5880
5871
5870
5877
5883
5896
5861
5886
5880
5877
5886
5883
5886
6194
5920
5908
5901
5926
5920
5901
5932
6034
6831
5917
5973
5920
5920
5914
5904
6323
5938
5920
6049
5932
5926
5945
6190
5923
5914
5902
5901
5898
5905
5898
5914
5904
5905
6366
5905
5976
6197
6160
5892
5917
5907
5954
5938
5941
5942
5932
5926
6246
5966
5985
5963
5966
6304
6268
6012
5966
5951
6216
5988
5951
5942
6680
5975
6265
6000
5979
5990
5991
9391
5966
5840
5806
5812
5815
5809
5809
5935
6173
5840
5806
5889
5812
5806
5824
5828
5815
5800
5797
5815
5812
5819
5809
5818
5831
6130
5831
5815
5831
5806
5825
5812
5834
5818
5815
5822
5818
5797
5812
5806
5821
5806
5824
5809
5806
5809
5812
5797
5812
5816
5809
5797
5816
5812
6068
5803
5800
6154
6154
5868
5871
5840
5837
5818
6151
5843
5824
5834
5853
5846
5809
5831
5816
5834
5825
5856
5831
6169
11151
6566
5831
5824
5821
5824
5812
5803
5803
5809
5828
5828
5806
5809
5806
5816
5803
5809
5816
5816
5806
5819
5813
5806
5822
5806
5809
5803
5816
5809
5809
5819
5813
5806
5806
5816
5803
5815
5809
5809
5816
5815
31046
6126
5850
5840
5837
5831
5822
5840
5831
5831
5825
5828
5831
5803
5846
5834
5834
5828
5825
5843
5828
5840
6221
5950
6209
5821
5828
5837
5824
5828
5828
5831
5852
5831
5827
5988
5815
5824
5834
5843
5843
5819
6575
6129
5880
5892
5880
5896
7138
5874
6188
5899
6351
6139
5899
5911
5902
5898
5886
5892
5908
5892
5899
5908
6243
5880
5868
5871
5818
5813
5822
5818
5831
5803
5822
5809
5828
5816
6283
6172
5886
5883
5855
5846
5899
5877
5862
5871
5877
5859
5874
5861
5865
5856
5868
5874
5852
5890
5877
5883
5856
5858
5870
5868
5846
5874
5874
5856
5880
5877
5859
5874
5874
5862
5883
5874
5862
5877
5890
5862
5849
5856
5871
5852
5883
5874
5852
5877
5871
5868
5846
5877
5871
5852
5877
5874
5862
5864
5877
5871
5849
5871
5858
5859
5871
5871
5846
5871
5874
5871
5852
5840
5824
5840
5828
5840
5853
5938
6200
6114
5846
5843
5852
5852
5840
6221
5858
6185
6225
5871
5886
5886
5889
5944
6218
5914
5939
5920
6237
5812
5855
7314
6129
7256
5899
5852
5843
5874
5867
5877
5920
6120
5850
5859
5849
5856
5932
6252
5877
5843
5834
5837
5843
5831
5834
5834
5834
