5317
1111
584
572
569
581
591
581
581
585
585
582
572
582
578
585
582
585
578
578
588
581
575
585
606
569
575
572
575
575
591
585
581
584
575
582
587
585
578
578
582
578
582
578
581
578
585
578
585
581
582
575
581
585
585
578
588
578
582
585
578
588
578
578
569
582
572
585
584
582
582
578
588
582
582
582
591
578
575
575
585
578
582
582
578
578
588
585
582
585
585
585
582
581
588
575
591
578
582
585
585
578
581
585
584
575
575
578
572
588
591
585
578
585
581
578
585
585
588
585
585
585
578
591
588
588
578
581
582
581
578
585
588
585
585
582
588
582
585
581
575
578
581
588
578
582
1157
474
437
412
412
406
403
403
403
406
412
403
403
403
403
403
406
419
412
406
406
406
413
406
413
419
412
406
406
406
406
406
413
412
412
406
406
406
406
406
465
440
416
406
406
409
406
772
431
434
409
400
413
416
409
416
406
406
406
412
406
409
409
489
483
425
416
409
409
440
412
471
459
422
422
412
412
412
415
474
480
446
409
412
412
419
419
409
412
412
416
464
483
425
409
409
422
412
412
474
480
425
412
409
412
412
416
464
483
425
416
412
412
409
409
474
477
425
409
434
425
412
419
422
421
415
419
409
409
412
416
412
428
418
419
409
409
412
416
412
419
409
416
412
412
419
421
425
419
409
425
418
419
422
418
428
412
419
409
412
419
412
425
418
409
416
412
419
409
412
425
425
409
412
419
416
409
419
418
406
425
431
422
406
412
412
415
428
412
418
419
412
415
415
418
428
422
412
419
419
412
419
428
428
419
415
412
412
422
425
431
421
421
428
428
428
428
428
428
421
421
421
428
421
428
421
421
428
421
428
421
428
428
419
418
425
415
415
415
415
415
400
428
434
418
419
419
412
409
409
418
418
419
409
409
412
409
409
415
425
412
412
409
416
412
412
415
425
409
412
409
416
409
419
440
418
415
418
409
412
412
412
422
425
419
409
409
419
416
412
418
425
419
412
412
419
409
412
425
425
419
409
409
419
412
415
409
419
412
409
412
409
416
415
431
400
397
397
397
409
403
427
428
413
1138
431
406
409
406
409
415
409
409
409
416
409
416
415
415
409
409
409
409
409
416
422
422
409
409
409
782
471
456
427
443
440
430
434
434
427
434
434
428
425
425
425
418
425
431
427
425
425
425
425
425
424
427
427
431
434
428
440
430
418
425
428
585
430
458
421
409
415
409
400
400
400
403
400
415
412
412
403
403
406
403
403
415
422
422
406
406
406
416
406
422
418
419
400
415
415
416
406
409
415
686
403
434
409
468
465
455
477
465
474
461
468
440
458
458
468
474
458
468
461
468
468
468
474
474
464
458
440
468
468
468
461
471
464
468
468
465
471
471
474
480
461
461
461
465
458
461
471
477
461
468
458
468
465
474
458
465
468
372
394
428
428
480
434
422
437
440
437
437
437
471
443
443
424
434
434
434
437
471
440
443
440
440
437
437
443
406
415
385
409
406
384
394
394
400
400
397
739
419
437
409
412
409
415
415
434
409
416
434
406
406
443
419
409
437
413
406
434
406
419
443
413
409
437
409
406
430
412
419
437
406
409
443
415
416
443
415
409
434
416
406
434
938
455
400
406
403
413
406
406
406
400
406
406
397
400
400
397
594
418
415
412
412
409
419
394
410
403
403
409
409
403
410
403
406
403
403
416
409
403
413
403
403
403
403
409
412
403
403
403
403
409
403
409
409
409
403
403
403
413
403
409
412
403
403
403
403
403
410
409
409
403
403
403
397
391
422
403
403
387
394
387
385
800
403
403
403
419
397
397
381
498
773
415
406
406
397
418
400
480
692
415
680
384
391
406
388
381
381
785
548
431
403
400
410
384
413
406
400
400
413
416
400
400
400
400
403
400
406
413
400
400
400
400
400
400
413
406
391
403
403
400
400
400
403
406
390
443
400
409
416
403
406
412
403
403
406
403
403
403
409
406
400
400
400
400
400
403
387
403
394
394
394
387
397
397
403
391
400
400
391
391
394
400
403
403
394
394
394
394
387
400
413
378
394
388
381
385
385
400
400
400
384
381
391
391
391
400
400
397
397
381
391
391
381
400
400
400
391
391
388
378
403
403
403
397
388
384
381
391
391
403
400
400
391
391
695
394
397
403
406
403
394
394
391
391
394
400
400
403
384
391
394
384
391
403
403
400
391
384
391
391
391
409
413
406
400
400
957
406
406
409
403
403
410
403
400
384
400
406
403
409
400
400
400
400
400
400
413
406
