241772
97600
88517
86400
88089
85532
83188
86730
83966
86591
91662
85957
85825
83502
83517
85837
84960
85105
83609
82883
85834
83157
84877
84862
85843
85437
85360
85652
85606
86123
86271
85883
83791
83880
84105
83507
85179
83111
85619
85410
83991
83089
83095
84305
85299
82760
98114
87080
86237
83296
86163
85320
92031
88062
87163
82618
85690
85323
85323
83391
83437
84326
86016
83016
83277
85169
83144
84431
111172
87452
87434
89816
84535
84160
87942
84095
86511
84092
86277
85991
86966
86191
86169
86169
85511
84711
85680
86246
86794
86871
85225
86160
113351
90105
86348
121744
88250
84637
86461
83868
84782
86142
86533
88080
94766
83991
83111
87532
87028
86262
89151
83437
84308
85831
511052
118686
82692
82865
83616
85843
85508
85954
90745
91264
86674
84769
81646
82661
82314
82083
82332
85704
82692
86104
85191
85412
81662
81400
127086
85474
84040
85360
84338
84523
84089
83323
82203
82031
82169
81668
81431
81305
85151
83846
84701
83339
83474
83016
82754
81862
81646
81443
81240
100360
84237
82966
83261
84012
85468
83446
83714
82462
82661
81862
81646
81465
81240
84255
84046
84406
84674
83461
84043
82646
83019
82754
81846
82274
81421
81261
85683
85554
82621
82941
82021
81855
81631
81443
83640
84539
83160
82557
82031
81486
81421
81446
81421
81446
81421
81446
81221
80471
83785
84240
84517
84234
84255
84086
94412
83461
83446
84425
83461
84456
83443
83446
83461
83440
83221
82757
82720
82517
82246
83019
82234
82261
82978
82751
82766
82720
82766
82788
82751
82046
82720
82274
90468
83065
83760
83834
83655
83653
84674
84708
83446
83283
83040
83997
83963
83055
82769
82862
82477
83025
83234
82052
82268
83019
83246
82280
83231
109336
93345
84256
83696
83662
83846
84911
84061
84406
84255
84240
81249
84240
81262
80582
82068
81661
82492
81945
82720
85415
85024
83366
83213
82295
81840
81800
85828
84944
84769
123618
83886
85458
84175
83877
83742
82465
85323
85123
84966
83323
82560
82419
85960
85203
85083
84588
84840
84280
82471
86323
84293
84785
84102
83600
82917
83702
84471
84314
84511
108794
87074
82539
82366
87379
85268
83197
83517
82314
86098
85535
83674
81723
83043
81621
123067
80643
81618
83646
83120
83265
82083
83933
81292
86502
186900
106975
93538
84708
85502
83975
81551
85234
83824
83083
84809
81037
82505
85104
83997
81145
81985
84095
81012
82135
85899
92418
88449
84227
108800
110483
84471
85151
83588
82385
82738
86357
85120
85111
85566
83714
82197
82778
82778
82108
82046
82037
82046
82034
82046
81846
81868
81846
82548
81840
82323
122693
83862
84099
83963
80434
80548
83631
83720
83218
80619
82529
80637
83095
83043
81840
80615
84031
83440
83960
80643
82533
81585
83825
83237
80612
81662
81785
124855
82813
82536
81637
81461
81018
84031
83640
83271
82606
82246
82548
84378
85059
84686
83062
83225
81849
81486
81018
84021
83422
82843
82240
81855
81486
80975
83871
150408
82539
83006
83446
84280
80615
83062
84052
82539
83720
84911
82046
82631
83656
81437
82181
83707
82040
82258
84680
81818
83019
84218
81603
82751
83237
81603
89696
83141
81575
81855
83056
84320
81846
83053
84074
81849
83963
84068
81652
82852
83837
81754
83711
83837
81662
81932
84966
81240
82779
83221
84046
82575
83973
154926
111526
100123
84702
81652
84218
82058
83446
83640
82539
83461
81280
81865
82846
84502
81788
80659
83240
84791
82040
83040
83671
81652
84077
84040
84471
136108
82661
82277
84911
81646
82926
83837
82280
82867
83837
82280
82852
84920
82031
82637
83471
81255
82252
83468
81332
82569
84914
84862
82163
83465
85738
102597
149932
100191
101249
109523
85822
81111
83474
83701
82034
83939
85120
82501
84883
86551
81711
82250
83455
81274
82234
147043
85994
85591
83098
121493
85932
83237
84701
82261
83683
85554
87948
105277
100797
107111
100812
85339
81560
83006
84406
81760
82246
84686
81640
83062
81043
82231
84674
82271
83705
135772
98698
84908
84108
82240
83770
85151
82046
83932
80972
82837
84930
81615
83970
84179
83099
84671
82271
83714
84711
82022
83461
81403
83939
81606
83043
83766
146234
86000
81301
83711
85151
82751
84446
82031
83766
84911
82271
83932
84354
81646
83711
85191
82015
84425
83215
82563
83960
81037
82283
83215
142056
84262
99166
176683
156711
112142
88059
85406
81951
84480
82040
82837
84957
81862
84191
81231
83240
83815
81791
84216
81234
83025
83634
82080
83979
82782
80680
80603
88615
82892
82868
85120
82751
84449
81422
82846
84009
82751
83440
81794
83714
85120
82751
84637
83443
85163
106576
87379
81791
82022
84468
83055
85585
82736
130403
92083
84120
82874
83569
80508
81972
83468
82003
83726
85120
82751
84185
81231
83231
83824
82520
83243
81234
83231
83831
82031
82868
84037
82751
83437
82031
138428
84422
82902
84883
82520
83307
82600
81929
82237
84311
81415
83231
83701
82271
82991
81566
83000
84640
81637
83080
81037
82246
83456
81421
82837
85151
82760
178466
269446
84683
81828
81846
81659
81779
81791
81255
81791
83452
82495
83714
82514
82797
83711
83997
83240
83634
83840
81579
81240
81415
81637
82252
84523
82751
82277
83240
83231
83498
82729
82846
83492
83754
82631
83720
82862
83951
84200
84483
82151
80622
82539
81846
82621
83058
82234
82508
82388
82616
81963
81822
82926
82120
82499
82080
81554
83379
82649
82637
82849
82824
81877
81975
81613
81431
85243
84818
85123
84120
84031
82819
82200
83344
83468
114492
85775
82332
84114
85283
84197
119114
86385
83391
82480
81791
82621
82129
84779
83742
82754
82255
82779
81856
81477
81776
81560
84043
83895
83640
84215
83763
81511
85286
83846
83068
82440
105575
83419
81575
84695
82498
81052
83240
82031
81185
83446
82246
81828
83446
82259
81255
83754
83006
82034
83655
82631
81422
84674
82800
81240
84486
82271
82739
85452
80948
83215
82252
81437
83486
82637
82058
83815
83062
80446
81446
83908
83034
82492
81566
84455
82440
81791
84646
82840
80588
81253
83569
82434
81437
83861
95686
84868
81969
82219
81529
85120
83741
81849
81415
83880
84191
82455
80628
84938
83237
83006
81853
82031
84052
84456
83289
80621
82308
81255
84671
83046
80616
82511
87739
83655
80748
84059
84456
82637
83797
83523
82852
80680
81652
81791
84914
83237
82261
81853
82071
85154
84446
82892
80621
82271
81173
84443
83053
82252
82520
81434
133932
104637
104813
147169
92935
