664
184
176
192
184
184
176
176
176
176
184
192
184
184
176
184
184
176
176
176
176
184
184
184
184
184
184
184
176
176
192
176
176
192
176
184
192
176
176
176
192
184
176
184
296
184
192
184
184
184
184
176
184
184
176
176
176
184
184
184
176
184
176
176
176
176
176
184
184
184
192
176
184
184
176
176
224
216
272
264
248
232
272
264
240
208
208
224
184
176
184
184
184
192
184
184
184
184
176
184
192
184
176
176
192
184
192
184
184
184
184
192
176
32976
192
176
184
176
184
184
184
176
176
184
192
184
176
176
184
192
184
192
176
184
192
192
232
232
216
208
224
192
184
192
224
208
264
208
208
256
240
224
200
208
200
208
232
240
208
224
208
248
248
240
224
216
264
216
224
256
280
200
224
200
224
256
200
33120
248
208
216
600
216
232
272
264
256
256
264
264
280
272
280
264
264
272
272
272
264
264
272
264
256
264
272
272
264
264
264
272
272
264
280
272
256
264
272
248
272
272
272
264
264
280
272
272
280
256
264
264
912
280
264
272
272
264
272
256
264
272
264
280
248
264
240
256
264
248
256
216
272
224
192
208
208
216
192
752
232
216
216
232
280
208
224
216
216
216
208
216
208
240
224
224
232
232
216
232
208
240
216
216
272
192
232
216
240
216
256
240
248
232
248
248
240
240
248
256
256
248
256
256
224
232
240
256
232
248
256
232
232
256
256
232
264
240
256
240
240
232
240
248
264
264
288
248
240
256
264
248
256
264
272
256
248
256
248
248
232
240
248
232
240
240
200
208
224
224
216
232
192
208
216
208
240
232
216
200
264
208
240
200
200
200
208
216
232
216
272
200
216
232
240
208
264
400
216
240
720
216
272
264
248
264
216
200
216
232
248
224
216
224
216
200
240
224
208
208
200
224
216
232
240
240
192
208
208
216
216
208
232
224
208
224
224
208
264
248
216
208
256
232
232
208
240
264
224
248
216
216
224
33120
224
224
224
216
216
216
216
224
216
200
240
200
272
208
216
232
224
248
216
288
224
232
216
240
216
208
216
200
216
240
208
216
224
224
208
224
208
224
200
224
208
200
216
216
208
200
216
184
184
184
176
176
176
176
184
192
184
184
184
192
184
192
184
184
184
192
184
416
232
240
224
200
208
232
216
208
232
200
224
200
240
1288
33416
264
216
248
216
216
33336
208
208
216
232
200
240
216
232
200
216
224
224
208
360
200
216
224
240
216
200
208
240
272
200
216
232
224
280
232
232
216
272
208
216
232
216
224
240
264
240
232
232
248
232
240
240
200
240
264
200
224
208
200
240
224
232
224
240
200
208
256
216
224
232
216
208
248
240
176
184
200
472
184
184
184
184
192
192
176
184
184
200
184
176
184
192
184
192
184
240
240
232
256
208
216
224
240
176
184
184
184
184
192
192
200
184
192
184
184
176
192
200
184
192
184
192
192
192
184
184
176
192
184
184
192
184
184
192
184
176
184
184
192
200
184
200
184
192
192
184
192
200
184
192
200
184
184
200
184
192
224
208
216
232
216
216
216
216
216
208
224
216
232
240
248
208
232
216
224
224
216
216
256
208
208
424
208
232
264
232
232
200
208
216
264
216
264
232
208
256
200
216
240
256
232
216
248
200
208
232
240
232
224
224
216
224
240
232
232
208
232
216
200
224
216
224
208
216
248
264
208
216
240
216
224
216
224
232
232
208
240
216
240
208
224
224
248
208
240
216
200
192
216
224
200
216
240
232
240
248
224
224
216
184
184
184
184
176
176
184
184
192
176
184
176
176
192
184
184
176
184
176
176
184
200
208
232
240
232
240
264
232
232
184
184
176
176
176
184
184
184
184
176
192
184
184
184
192
192
184
176
184
184
184
184
200
184
184
192
184
184
176
200
192
200
184
192
184
184
192
192
176
192
192
192
184
192
192
200
184
192
184
184
184
192
184
192
192
192
192
192
192
176
184
184
200
184
192
184
192
192
184
184
184
200
184
192
184
176
192
192
184
184
176
200
200
192
200
184
184
184
184
200
176
184
184
192
192
200
256
200
208
208
232
216
200
208
240
208
232
200
240
216
256
208
224
256
200
200
208
216
224
208
224
216
192
224
224
200
208
240
224
176
192
184
200
184
184
184
184
184
192
184
184
184
192
192
184
192
192
184
184
32984
192
184
192
184
192
192
184
192
184
184
176
192
192
184
184
192
184
192
184
192
176
200
184
184
184
184
184
192
264
216
224
248
256
248
240
216
184
184
192
184
200
192
184
192
192
192
