11360
2280
2272
2264
2264
2272
2240
2280
2224
2240
2272
2272
35264
2216
2256
35168
2256
2256
2280
2288
2240
2240
2232
2240
2240
35160
2224
2224
2240
2248
2296
2248
2232
2256
2248
2256
2264
2256
2288
2256
2248
2240
2256
2256
2288
2256
2248
2256
2232
2232
2240
2248
2248
2272
2248
2248
35184
2264
2256
2240
2248
2272
2248
35168
2264
2392
2184
2176
2184
2176
34984
2184
2176
2184
2176
2184
2176
2184
2184
2184
2184
2176
2184
2184
2192
2176
2184
2184
2184
2184
2184
2176
2176
2176
2184
35000
2184
2176
2184
2176
2184
2184
2184
2184
2192
2184
2184
2176
2184
2176
2184
34992
81536
2192
2184
2192
2192
2176
2184
2192
2184
2184
2176
2176
2176
2184
2184
2176
2176
2184
2184
2176
2184
2192
2184
2448
2216
2248
2256
2240
2264
2176
2184
2192
2176
34984
2176
2176
2176
2192
2192
2184
2176
2184
2184
2176
2184
2184
2184
2184
2176
2176
2184
2184
2184
2192
2176
2184
2176
2176
2184
2192
2176
2176
34976
2176
2184
2176
2192
2192
2176
2192
2184
2184
2192
2192
2192
2192
2176
2176
2176
2184
2184
2176
2184
2176
2176
2184
2184
2184
2176
2192
2176
2184
2184
2192
2176
2184
2176
2176
34984
2176
2184
2184
2176
2176
2176
2192
2176
2192
2184
2192
2184
2184
2192
2192
2176
2184
2184
2184
2184
2176
2176
2176
2184
2184
2176
2176
2176
35000
2184
2184
2176
2184
2192
2176
2176
2184
2192
2192
2176
2176
2184
2192
2176
2176
2184
2184
2176
2192
2184
2184
2184
2184
34984
2184
2192
2184
2176
2184
2184
2192
2176
2176
2192
2176
2176
2184
2184
2176
2176
2184
2184
2184
2176
2176
2176
2176
2184
2176
2176
2192
2192
34976
2176
2192
2184
2184
2184
2192
2184
2184
2192
2184
2176
2176
2184
2184
2184
2184
2184
2176
2176
2176
2176
2200
2192
2176
2192
2184
2192
2192
2192
2192
2184
2192
2176
2192
2176
2176
2176
2192
2184
2184
2176
2184
2192
2192
2192
2184
2176
2192
2176
2192
2184
2184
2184
34976
2192
2192
2176
2184
2184
2184
2176
2408
2192
2184
2184
2184
2176
2176
2184
2192
2184
2184
2384
2184
2176
2176
2176
35208
2176
2176
2192
2184
2176
2192
2192
2176
2184
2184
2176
2176
2176
2184
2176
2184
2328
2176
2176
34976
2184
2184
2184
34976
2176
2176
2728
34984
2176
2176
2176
34992
2176
2184
2184
2192
2376
2184
2184
2192
2176
2192
2416
2320
2176
2176
2408
2176
2176
2192
2184
2176
2176
2176
2184
34984
2176
2192
2192
2184
2184
2184
2176
34976
2352
2176
2176
34984
2176
2184
2184
34976
2176
2176
2184
2176
2192
2184
2192
2176
2184
2176
2184
2176
2184
2184
2184
2176
2192
2176
2176
2176
2176
2192
2184
2184
2176
2176
2192
2184
2184
2184
2184
2184
2176
2176
2176
2416
2312
2176
2176
2192
2184
2184
2184
2192
2184
2176
2192
2192
2176
2176
2176
2176
2176
2184
2176
2192
2192
35008
2184
2184
2184
35008
2184
2416
2184
2184
2176
2184
2176
2192
2184
2184
2192
2176
2184
2176
2440
2176
2184
2184
2176
2184
2184
2184
2192
2184
2176
2192
2192
2184
2192
2184
2176
2192
2176
2184
2184
2192
34992
2184
2192
2184
2176
2184
2184
2176
2176
2176
2184
2176
2184
2184
2184
2176
2192
2192
2184
2192
2184
35160
2192
2176
2192
47296
2192
2184
49272
2192
2192
2184
2184
2184
2176
2192
2184
2176
2184
34992
2176
2184
2184
34992
2192
2192
2176
2176
2176
2176
2192
34992
2176
2184
2184
2184
2192
2176
2176
2184
2192
2184
2184
2176
2184
2176
2176
2176
2184
2184
2176
2184
2184
2192
2184
2176
2184
2176
2184
2176
2192
2176
2192
2176
34992
2184
2184
2176
2184
2624
2184
2176
2176
2184
2176
2184
2184
2176
2184
2176
2176
2184
2176
2192
2176
2192
2184
2184
2176
2184
2192
2176
2184
2184
2184
2184
2176
2176
2192
2192
2184
2184
2184
2184
2176
2416
2376
2184
2176
2184
2184
2176
2184
64824
2312
2184
2184
2184
2184
2184
2184
2184
2184
2184
34992
2184
2184
2184
34976
2176
2184
2176
2176
2176
2176
2176
2176
2184
2184
2184
2192
2176
2176
2184
2176
2192
2192
2176
2184
2184
2192
2176
2184
2192
2176
2176
2176
2176
2176
2184
2192
34984
2176
2184
2184
2176
2184
2176
2176
2184
2176
2184
2192
2184
2176
2176
2184
2176
2176
2184
2184
2176
34992
2184
2200
2184
34984
2192
2176
2184
34992
2176
2192
2184
2184
2176
2184
2176
2176
2376
2176
2184
2176
2304
2184
2176
2176
2176
2192
2176
2176
2192
35000
2192
2176
2176
2176
2184
2192
2176
34976
2184
2184
2176
2184
2176
2184
2184
2184
2192
2176
2184
2192
2176
2184
2176
2192
2176
2176
2184
2192
2176
2184
2184
2184
2176
2184
2184
2184
2184
2184
2176
2184
34976
2184
2184
2184
2192
2184
2176
2184
2184
2184
2184
2176
2192
2192
2192
2176
2184
2184
2176
2176
2184
2184
2176
2184
2184
2192
2176
2184
2184
2184
2176
2176
2192
2376
2176
2192
2176
2184
2176
2176
2184
34976
2192
2176
2176
2176
2184
2184
2184
2192
2184
2176
2184
2192
2184
2176
2184
2192
2192
2192
2176
2184
2176
2192
2184
2176
2176
2176
2184
2184
34992
2184
2184
2192
2184
2184
2192
2176
2192
2184
2184
2176
2176
2192
2184
2192
2184
2184
2184
2176
2184
2176
2176
2176
2192
2176
2184
2176
34984
2184
2184
2176
2176
2192
2176
2184
2176
2184
2176
2176
2184
2192
2176
2176
2184
2176
2192
2184
2184
2184
2184
2184
2176
2184
2176
2184
2184
2192
2184
2184
2184
2184
2184
2176
2176
2184
2176
2176
2184
34984
2184
2184
2184
2176
2184
2184
2192
35024
2184
2184
2176
2184
2176
2176
2184
2176
2184
2176
2176
2184
2184
2184
2176
2176
2176
2176
2184
2184
2184
2176
2184
2184
2176
2184
2192
2192
34984
2176
2192
2184
2176
2192
2192
2176
34976
