28192
57056
56968
56176
23792
55952
24016
56528
23528
23672
23400
23592
23888
23344
23304
23376
24192
23952
24008
56096
22992
23440
23776
55760
55832
24600
22752
22704
56872
57384
56552
55720
22696
55488
22704
23088
23848
23848
56576
69808
56752
56000
23488
22952
22800
22744
55504
22720
55496
22784
56536
23464
24368
23880
23464
23496
55688
22752
55504
56384
56520
23056
55480
22720
22720
56592
56536
57872
56728
59784
26376
70968
24720
56664
56160
69312
56528
23504
24184
23768
23664
32150
56864
56680
57184
56712
56488
56784
56592
23848
24256
23624
23472
23712
56360
24416
24256
22800
55544
22704
22712
55496
22744
55504
22688
23456
22680
55272
22384
22664
55344
22336
22672
55472
55136
22544
27424
56008
55520
22408
22696
55344
22328
22688
55384
22264
22688
55456
55088
22552
22696
55272
22408
22696
55344
22328
22664
55392
55056
22608
55488
55128
22552
22664
55280
22400
22672
55352
22336
22688
55432
55056
22600
55488
55200
22472
22688
55272
22376
22680
59648
61800
56784
24592
23144
23392
56248
55776
55560
23032
23728
56040
55824
56224
23024
22696
55472
55128
22544
22664
55272
22400
22672
55344
22320
22688
55448
55128
22528
55480
55200
22472
22688
55272
22400
22672
55344
22336
22696
55392
55048
22616
67768
23032
55664
55624
22528
22736
23064
56024
56232
22624
23040
23696
56256
56440
56152
23320
23424
23536
55792
56200
23696
23672
23744
56112
55760
56208
23448
23416
22976
56272
55784
23688
23208
23160
23904
55416
55056
22600
59680
55936
55824
22816
23064
22968
55880
55656
22720
23072
22968
55864
55664
22704
22992
22960
55880
55696
22696
22984
22960
55808
56112
22712
23392
23008
55920
55776
22728
23072
22960
55992
55760
22752
23040
22960
55920
55736
65256
22824
23008
22968
55848
55656
22784
23040
22920
55888
55768
22736
23024
22992
55968
55792
22760
23016
22968
55944
55768
22760
23008
23000
55920
55592
22712
22872
22976
55792
56000
22712
23064
23000
55832
55672
22784
23040
22952
55840
55808
22776
23056
23008
55920
55808
22712
23040
22992
55864
55704
22800
22960
22960
55848
55616
22664
22984
22952
55888
55648
22776
23000
23000
56008
55648
23160
22992
22992
55968
55712
22736
23032
23408
55856
55704
22680
26408
22936
55832
55704
22672
22976
22944
55840
55680
22720
23000
23376
55904
55760
22744
23056
23344
55920
55760
22696
22984
22976
55936
55832
22728
22984
23000
55904
55720
22728
23008
22928
55976
55664
23120
23056
22976
55928
55736
56256
23528
23432
22968
23328
56136
56048
22840
22992
22984
56184
55568
22824
23552
56040
55672
22736
23584
22952
55952
55760
22752
23432
22992
55944
55696
22768
22944
22968
22952
56264
55560
22824
23008
22952
55824
55632
22848
23064
23424
55928
55744
22720
23024
23016
55936
55696
23168
23032
22992
55952
55816
22736
22984
22888
55864
55680
22648
22928
23296
55896
56152
23152
22952
22992
55848
55792
22728
23440
22872
22976
55744
55520
22792
23208
23208
55920
55736
22856
22856
22984
23016
55808
55584
22920
23016
22992
56176
55784
23208
23864
22928
55888
55792
55624
23624
22944
24072
56144
55720
25200
22816
24088
23344
57152
57608
57312
57176
57600
24744
24904
24192
57024
55480
55176
22488
22688
55272
22376
22696
55376
22256
22696
55448
55128
22544
22696
55264
22376
22680
55336
22320
22672
55392
55072
22616
55488
55104
22544
22696
55272
22384
22680
55344
22336
22696
55456
55128
22528
55488
55200
22472
22688
55272
22400
56720
55392
22416
22680
55416
22256
22888
55488
55200
22464
22696
55272
22384
22672
55376
22256
22664
55448
55096
22560
22688
55272
22376
22672
55336
22336
22672
55400
55096
22544
55472
55200
22488
22688
55312
22328
22704
69832
23400
23752
22696
55264
22400
22696
55344
22328
22664
55488
55128
22528
22704
55272
22384
22664
55344
22312
22672
55464
55128
23504
22952
23016
56488
55208
22456
22696
55272
22368
22696
55552
55056
22608
55488
55128
22552
22664
55496
22408
22696
66848
23896
55480
55096
22552
22704
55200
22448
22696
55344
22328
22664
55760
55096
22768
22688
55272
22416
22672
55392
22256
22688
55456
55128
22496
60088
56072
56064
55672
23400
23016
23104
56528
55832
22784
22664
22680
55272
22384
22664
55384
59440
24304
22688
55464
55096
22536
22664
55280
22392
22688
55392
22264
22672
55488
55128
22552
22664
55272
22400
22680
55400
22264
22688
55464
55096
22720
22680
55272
22384
22696
55424
22264
22688
55472
55200
22480
22672
55272
22376
22688
55384
22256
22784
55464
83926
24312
24528
24424
23520
56960
56256
57128
22936
23616
23416
56048
55800
55728
23056
23312
22912
56160
55688
22992
23560
23960
23032
56376
55616
55584
23520
23664
23752
55960
56648
56800
23688
23896
23952
56800
56800
56320
58608
23928
23112
24312
58272
56928
55824
22992
23496
23264
56512
56264
56312
22992
23120
23248
56664
56440
56848
55904
23288
23184
24240
23272
57544
55392
22488
22656
55272
22392
22664
55384
22256
22664
55472
55128
23168
22664
55488
55192
22472
22696
55344
56656
22760
22984
23696
55384
22272
22688
55480
55096
22552
22656
55272
22384
22664
55344
22328
22664
55456
55128
22560
55488
55200
22488
22696
55320
22328
22696
55416
22256
22680
55488
55136
22552
22696
55272
22384
99536
56888
55952
56240
23080
24096
23600
25264
24448
22952
57832
57720
55544
59000
25104
23360
23144
23712
55848
55712
55920
23224
23440
56088
56152
55888
23168
23128
23720
23800
56008
55760
55864
22736
22968
23544
23456
55936
55808
55736
22824
22944
23144
55888
55736
55640
22568
22808
22960
55904
55768
56160
23680
23496
22992
23048
55728
55544
22568
23488
22944
23088
55904
56400
56928
22800
22800
23056
56376
55920
56528
22664
22880
23304
22920
56296
55816
55600
23160
23328
22960
55872
56064
55824
22840
23080
23752
56096
56336
55784
55832
23048
23240
23648
23048
55856
55960
56240
22704
22944
23360
55912
55680
56400
22848
23056
22928
55808
67424
24184
22696
55480
55208
22496
22688
55328
22328
22696
55384
55056
22624
55472
55200
22488
22672
55344
22328
22672
55384
55048
22616
55480
55128
22520
22672
55272
22400
22664
55384
22264
22688
55448
55128
22504
22696
55272
22392
22664
55344
22328
25688
23056
22968
55792
57168
22488
22656
55392
55072
22616
55480
55200
22480
22696
55328
22328
22688
56184
57104
22552
