402624
370096
369160
401496
368312
402008
479216
369416
401520
368616
367952
410488
369168
402232
368128
403040
407721
396280
395040
362192
362152
573864
363616
394928
362144
362184
369528
362200
362192
394896
362176
375448
362192
362152
404672
370064
408560
394984
362120
362184
362208
394984
371056
403104
403968
402616
412000
411704
371048
401888
365560
423408
405880
369960
362184
362184
373824
400640
363496
362192
362192
401464
394976
362184
362200
394864
362176
363968
362184
362176
394984
362088
379896
362120
362176
394928
362192
368824
362080
362176
394968
362088
362192
428432
362184
362080
394976
362184
369424
362192
394912
394968
362520
369008
362184
362176
362128
394984
394968
402032
362176
362176
362176
362184
394944
413151
405688
374536
372088
402840
403872
479408
542311
403032
401672
401216
367112
369584
369232
401368
401136
402328
402168
403544
401704
400024
367712
367208
366832
505296
405280
402336
401304
400960
405072
400424
401016
367688
367968
367488
366816
367256
366104
367112
366968
400944
408648
400344
400224
399400
400408
399904
400704
406048
367000
367080
367216
367360
367192
406960
401120
400336
400504
401992
400624
407224
368328
368368
368904
371280
370360
437112
366904
368792
366376
365616
366648
405048
399216
399232
399192
399960
398992
404640
399952
400240
398392
403432
369008
380896
401776
400864
399592
399920
402184
487288
400144
402024
367888
367816
367936
372200
367512
367624
400840
399208
406168
408544
368552
370008
369896
367952
367448
405472
403200
405792
406496
371040
365136
520616
394896
394976
362176
362176
362192
486888
363592
362512
395016
394984
364264
413968
395272
362184
369416
362176
362152
362192
471224
395120
362176
362176
362176
394976
402088
394976
362184
362184
362176
362176
412472
362400
398456
394984
362184
362184
370160
363784
362184
362136
394984
362184
362168
377808
367240
362200
363528
365152
368760
371368
362352
365016
373304
369424
401376
403944
403384
398712
401712
403136
370136
376400
367672
368232
399464
401680
398320
416624
371288
371344
1103815
480528
405224
416690
403864
376384
541768
408352
405320
370184
366296
362168
362168
368552
362192
394968
362200
362176
362192
380824
362176
362192
394976
394920
362176
362176
371680
362472
362160
362152
362176
394896
402584
394968
362184
371288
367520
400912
404816
370096
367272
370904
402424
409616
369272
536632
362176
394856
394992
362168
371288
362176
362184
362176
394976
394976
411128
394976
362184
362176
362176
394976
399128
409600
366168
367024
365288
399168
404816
365896
366800
365600
366128
366440
402896
400024
367008
366896
367264
399104
410936
362176
362184
394968
362184
362168
362168
370272
362176
394976
394960
362184
362176
371272
363720
362176
362184
394976
394968
366872
362192
362176
362184
394880
394968
362176
369736
362176
362176
362184
394984
362176
367384
362168
362184
362168
394896
362208
362200
369232
405304
403376
368776
374016
418360
409584
369608
369720
368584
396392
401560
403168
395272
362184
362184
362176
394968
399680
403320
370984
368320
368880
400512
400408
368400
366696
401792
400168
416064
367080
401608
400664
400096
366840
511512
395328
394976
362176
362088
362184
379936
363224
365216
362160
394984
394992
368104
363840
362192
362192
362184
395000
394968
407328
362184
362184
362200
362176
394976
404960
394976
362176
362192
362200
394976
394968
403152
402248
365624
362184
395000
394976
487488
394928
394976
362184
362176
362176
414016
362192
394976
394968
362144
362176
529152
394984
394976
362120
362168
362176
435424
394984
362176
362176
362184
394968
400760
396920
394984
362176
362168
362184
372648
394984
362176
362176
362192
395000
403096
394968
362176
362176
362136
362184
394896
406752
399672
367664
366576
368008
400584
410304
369112
368024
400736
400280
400408
401528
400824
366856
367200
400032
408280
366512
367240
367824
399920
401056
410448
367480
368352
399968
399584
367680
379168
401064
482920
400872
366928
368120
490712
362176
362176
362176
394944
362184
372152
362136
362176
362176
394976
394992
369184
363520
369104
363704
362176
362184
394984
404096
394976
362176
362176
362176
362176
404952
394944
394976
362184
362168
362176
402048
397552
394984
362528
362168
362168
362184
472072
400504
400984
400136
367576
368872
417616
399104
399512
367360
366944
370024
374112
400224
402024
400536
374736
368224
412088
400760
368112
367960
368512
367328
401856
368960
367808
368392
401152
401816
466047
583352
364840
362184
362192
448345
400408
367032
367768
367368
400088
407784
368264
367640
367560
400576
401064
477712
400976
367288
366712
368328
416296
368040
367336
367680
400432
400064
438273
401128
365960
366424
366472
366624
414424
367720
371968
402352
399024
402016
400591
373656
401360
362200
362176
362176
380552
362184
362176
394968
394960
362184
362168
365496
362176
394976
394968
362176
362192
374120
362184
363504
362280
395568
394968
369760
399944
362192
362128
362168
362080
394976
402096
362176
362176
362176
362176
394888
404640
394936
362176
362176
362176
394984
401720
394960
362176
362168
362176
362176
394968
424192
362184
394936
394976
362176
362176
433560
395320
519024
367608
364312
362120
390104
405160
401848
403456
368792
372456
415328
373520
371632
403656
401560
367976
373248
400968
401240
368880
367568
367688
408568
369592
371104
402744
413856
380768
402272
401352
373832
368416
367152
414080
402432
370768
371808
401728
404816
412464
371992
405304
403216
405256
366120
405712
394992
394968
362136
362176
362176
367968
421880
370400
373832
405832
395016
406032
399008
362176
362184
362176
362176
394968
402944
362200
362168
362168
362168
394968
408200
394936
362184
362184
362176
362176
432904
363272
362176
362168
362168
394968
394984
432104
362168
394920
394952
362184
362184
466024
362184
362184
394960
394968
362176
370864
362168
362176
362176
394960
394968
416544
396704
394960
362192
362176
362176
394976
442216
362184
368976
362192
362176
394968
570645
362880
394840
394936
362176
362176
369200
362176
362176
395000
394960
362192
370744
362144
362184
394984
394968
362192
362176
449896
367208
440672
367912
364536
402192
397200
397800
397528
397632
404520
418720
371904
370416
398472
362176
362184
367712
362144
362176
394984
394968
362168
362176
370360
362192
394992
394968
362176
362184
368928
362176
394984
394968
362088
362176
379304
362200
362184
362176
394968
394952
362176
378160
362184
362128
362176
394984
394912
370392
362136
362176
362176
394968
394968
362176
363552
362176
362192
394984
466624
404576
376856
366504
406088
362136
362176
362184
400136
394968
394968
362184
362112
362184
401048
394968
572248
362184
362200
362184
372312
362200
394992
394984
362528
362432
362080
366616
362184
394976
394984
362176
362176
373024
362176
362184
394968
395048
362184
371712
362144
362184
394976
394976
362176
362112
446696
366472
373600
412320
401464
414056
369456
406376
409664
370440
371640
423987
362176
362176
362176
362168
394968
362176
367640
362176
362168
362168
394936
362176
412072
362168
362168
362176
362168
394968
415304
397680
394968
362184
