424
208
200
192
192
240
200
240
200
248
208
200
200
192
200
208
200
192
192
200
208
192
200
192
200
200
200
200
216
224
224
232
224
208
232
208
216
424
208
280
232
216
224
240
224
216
280
248
216
256
216
232
216
232
256
240
216
216
224
240
216
248
240
232
248
216
216
224
232
224
256
256
216
216
240
224
224
240
216
224
216
224
224
224
216
216
216
33392
208
224
208
224
256
248
264
200
208
33416
216
248
208
232
224
224
208
240
216
248
240
240
200
232
216
208
216
216
224
224
208
224
224
240
232
216
240
232
216
240
232
216
232
240
232
240
224
216
224
232
224
200
208
248
240
216
224
208
216
224
232
216
232
240
216
232
232
240
224
224
224
232
224
208
192
192
192
208
200
200
192
200
200
192
200
200
200
192
208
208
192
200
192
192
192
192
192
192
208
200
200
200
184
200
208
200
192
208
200
208
192
192
208
184
192
200
200
200
192
208
200
208
200
200
200
192
208
208
192
192
200
192
208
200
208
200
208
200
192
192
200
208
200
208
192
200
208
208
208
192
200
208
200
208
200
208
208
208
208
200
208
192
200
200
200
208
208
200
208
192
200
200
200
208
32992
200
192
192
192
200
200
200
192
208
208
192
208
200
208
208
184
192
192
192
200
192
200
200
192
200
184
192
192
200
192
192
200
224
224
240
240
216
232
216
232
33192
192
200
184
208
192
192
216
608
232
248
208
232
240
232
224
232
224
216
216
376
232
216
216
208
232
216
232
208
232
216
232
632
216
224
248
224
248
216
224
232
216
232
224
232
224
232
33144
240
240
216
208
224
240
224
232
232
224
232
224
208
216
208
240
208
224
224
232
240
208
216
240
240
216
216
232
240
240
224
232
240
248
224
216
248
240
248
216
192
240
216
232
224
232
224
232
240
232
224
232
200
232
240
240
216
224
216
240
208
224
232
272
192
240
224
248
232
232
224
208
216
264
224
224
232
240
232
224
600
232
232
216
224
224
240
240
224
224
224
240
256
240
224
224
232
224
232
232
216
232
224
248
232
232
232
248
232
208
224
232
208
224
200
232
216
208
232
208
200
224
224
232
232
240
240
240
208
224
232
216
224
224
240
240
224
216
216
240
216
224
232
232
216
216
248
224
208
224
216
232
232
224
224
216
224
240
240
240
232
216
216
200
200
216
216
200
232
224
224
216
208
208
192
200
192
200
200
192
200
192
192
200
192
200
208
192
200
192
200
192
200
208
200
208
200
192
184
192
208
208
200
192
200
208
192
208
200
200
200
208
200
208
200
200
200
208
208
192
208
200
200
200
192
208
200
200
192
192
184
200
208
200
200
200
192
208
208
200
192
208
208
208
200
184
200
192
192
200
192
200
200
208
208
192
200
208
208
208
192
200
200
192
192
200
200
208
200
200
184
208
200
208
200
32992
200
200
200
200
192
192
192
208
200
208
192
200
208
208
200
192
208
192
200
208
184
208
208
208
200
192
200
200
200
200
200
192
208
208
200
184
200
192
224
232
240
216
224
224
224
232
208
248
200
232
216
224
224
224
208
224
232
240
224
232
248
240
264
248
224
224
232
224
224
232
216
224
240
240
216
224
224
216
216
232
224
232
208
232
240
216
216
240
232
232
232
216
216
216
232
232
216
224
224
224
232
224
224
232
224
224
264
224
224
240
216
216
256
216
224
224
208
208
216
232
232
216
240
224
240
248
232
232
232
224
232
224
224
232
216
208
224
240
208
232
208
224
240
240
232
216
248
232
232
264
216
216
232
224
224
224
224
248
232
216
232
33144
216
240
216
232
240
232
232
240
256
232
232
224
224
224
224
240
224
224
208
232
33128
240
232
224
216
256
240
216
224
224
208
240
224
224
224
232
232
232
216
208
200
232
224
256
232
224
224
224
216
232
208
216
216
200
232
216
33136
240
232
232
216
200
240
232
224
240
208
240
208
240
232
224
200
232
216
224
224
216
232
232
240
232
232
224
208
240
256
232
232
224
240
240
200
240
240
248
224
216
240
240
224
33120
240
232
240
224
224
216
200
216
200
240
224
240
240
232
200
232
240
216
232
224
224
232
216
200
224
216
240
232
232
232
224
232
232
216
224
216
232
216
224
240
232
232
224
240
224
224
216
224
200
232
240
216
200
240
208
240
192
200
208
208
208
200
33032
200
200
200
208
200
184
208
192
208
208
192
208
208
208
208
192
192
200
208
208
192
200
192
208
200
192
208
200
200
200
200
208
208
200
208
208
192
208
200
208
208
192
200
208
200
208
