73184
22664
55312
22488
22472
55280
22528
55320
55336
22480
55272
22480
55272
55280
150631
22856
56168
56128
23000
22968
56144
22592
22600
56104
23008
22952
56160
23008
22960
56120
66864
23024
24264
55656
55904
22600
22976
55904
56128
56232
56016
23536
23088
24416
23872
23144
55792
55640
55848
55904
55728
56384
23304
23632
23696
56280
56696
56056
57832
24800
24888
57688
24840
23160
55944
22992
22584
55976
22936
22552
55896
22576
55464
55952
22960
55480
55920
22960
55488
55472
64032
22952
22960
55912
22800
55472
55904
23472
55952
55992
22656
55504
22960
23208
55952
22952
22992
55936
22560
22960
55544
22968
22944
55888
23056
22584
22568
55464
55320
22560
22968
55480
55728
22880
22952
55496
55792
22800
22968
22552
55416
55720
22936
22976
55856
55768
26136
22944
22560
55400
55736
22968
22936
55464
55728
22512
22576
55448
55776
22408
22944
22552
55408
55320
22976
22544
55504
55352
22952
22568
55880
55344
22888
22992
22584
55400
55680
22968
22520
55448
55680
22960
22904
55456
55704
22848
23472
23376
55496
55736
22864
22568
55496
55344
22512
22560
55504
55416
22432
22944
22584
55448
55744
22576
22592
55512
56040
22792
22984
22952
55472
55328
22576
22552
55480
55696
22880
22544
55488
55808
22408
22568
22536
55368
55704
22520
26200
55488
55680
22888
22576
22560
55408
22816
22960
22960
55472
55336
22560
22552
55488
55320
22856
22960
55496
55408
22808
22952
22928
55464
55352
22960
22968
55504
55736
22488
22992
55480
55416
22832
22544
22584
55432
55696
22928
22936
56000
56528
22336
22480
55184
22240
22464
55256
22240
22456
55256
55032
22368
55248
55040
22376
55256
55024
22376
55256
55032
22400
55264
55112
22304
22456
55112
22296
22448
55112
22304
22456
55112
22304
22456
55104
22320
22456
55136
22352
22464
55184
22272
22456
55184
22264
31760
22944
55456
55752
22512
22576
22944
55816
22824
22944
22552
55480
55368
22912
22560
55496
55304
22840
22960
55456
55784
22432
22560
22552
55416
55760
22560
22936
55456
55376
22928
22552
55456
55336
22880
22584
55472
55816
22800
22568
25072
55528
55704
22488
22568
55488
55720
22520
22960
55496
55416
55712
22600
23008
55480
55744
22536
22968
55456
55704
22504
22952
55480
55696
22880
22976
22560
55456
22792
22560
22976
55480
55312
22936
22952
55456
55296
22872
22968
55504
58864
55736
22496
22968
55488
55288
22872
22520
22944
55392
22800
22992
22984
55480
55728
22528
22952
55480
55704
22872
22584
55488
55352
22896
22544
22960
55800
22800
22928
22936
55512
55720
23008
22536
55456
55344
22880
22568
22952
55768
22856
26352
22984
56176
56376
22320
22456
55176
22280
22456
55256
22280
22448
55256
22272
22464
55248
55048
22384
55272
55056
22384
55272
55112
22312
22464
55112
22304
22456
55112
22320
22464
55176
22240
22464
55184
22240
22456
55184
22264
22464
55256
22264
22464
59448
55552
23336
22536
22592
55976
55840
22472
22456
55272
55048
22368
55272
55112
22320
22464
55112
22320
22448
55112
22320
22456
55112
22312
22456
55184
22240
22448
55176
22240
22480
55184
22272
22448
55256
22264
22456
55256
55056
22384
55280
55032
22384
55256
66096
55496
22888
23072
22736
55728
55992
23024
22736
22744
55840
55584
56344
22400
22464
55136
22344
22480
55112
22320
22456
55192
22256
22440
55184
22248
22448
55248
22248
22456
55256
55032
22376
55736
56096
56080
23264
23496
22760
55184
22264
22424
56336
56272
57064
55640
24160
22848
23624
56104
56144
56520
23056
22608
55560
55632
55896
23088
23576
23112
22616
55656
55728
23032
23736
22488
55256
22264
22456
55256
22264
22464
55248
55056
22384
55280
55032
22384
55256
55080
22336
55280
56576
56888
56240
22328
55424
55280
55048
22384
55280
55032
22376
55248
55112
22304
22464
55112
22312
22448
55112
22304
22456
55112
22320
22456
55112
22312
22480
55184
22264
22456
55184
22264
22456
55184
22264
22424
55184
22256
22456
55256
56672
22400
22464
55264
22256
22448
55256
22264
22456
55248
55064
22384
55280
55032
22376
55256
55032
22400
55280
55112
22304
55248
55112
22304
22464
55112
22336
22480
55112
22304
22456
55112
22304
22456
55136
22320
22472
55112
22320
22480
55184
22256
22448
55184
22272
88574
55256
55112
22304
22480
55136
22336
22456
55136
22344
22464
55136
22336
22480
55112
22312
22448
55184
22232
22480
55184
22264
22456
55256
22264
22456
55256
22272
22456
55256
55056
22384
55280
55040
22376
55256
55056
22368
55280
55112
22320
55256
55112
22320
25896
55280
55064
22376
55280
55032
22376
55248
55080
22320
55248
55416
26160
22952
22832
55976
55672
22872
56240
23536
22488
55280
55032
22376
55264
55032
22384
55248
55040
22368
55256
55104
22320
22464
55184
22224
22472
55184
22264
22456
55184
22264
22520
22464
55256
55064
22376
55272
55824
23192
22832
23616
55256
22264
22456
55272
55032
22376
55256
55488
22336
22488
55104
22320
22464
55112
22320
23480
56672
55680
55264
22400
22480
55136
22328
22464
55112
23032
23880
22784
55720
55752
62632
55664
22480
22464
55256
55064
22384
55280
55024
22376
55264
55040
22376
55248
55112
22304
22464
55112
22320
22456
55184
22232
23256
55560
55456
55568
22856
22696
23096
55544
55680
22896
22752
22608
55744
57048
55952
22888
23008
23368
55840
127863
23000
23232
55760
65929
56160
22976
23152
23048
55720
55256
22264
22456
55248
55056
22384
55280
55048
22368
23232
55680
56312
55632
55560
22752
22960
55728
94681
57528
56912
131752
22968
56000
56240
55688
22688
22760
22824
22864
56024
55968
22816
22776
22808
22704
55952
55992
55920
22928
23400
22784
23328
55968
56024
55968
23056
22952
22936
55912
55872
55728
22808
25664
23400
23712
82201
55880
22512
22568
22960
55632
22376
56208
57424
56248
56104
23320
23376
23280
56376
56056
55984
22848
23296
24048
24056
23224
24072
22800
137344
55848
31807
23328
55808
55824
55872
22768
22968
23048
55968
55832
57032
22704
22936
23072
22944
56064
56240
56000
22888
23336
23488
23008
55936
55960
55760
23600
22480
55256
22256
22464
55256
55768
23040
23456
22880
55760
56064
56704
56024
23160
24312
22456
55104
94002
22576
22480
55136
22336
22472
55184
22232
22464
55192
22232
22480
55256
22248
22464
55256
55048
22376
55272
55056
22384
55280
55032
22376
55256
55112
22312
22464
55112
22304
22448
55136
