38560
2224
2264
2224
2240
2240
2248
2248
35368
2240
2232
2224
2240
2216
2256
2248
2264
2248
2248
2248
2232
2240
2224
2240
35352
2240
2264
2240
2248
2240
2224
2232
2216
2288
2224
2240
2240
2272
2240
2224
2224
2224
2224
2248
2224
2216
2240
2264
2288
2224
2264
2224
2248
2224
2216
2272
2280
2360
2232
2296
2248
2256
2248
2232
2256
2256
2224
2224
2632
2240
2256
2208
2240
2312
2248
35352
2256
2208
2280
2288
2240
2224
2320
2272
2240
2248
2296
2216
2232
2224
2248
2272
2320
2248
2272
2232
2256
2304
2248
2240
2248
2248
2280
2232
2216
2256
2264
2232
2272
2264
2216
2224
2280
2224
2200
2224
2232
2256
2256
2240
2280
2232
2248
2232
2240
2232
2224
2216
2224
2232
2256
2256
2224
2224
2232
2224
2264
2288
2288
2240
2208
2240
2216
2296
2272
2248
2272
2208
2232
2232
2272
2256
2216
2208
2224
2248
2208
2232
2224
2240
2224
2264
2232
2248
2224
2248
2240
2248
2224
2272
2240
2248
35344
2280
2256
2240
2312
2224
2296
2256
2240
2240
2216
2312
2216
2240
2264
2264
2248
2232
2272
2232
2240
35392
2208
2224
2256
2248
2240
2224
2256
2296
2256
2232
2240
2264
2336
2232
2248
2248
2256
2248
2216
2256
2232
2272
2248
2272
2240
2272
2216
2648
2248
2224
2256
2240
2248
35400
2232
2248
2264
2264
2264
2256
2248
2248
2296
2264
2240
2208
35416
2272
2248
2240
2264
2240
2208
2240
2224
2256
2240
2272
2272
2224
2224
2216
2272
2240
2224
2240
2248
35408
2232
2824
2272
2216
2216
2232
2232
2240
2216
2240
2224
2224
2224
35352
2224
2232
2184
2184
2184
2192
2184
2184
2184
2192
2184
2184
2184
2184
34984
2192
2184
2184
34984
2192
2184
2184
2192
2192
2184
2192
2192
2184
2184
2184
2192
2184
2184
2184
2192
2256
2216
2184
2176
2184
2192
2176
2184
2184
2184
2184
2192
2184
2184
2184
2184
2184
2200
2192
34976
2184
2184
2184
34968
2184
2200
2184
2192
2192
2184
2184
2184
2184
2192
2184
2192
2184
2192
2200
2184
2192
2192
2184
2184
2184
2184
2192
2184
2184
2184
2192
2192
2192
2184
2184
2184
2192
2192
2192
2184
2184
2192
2184
2192
34984
2192
2200
2192
2240
2256
2248
2264
2240
2232
2304
2184
2176
2184
2184
2184
2192
2184
2184
2184
2192
2184
2184
2184
2184
2184
2184
2192
2184
2192
2184
2184
2184
34984
2192
2192
2184
2192
2184
2184
2184
2192
2184
2184
2192
2192
2184
2192
2184
2184
2184
2200
2184
2184
2256
2624
2192
2184
34984
2176
2192
2192
34976
2192
2184
2192
2192
2184
2192
2184
2192
2184
2184
2192
2184
2192
2192
2184
2184
2192
2192
2184
2192
2192
2184
2184
2192
35000
2184
2192
2192
2184
2184
2184
2184
2192
2184
2184
2184
2184
2192
2184
2184
2184
2192
2192
2184
2192
35024
2184
2184
2184
2184
2184
2184
2192
2184
2192
2184
2184
2184
2184
2184
2184
2184
2192
2184
2184
2192
2184
2184
2192
2192
34984
2192
2184
2184
2184
2192
2184
2192
2184
2184
2184
2200
2192
2184
2184
2192
2192
2184
2184
2184
2192
2192
2184
2192
2184
34984
2192
2184
2192
34976
2192
2192
2192
2176
5384
45560
2248
2248
3704
2192
2192
2176
2184
2192
2184
2184
2184
2192
2192
2184
2184
2184
2192
2192
2192
2184
2192
2240
2240
2256
2264
2288
2272
2256
2208
2256
2256
2256
2232
2232
2264
2240
2240
2240
35152
2248
2256
35128
2264
2240
2272
2240
2240
2240
2240
2240
2264
2256
2248
2256
2232
2256
2256
2264
2240
2232
2240
2240
2232
2248
2240
2224
2264
2256
2288
2240
2248
2256
2256
2272
2240
2240
2256
2248
2248
2240
2264
2264
2240
2248
2240
2232
2240
2224
2256
2240
2248
2240
35168
2240
2248
2232
2240
2248
2240
2232
2256
2248
2256
2264
2488
2264
2232
2248
2248
2232
2248
2248
2248
2232
2248
2256
2240
2224
2256
2248
2256
2240
2248
2248
2256
2288
2280
35136
2256
2232
2240
2264
2264
2256
2232
2256
2248
2248
35168
2248
2272
2256
2240
2248
2248
2240
35152
2256
2248
2248
2240
2216
2224
2232
2240
2256
2256
35160
2240
2248
2256
2240
2224
2256
2256
2240
2248
2232
35144
2240
2232
2240
2264
2256
2248
2232
2248
2232
2232
2232
2256
2256
2256
2248
2272
2232
2240
2232
2256
2256
2248
2248
2272
35200
2248
2256
2256
2256
2248
2240
2248
2216
2240
2688
2240
2240
2240
35160
2256
2232
2248
2232
2240
2256
2272
2232
2224
2232
2240
2240
2224
2248
2248
2240
2504
2248
2272
2280
2256
35152
2264
2696
2264
2248
2232
2248
2256
2256
2240
2256
2256
2232
2240
2264
2256
2256
2232
2240
2240
35176
2208
2240
2256
2240
2248
2240
2216
2248
2240
2240
2224
2232
2224
2200
2264
2232
2240
2640
2216
2240
2248
2240
2232
2232
2224
2648
2240
2224
2592
2248
2240
2240
2264
2272
2264
2208
2232
2216
2240
2224
2288
2256
2264
2464
2280
2232
2216
2248
2208
2232
2216
2224
2232
2224
2640
2232
2240
2240
2248
2224
2232
2248
2232
2240
2240
2232
2248
2216
2240
2264
2288
2264
2320
2224
2232
2664
2216
2248
2224
2216
2224
2248
2232
2232
2248
2224
2216
2232
2216
2224
2232
2240
2232
2224
2232
2232
2264
2232
2272
2240
2248
2224
2232
2208
2216
2216
2216
2248
2240
2280
2248
2608
2248
2232
2248
2200
2216
35200
2264
2248
2192
2288
2720
2232
2264
2224
2216
2240
2232
2256
2224
35168
2240
2232
2240
2288
35160
2240
2296
2224
2248
2320
2280
2616
2224
2224
2240
2232
2240
2240
2232
2216
2232
2232
2240
2224
2232
2216
2248
2232
2240
2224
2248
2232
2240
2248
2272
2232
2240
2232
2288
2216
2224
2256
2248
2256
2256
2264
2224
2224
2264
2248
2280
2328
2256
35160
2840
2304
2256
2248
2256
2264
2240
2216
2224
2216
2216
2256
2240
2224
2240
2288
2288
2248
2280
2240
