368152
365888
395408
391872
391872
358976
358920
374576
359176
359072
358976
391864
528032
396248
391928
359008
362336
405672
364168
398504
363904
680904
395608
565352
391968
359016
394816
391768
359024
359064
358968
364232
363568
471360
397200
471720
396528
363288
364128
363400
369512
396992
396776
396472
363848
386976
397208
396200
395784
396160
369304
363912
363528
365352
362848
405304
396168
362784
362848
364208
374792
396968
396128
396848
363472
400047
393272
391800
359000
358904
431440
1039296
371968
401800
474591
504792
426728
369568
370216
396224
364560
363344
2085040
469368
546695
372528
387138
406399
386952
363424
362208
398232
402736
364360
363184
364288
363752
364112
404712
397360
397184
359136
358000
363136
403992
367920
366472
448160
361064
358600
367104
358152
390800
358008
358000
390808
363800
360528
358000
390792
358016
358000
390800
369936
358648
357712
390504
357712
357704
391192
362192
358512
358392
391088
357704
357704
396760
392224
357752
358000
390800
358000
357976
402752
391792
358000
358008
390656
357704
686463
366744
401064
400792
395728
402312
391392
364168
509928
358944
358000
403664
396968
358352
358000
358000
390800
358000
392424
358528
357704
390496
357704
357704
395504
394688
358440
357704
390800
358000
358008
405232
395264
395512
361752
362240
362768
365704
395232
395544
362208
362144
362056
362000
398040
391264
358000
358000
391168
358008
432386
391896
361616
361248
358736
357928
395312
363712
391440
358008
358008
390720
358016
363752
358440
390800
358016
358008
390792
358000
513104
398296
393192
358248
358016
358008
431752
359096
358064
358000
358000
357984
397800
358944
358000
357704
357704
357704
390504
403880
358640
358208
357856
357864
357864
364352
362368
394040
360832
361024
361456
361152
361144
393824
360568
360616
360952
361528
398768
394416
361256
361216
361680
361424
418624
360736
393584
394472
361032
361384
361224
396480
393888
361528
360400
360584
393744
396528
361448
361632
361864
361368
393992
361136
447584
432778
416256
396944
395640
449615
394184
394200
360808
361584
361992
371312
360976
393984
361392
361536
365672
361832
361520
393952
394176
361096
360808
361264
397624
394120
361632
360760
393392
402296
361448
361344
360944
361416
393768
364816
360776
361448
361520
393576
360752
360984
365112
361256
394216
360616
360576
361648
364560
394184
360864
360528
361608
360512
393760
412001
391888
358312
358000
358008
358024
370880
359040
358056
390824
358000
358000
390816
405448
358064
357888
390768
358008
357888
502952
411735
363192
397736
395552
396296
404744
362096
358688
358160
358000
358296
396672
360184
358496
358008
358304
358304
358016
399336
395808
362320
362720
361920
362488
441265
364416
358984
358000
390808
358000
358000
400760
358352
358000
358008
358008
358000
429576
359096
360392
511854
398584
397400
410624
364720
546408
365312
364128
364056
437736
363512
439272
363984
365840
492544
496882
362824
360520
396104
407119
435424
361696
360240
358000
358144
358256
373808
360800
360408
358640
358352
358592
358016
434416
359000
358152
358256
357712
357696
370880
358848
390824
358000
358000
390808
358000
373288
365816
360416
358208
390800
358008
428368
392096
358568
358008
390792
358008
375544
365488
1047744
394776
361176
364760
361224
361240
361632
393776
361328
364560
361216
372208
361296
393448
360440
360880
368680
361424
394184
394200
361232
360864
377552
359040
358000
390816
358000
358008
390808
366408
358584
358008
358008
358000
358016
410640
391832
358304
357712
390440
357712
357704
397080
358680
358000
358016
358008
358016
395240
416128
360496
364440
360488
358504
410024
395736
395832
361584
362208
363088
367856
395072
525752
362736
362592
362264
479872
358704
358488
358600
358008
358296
366456
391592
358208
358000
391096
358312
358600
407608
361240
358440
391360
358592
358000
490928
396112
395448
362648
362240
363008
367216
395304
395264
361904
362464
362912
362824
400008
864440
363232
362288
362272
432992
395960
362256
362336
362176
394656
400480
395160
362312
362256
362416
362400
404552
394912
361976
361984
362368
362840
394712
425303
360848
358248
358008
390808
358000
368424
358736
390808
358000
358016
358008
358000
392338
358736
358152
358008
358008
358016
390000
359080
358200
390792
357704
357704
390792
406984
358640
360368
359360
396032
362648
367568
363680
364056
363056
362896
365232
460191
362688
361984
362224
362200
395184
414456
395504
395504
362656
362264
362728
367688
362144
395816
394912
362632
361776
362688
424552
362208
362760
361936
394648
394912
368568
362848
362792
361584
362848
395112
400416
395880
361736
361728
362008
362384
395288
410808
358936
358056
358016
358000
358024
367968
359040
390800
358008
358016
390704
358008
364592
358496
390800
357704
357704
390504
362248
359904
358152
390808
358000
357984
390792
366280
364728
358840
358344
390800
357968
363128
360440
390800
358000
358008
390800
358000
365200
359000
390808
357704
357704
390528
358008
362256
358344
358016
358008
357984
357888
364720
358936
390800
357720
357704
390456
357696
369088
369168
365080
359136
358216
390800
398432
358792
358000
390496
357712
357704
390496
363632
358400
358000
390808
358000
358000
432224
364880
497168
358888
357720
390440
440992
396608
359000
358304
391384
358016
370904
359928
358264
390960
358000
358344
391256
494248
358744
358352
391384
358000
358256
401472
391640
358496
358608
390760
358312
358096
427672
358728
358344
391352
357920
358544
398992
396032
358648
358544
358008
358304
358008
365984
391320
358304
358008
391016
358296
421168
391832
358048
358000
390800
358000
358000
405456
391136
357912
358000
390808
358000
362560
361864
393512
394600
361120
360848
360792
398000
393152
360912
360432
361112
393584
410927
359136
390920
358000
357960
390800
358000
394160
394520
360976
361344
360776
361224
397736
394656
360256
361608
360744
394192
405296
394584
361096
360960
360952
361176
393792
364592
361216
361776
360776
393352
361352
365528
361736
361568
394112
393544
361032
364368
360800
394024
393528
361264
361592
360584
400552
393880
394112
361776
361976
361008
399168
394288
360768
360760
360744
393656
393600
364744
361624
361488
394312
394496
405160
364936
361016
361328
361184
393656
360704
361632
429504
358288
358000
358016
358008
390712
400856
395224
358600
358056
358000
358016
362808
359968
390504
358008
357992
390800
358008
372072
358848
357712
357712
357704
390504
357712
362304
358160
390776
358016
358000
390808
365272
358696
358000
390784
358008
358008
390808
368112
358440
358008
390760
358016
357856
404944
391920
358216
358000
395808
358888
358008
367928
358744
358008
358008
358008
358008
436584
369560
366440
363200
366104
364800
405536
399704
403448
394896
391560
358000
364624
362872
363624
397280
396816
363928
436704
364432
363960
364672
358960
358112
401464
391208
358112
358008
390800
358000
357976
395272
358472
358008
390792
358024
358000
390800
394744
358208
358000
390704
358000
358008
470160
358984
358152
391120
357720
358000
421514
359128
357896
358008
358008
358016
357728
396392
358496
358008
