584
48
80
72
64
64
80
80
72
64
88
33240
80
80
72
88
64
80
72
64
72
80
88
56
72
72
80
56
72
56
48
56
120
72
48
80
80
56
80
48
48
80
72
56
64
72
64
80
56
48
72
64
56
48
72
56
56
72
64
33224
72
80
56
80
48
56
48
48
48
56
80
88
64
80
72
56
56
80
88
80
72
72
80
88
72
72
72
72
80
88
33216
56
64
96
72
72
112
80
96
72
64
72
72
72
80
56
72
80
80
80
72
72
72
72
64
48
56
48
88
56
64
56
48
56
72
72
64
88
64
48
64
80
56
64
56
80
72
88
72
72
80
64
72
64
72
72
80
72
72
80
80
64
104
72
88
136
312
48
72
72
72
80
64
80
136
48
64
56
56
80
72
64
72
80
72
56
80
72
72
72
48
72
64
72
80
80
56
56
56
56
64
56
56
48
48
56
72
48
64
72
88
64
80
72
88
88
72
80
72
80
80
72
80
72
80
88
48
72
48
64
72
48
72
64
56
56
56
48
56
56
56
48
80
56
56
56
48
80
72
56
80
64
80
80
96
56
80
56
72
72
80
64
56
88
56
72
56
48
72
80
80
72
56
64
64
48
48
56
80
48
56
48
72
48
64
56
56
80
80
88
80
80
56
56
72
64
48
64
56
56
64
56
64
72
80
80
56
64
64
64
72
80
88
72
48
80
48
72
48
56
72
88
72
56
80
72
56
64
72
72
72
64
64
64
56
64
72
72
72
56
64
80
80
80
72
72
56
64
472
64
56
64
80
64
72
56
48
80
64
72
72
72
72
88
64
72
96
72
80
72
48
64
72
56
56
88
80
72
72
80
88
72
80
72
80
72
72
64
56
80
56
56
72
64
56
56
48
88
72
80
48
48
56
64
80
64
80
72
64
64
72
56
80
64
72
80
56
64
64
64
72
64
72
56
48
56
72
80
72
80
56
64
56
64
80
72
72
72
56
80
96
48
80
64
88
48
80
72
72
64
64
72
56
64
72
64
80
64
80
80
80
72
72
64
80
64
80
72
56
64
64
72
48
160
80
80
64
64
48
104
80
56
48
72
80
64
80
56
72
72
72
48
80
88
56
72
64
72
64
72
64
64
80
48
80
72
64
80
48
56
56
64
48
64
56
64
80
64
48
56
80
64
64
88
56
64
56
64
88
72
72
56
72
80
56
88
504
48
56
72
80
56
56
64
80
64
88
72
56
64
80
72
72
72
64
80
72
80
72
72
104
48
64
56
80
48
64
64
96
80
48
56
72
56
56
56
56
56
64
56
88
56
64
56
80
64
80
64
72
72
56
48
64
48
48
72
72
88
56
80
72
96
88
56
96
80
56
64
72
56
48
72
72
72
64
56
64
80
64
48
56
56
48
64
48
64
80
48
64
56
64
88
80
72
64
48
72
56
72
80
80
72
80
72
64
64
56
80
80
80
72
72
72
64
80
72
56
72
72
56
64
80
80
512
56
56
72
56
88
80
96
64
56
56
88
72
80
64
88
56
64
72
80
80
64
64
72
48
72
80
80
88
88
64
56
88
72
72
64
56
56
48
56
72
80
72
80
72
72
72
80
80
64
80
56
64
56
72
72
72
72
48
80
72
80
56
80
72
80
80
48
72
56
72
56
80
64
80
72
64
80
64
80
80
88
72
64
56
72
56
72
88
80
80
48
80
48
64
56
48
56
80
120
56
88
56
88
72
80
48
56
48
48
48
72
72
80
80
56
56
48
64
72
72
88
80
80
48
56
72
96
72
80
56
56
72
96
56
72
56
72
56
80
72
48
80
56
64
56
56
88
72
88
48
56
64
64
56
48
72
72
64
48
64
56
72
72
88
48
64
48
72
56
56
64
56
88
88
80
80
56
72
72
56
88
64
80
80
72
80
64
64
48
72
64
80
64
88
80
80
80
64
48
56
80
56
104
80
104
56
96
48
72
64
64
72
80
56
56
72
72
80
56
64
72
48
64
48
88
56
64
64
80
80
64
72
48
80
48
72
104
64
72
48
48
48
64
72
72
80
80
80
80
48
48
64
56
48
56
72
48
56
56
64
56
72
48
80
56
72
80
72
72
48
80
64
72
56
72
56
56
48
72
56
48
64
80
64
64
72
80
72
72
80
56
88
56
48
56
56
96
56
72
72
64
56
48
64
80
96
72
80
56
56
72
72
72
64
80
72
96
80
48
80
80
72
80
56
64
72
72
56
56
80
64
48
56
56
48
56
56
48
56
48
80
48
56
80
48
64
