896
416
416
416
416
416
416
416
408
416
408
416
416
424
416
416
408
424
416
416
408
416
416
424
408
408
408
416
424
416
416
416
416
416
416
416
416
408
416
33240
416
416
416
416
416
416
416
424
416
416
416
416
424
416
416
416
424
424
33224
416
408
424
408
424
416
416
424
416
416
416
432
704
416
416
424
424
416
416
416
424
416
416
416
464
400
400
60224
416
416
424
416
416
424
416
416
416
416
424
416
424
416
416
408
416
408
416
416
416
576
464
416
600
528
480
448
416
416
408
416
416
416
416
504
560
576
752
552
640
672
416
480
648
464
424
33392
416
416
408
488
616
512
480
504
512
592
408
520
432
560
600
448
592
504
600
560
528
488
440
488
488
528
656
488
560
488
488
400
528
33720
552
576
576
576
592
584
560
592
600
560
576
520
592
528
568
472
496
632
512
488
648
456
544
520
512
480
512
496
568
624
576
696
448
536
600
592
568
648
632
632
952
536
616
656
608
568
624
392
528
616
608
592
584
520
648
592
640
640
584
616
648
496
536
616
648
624
592
432
448
544
576
616
400
400
488
632
568
608
592
576
440
520
472
528
552
592
576
616
624
512
488
512
608
488
504
592
472
464
408
392
480
528
432
504
496
464
512
536
528
33664
544
560
568
512
592
568
536
592
544
472
496
408
592
480
584
536
416
416
464
552
592
392
504
408
464
568
592
528
536
600
464
528
560
560
536
536
560
512
504
560
504
568
592
432
408
408
624
520
40544
536
408
400
408
504
528
616
640
632
640
632
664
616
640
408
528
536
600
472
448
400
424
488
400
416
576
400
400
440
544
408
536
552
408
424
640
416
400
504
416
408
400
400
400
400
392
400
400
400
400
400
400
400
400
400
400
400
400
400
400
400
400
392
400
400
400
400
400
400
400
384
400
400
400
400
400
400
400
400
400
400
33208
400
400
400
400
448
560
552
504
496
536
520
608
440
552
624
656
584
576
624
568
656
640
472
592
568
592
560
640
648
488
648
408
488
456
632
440
544
400
400
456
592
400
504
584
408
448
408
480
392
664
400
400
576
1416
400
400
584
408
400
400
392
400
400
400
400
400
400
392
400
400
400
400
400
400
400
400
392
400
400
400
400
400
400
400
400
400
400
400
400
400
400
400
392
400
400
392
400
400
400
400
400
400
400
400
400
400
400
400
400
400
400
400
400
400
400
400
400
400
400
400
400
400
400
400
400
400
400
400
400
400
400
400
400
400
400
400
400
400
400
400
400
400
400
576
528
408
33208
408
408
408
408
400
400
408
480
576
392
400
400
400
400
400
400
400
400
400
400
400
400
400
400
400
400
400
400
400
400
400
384
33200
400
400
400
400
400
400
400
400
400
400
400
400
400
400
400
400
400
400
400
400
400
400
400
400
400
400
400
400
400
400
400
400
400
400
400
536
552
504
488
512
536
472
584
400
392
400
400
400
400
400
400
400
400
400
392
400
400
400
400
400
400
392
400
400
400
400
400
400
400
400
400
400
384
400
400
400
400
400
400
400
400
400
400
400
400
400
400
400
400
400
400
400
400
400
400
400
400
400
400
400
400
400
400
400
400
656
408
464
544
400
400
408
400
400
400
392
400
384
400
400
400
400
400
400
400
400
400
392
400
392
400
400
400
400
400
400
400
400
400
400
392
400
400
400
400
33232
392
400
400
392
400
400
400
400
392
33200
400
400
400
400
33208
400
400
392
400
33208
400
400
400
400
33224
400
400
400
400
400
408
400
408
400
400
384
400
392
400
400
400
33208
400
400
400
400
33192
400
400
400
400
33200
400
400
392
400
33216
400
400
400
400
400
400
400
400
400
400
400
400
400
400
400
400
400
400
584
432
408
400
400
400
400
400
400
400
400
392
400
400
560
512
408
480
400
576
512
400
464
472
456
440
448
456
33544
480
496
536
392
448
480
440
432
496
528
472
392
384
448
536
440
544
416
424
408
432
408
560
1080
512
544
520
528
408
400
400
400
400
400
392
400
400
392
400
400
400
400
400
400
400
400
392
400
400
400
392
400
400
400
400
400
400
400
392
400
400
400
400
400
400
400
400
400
400
400
400
400
400
400
400
400
416
392
400
400
400
400
400
400
400
400
400
400
400
400
400
400
400
400
400
400
400
400
400
400
400
408
568
648
496
456
456
616
408
408
400
400
400
400
400
400
400
400
400
400
400
400
400
400
400
400
400
400
400
400
400
400
400
400
400
400
392
400
392
400
392
400
400
384
400
400
400
400
392
400
400
400
392
400
400
400
400
400
400
400
