85344
75584
75352
75560
75176
75088
75152
42312
75160
75064
75136
75144
42328
75136
75200
75080
75152
42336
75072
92632
42432
75176
75144
75152
75072
42336
75144
75136
75064
75208
42352
75152
75144
75144
75136
42352
91288
86112
81744
76528
42376
75120
75224
75096
75144
42256
75192
75128
75136
75144
42352
87752
75264
75240
42336
75184
75192
75192
75232
42376
75144
75152
75144
75408
79760
75184
82752
138376
75584
75200
75184
42360
75128
75184
75128
75136
42312
75128
75136
75152
75136
42320
75136
87416
91440
75360
75272
42376
75048
75056
75184
75144
42376
75056
75152
75136
75488
42328
75192
88856
42528
75128
75160
75232
42720
74880
74848
74896
74984
74824
74904
75024
75000
42208
42208
74896
74856
74888
74944
74896
86184
44096
75664
74944
74976
74896
74880
74920
74992
74968
42192
42072
74872
74880
74952
74968
74888
74896
74912
75008
75024
78736
46224
78984
75448
42184
87624
81376
75000
74952
42168
42104
74880
74888
74920
74992
74904
74888
74928
75024
75000
42224
42056
74888
74864
74856
74944
74976
74904
74864
74928
75040
75000
42192
79512
81720
74992
74920
103688
42160
75072
75008
74992
42200
42088
74864
74872
74888
74984
74936
74912
74928
74992
75024
74976
42216
42016
74888
74832
74928
74976
90056
42288
74888
74880
74960
74984
74896
74896
74952
75032
74944
42184
42072
74864
74864
74904
74968
74920
74888
74864
74960
75016
74968
42192
42056
74864
74872
74904
82144
85960
88320
83968
79832
84528
85744
81664
84096
84512
86656
51328
74992
74952
74976
74920
74896
74904
74992
75024
74960
42208
42040
74904
134315
94456
92208
91408
90368
84808
78816
82304
87056
87664
86744
88064
88112
91776
87560
95416
97912
121640
155112
88752
97736
135184
102440
94976
92704
94016
129144
93840
93280
125504
90296
96000
93944
88224
92016
90616
84672
89104
90992
88600
75024
42208
42096
74888
74880
74936
74960
74888
74904
74904
75024
75056
42176
42080
74880
74864
74944
75040
74880
74888
74952
75016
75008
42184
42040
85672
74952
75024
74992
74960
42232
74912
74856
74888
74960
74968
74888
74864
74920
75040
75000
42184
42064
74864
74840
74896
74976
74896
74880
74896
75024
75016
42160
85752
75016
74928
74888
74920
75024
74984
42152
42472
74856
74848
74872
74944
74960
75160
74896
75016
75000
42200
42072
74840
74840
74944
74984
74928
74888
74944
75016
88720
75000
74960
74960
74888
74880
74912
74992
75008
75008
42216
42048
74832
74848
74976
74952
74888
74800
74904
75040
75008
42176
42056
74888
75400
78872
126624
84096
86712
86296
87840
86680
88376
91648
45824
89224
81424
87384
92192
88064
87144
90496
91160
88440
90632
91696
89496
84880
129600
81496
74936
74952
75048
75016
42216
42080
74848
74872
74912
74992
74888
74896
74904
75000
75040
74968
42216
42048
75048
74936
74856
74944
75032
74960
84544
79064
74968
74880
74960
75008
74976
42168
42072
74856
74848
74960
74984
74896
74888
74896
75024
75016
42136
42256
42040
74880
74792
74968
74960
74872
74888
74920
85976
75040
74960
74968
74912
74864
74944
75032
74976
42176
42064
74880
74856
74944
74976
74920
74904
74904
75000
75024
74952
42224
42032
74840
74840
74960
74984
74904
97280
75768
74984
74984
74904
74888
74936
75000
74984
42192
42072
74880
74880
74944
74984
74944
74896
74904
75008
75016
74984
42224
42112
74872
74880
74968
75000
74896
87376
42296
74904
74848
74936
74984
74896
74880
74904
75024
74992
42176
42056
74880
74872
74880
74944
74952
106728
75000
75000
74944
42224
42032
74864
74800
74968
75008
93744
42296
42040
74856
74840
74968
74976
74848
74880
74928
75032
74976
42192
42088
74864
74856
74872
74984
74952
74904
74896
75080
75032
74944
77768
75048
75024
74920
74872
74936
75024
74976
42080
42072
74864
74880
74960
74992
74896
74808
74912
75024
74992
42200
42072
118248
75000
42200
42056
74920
74872
86304
86360
88328
79944
42928
87464
87144
80768
89968
74984
43360
88000
82072
75120
42184
42024
74888
74888
74952
74952
433360
88192
91816
156040
92488
89928
96048
94976
125584
94032
125904
93104
92832
93800
94312
92960
94240
92576
93536
162360
94560
93032
94440
126736
93744
126080
107933
129984
85424
89008
75880
87776
94472
93384
93568
92976
247424
319992
267296
95128
93984
88304
88872
89264
79520
75424
86696
77880
88792
88608
88560
88960
104424
90200
88328
85376
83472
42184
86000
134576
75176
74952
42184
42136
74912
74800
81816
93696
90888
126688
95136
93928
92560
92160
130816
93848
124752
93488
125632
92968
87248
89904
91208
92000
90328
93112
89304
91840
92080
123576
90048
92928
90312
91640
95024
91360
85360
82640
82912
89072
87032
87640
93264
92480
89512
91616
85040
89312
88184
86672
84448
81720
85088
92200
94952
89296
87528
86432
85792
84896
89952
89600
90560
89080
345832
90888
91288
121272
90704
90392
91368
90744
130520
177024
126416
93040
91200
125088
85160
83952
84072
82160
84168
82816
84920
90632
82808
74976
74968
42224
74888
74864
74864
74944
157397
127168
92912
91600
93360
92824
93528
93680
92488
93960
92672
93712
93152
93792
125752
92992
125288
92848
125152
92560
168293
79136
78392
75328
74896
75032
74976
47616
82064
91232
89480
95784
88440
75120
42144
42232
74912
74864
74896
74968
74968
74912
75064
90752
79472
75040
74928
74904
75032
74992
42136
42240
74920
74848
74872
75000
74976
74904
74864
74952
75032
74952
42120
42056
74880
74896
74968
74968
74880
74912
74912
87776
75008
74856
74920
74984
74920
74896
74832
75008
74992
42224
42056
74896
74864
74880
74968
74984
74904
74856
74920
75008
75000
42184
42056
74872
74864
74912
74992
147211
94376
93240
94088
92768
93032
93240
93664
92960
93128
125304
93816
125528
93080
124688
93112
91728
92952
92424
92744
170640
93008
92032
92592
92920
91944
98200
92328
93336
92728
93744
125448
93560
125520
92664
125344
92864
125656
93216
138176
100891
96424
93896
94160
126296
93864
126256
93096
92656
92632
93336
92864
94128
93576
93584
93296
93800
126024
94488
211072
92928
93520
92648
93976
93584
94424
126152
93832
125200
109920
94656
126264
93856
125600
93544
92088
92840
93512
150065
129360
92864
97297
87064
75168
75000
74952
74936
74912
74904
75032
74968
42136
42232
42072
74872
74816
74960
74992
74888
223800
86408
129879
95456
93760
94680
126584
93160
126656
92928
92064
93224
92824
92648
93544
93264
93776
