12352
6432
5784
5240
5816
6032
5808
6256
5656
6264
5728
6288
5672
6272
38368
6272
38440
5944
6200
5632
6160
5520
6264
38176
6264
38872
6024
6464
858976
5016
5032
5416
5128
4168
4176
4200
4200
4192
4184
4176
4200
4176
4184
5896
6176
4504
4976
4952
4928
5048
4728
5424
37896
5512
38976
6224
5248
6136
5552
5808
5128
5784
5408
5600
4960
5072
4248
4200
4200
4184
4168
4240
4168
4216
4168
4208
4168
4176
4248
4168
4248
4160
4240
4240
4192
4264
4200
4192
4240
4232
4200
4968
38328
4664
37320
5096
5056
5464
4720
38632
4776
5688
4224
4216
4208
4192
4224
4248
4248
4176
4248
4208
4240
4256
4248
6160
4208
4232
4200
4248
4288
4032
4016
4000
3992
4000
3992
3992
4000
3992
3992
36800
3984
3992
3984
3984
3992
3992
36800
3992
3992
3992
3992
4000
3992
3992
3992
4000
4000
36800
3992
3992
3984
3992
3976
3984
3992
4000
4000
4000
3992
3992
3992
3992
4000
4016
4000
36800
3992
3976
3992
4048
4008
3992
36784
4000
3992
3992
4744
4656
8128
4824
37784
4624
5376
5224
5008
5368
5568
5216
5456
38080
5120
5152
4016
3992
3992
3984
4000
4000
4000
4000
4008
4000
36808
4000
3992
3992
3992
3992
3992
36800
4000
3992
3984
4000
4000
4000
4000
3984
3992
3992
36808
3992
3976
3992
3984
3992
3992
36800
3992
3984
3992
3992
3984
3992
3992
3992
3992
3992
36800
3992
3976
3976
3992
3984
3992
3992
3984
4000
3992
3992
3976
3992
3992
3992
3992
4000
36800
3992
4000
3992
3992
4000
3992
36968
4000
3984
3984
3992
3992
3992
3992
3992
4000
3992
4000
3984
3984
3984
3992
3992
3984
38120
61880
4104
4032
4000
3992
4000
4000
4000
3992
4000
3992
3992
3992
36800
3992
3992
3984
3992
3992
3992
36792
3992
3992
3992
3984
4000
4000
4000
4000
4008
4000
3992
3992
3992
3992
3992
4000
3992
36800
3992
3992
3992
4000
3992
3992
3992
4208
3992
3976
3984
3992
4000
4000
4000
3992
4000
4000
3992
4000
3992
4000
3992
3992
36792
3984
4000
3992
3992
4000
3992
4000
4224
3992
4000
4000
4000
4000
3992
4000
3992
3992
36816
3992
4000
4000
3984
3992
3992
5136
5512
5208
5256
5264
5336
4024
4224
4000
5192
4456
4784
4360
4416
4752
4744
4640
37400
4760
5552
5576
4032
36800
3992
4000
4000
4000
3992
3992
4000
3992
3992
3984
4000
4000
3992
3984
3984
3984
3992
36792
3992
3992
3984
4000
3984
3984
3984
3992
3976
3992
36800
3992
3984
3992
3992
3992
3992
3992
4000
4000
4008
4000
4000
3992
3992
3992
3992
3976
36792
3984
3968
4000
3992
3992
3984
3992
3992
3984
3992
36800
4000
3992
3984
3992
3976
3992
36800
3984
3992
3976
3976
3992
3992
3984
3984
3984
3984
36792
3984
3976
3984
3984
3992
3984
3992
4000
3992
3992
3992
3992
3992
3976
3984
3992
3992
36792
3992
3984
3992
4176
4584
4936
5128
4040
4032
4024
4024
4024
36832
3976
4712
4624
4896
37352
5240
4024
4000
3992
3992
36792
3968
3960
3976
3960
3976
3968
36776
3968
3976
3968
4584
5344
5944
5304
4016
3992
4000
3992
3984
3984
3984
3984
3984
3976
3976
3984
36784
3976
3984
3976
4000
4000
3984
3992
3992
3992
3992
36800
3984
3976
3984
3984
3984
3992
36792
4008
3992
3984
3992
3992
3984
36792
3984
3992
3984
3992
3992
3984
36792
3984
3984
3984
3984
3984
3984
3984
3984
3984
3984
36784
3976
3984
3984
4152
36808
3976
3976
3984
3992
3992
3992
3992
4000
3992
3992
3992
3992
3992
3992
3992
4000
3992
36808
3992
3992
3984
3992
3992
3984
3984
3984
3992
3984
36792
3992
3976
3984
3992
3992
3984
36816
4000
3984
3992
3992
3984
3992
3992
3984
3992
3984
36800
3976
3992
3984
3976
3984
3992
3992
3976
3992
3992
3992
3992
3984
3984
3992
3992
3984
36800
3976
3992
3984
3992
3992
4000
3992
4000
3992
3992
3984
3992
3992
3992
4000
3992
3992
36800
4000
3984
4272
4072
3992
3992
4000
3992
3992
36792
3968
3984
4000
4360
5168
4032
36816
3992
3992
3984
4888
5504
4024
4000
4000
3992
3992
4000
4000
4008
3984
4000
3992
4000
3984
3984
36800
3992
3992
3976
3976
3984
3992
3984
3984
3976
3984
36800
3992
3984
3984
3992
3992
3984
3992
3992
4000
4000
3992
3992
3992
3992
3992
3976
3992
36800
3976
3984
3976
4000
3984
3992
3992
3992
3984
3992
36800
3992
3992
3984
4000
3992
4016
55824
3992
3984
3976
3984
3992
3992
36800
3992
3984
3976
3984
3984
3984
3984
3984
3984
3984
36792
3984
3976
3976
3992
3992
3992
3984
4000
4000
3992
4000
3992
4000
3992
4624
4584
4224
4000
4000
3992
4000
4000
3992
3992
4000
4000
4000
3992
3992
3984
3984
3984
3992
3992
36800
4000
3984
4000
3992
3992
4000
3992
4000
4000
3984
36800
3992
3992
3992
4000
4000
4000
4000
4000
4000
4000
3992
3992
3992
4000
4000
3992
4000
36808
3992
3992
3992
4000
3992
4000
4000
4000
4000
4000
36800
4000
3992
3992
3992
4000
4008
36808
4000
3992
3984
3992
3984
4000
4000
3976
3992
3992
36792
3992
3992
3984
3984
3992
3992
3992
3992
4000
3992
3992
3976
3992
3992
3976
3984
3984
36800
3992
3992
3984
3992
4000
3992
4000
4000
4008
4008
5424
4872
5344
36864
4016
4008
4008
3976
3984
3984
36784
3984
3976
3984
3992
3992
3992
3984
4000
4000
4000
4000
4000
3992
3992
3992
3992
3992
36800
3992
3984
3984
3992
3984
3992
3992
3984
4000
3992
4000
3992
4000
4000
3992
3976
3992
36800
3976
3984
3992
3992
3992
4008
60072
3976
3976
3984
3984
3984
3984
36792
3976
3976
3984
3984
3984
3976
3976
3992
3984
3992
3992
3984
3992
3992
3984
3976
3992
36800
3976
3984
3984
3984
3984
3984
36792
3992
3984
3984
3984
3992
3992
3976
3984
3984
3984
3992
3984
3984
3984
3984
3984
3984
36792
3976
5312
