803824
695488
744449
692864
691616
691464
691568
691568
691520
1048656
691904
691464
757984
692240
775992
724408
691560
810456
691576
691520
691528
777536
691520
691384
697648
693568
691528
855128
799088
725448
1009995
696192
691672
900896
845688
691472
738592
691504
691528
775941
692528
793152
1025315
725520
691464
692408
691600
691496
821256
691488
691608
786000
691600
691440
812968
693664
692704
854808
693528
692280
763888
692344
692432
789037
692616
691480
782360
691480
691464
691504
783568
692456
691432
701952
691536
691528
1197248
693216
723048
691760
691648
708840
691560
691616
700480
861659
691624
789360
692200
691536
774549
692584
691536
748912
691560
691584
691528
791168
693024
692264
704856
691608
691504
691512
830179
692928
691584
773733
691952
691528
691528
1064280
852552
692392
1468672
694576
777067
692984
691944
702088
941400
692392
691560
947557
791984
692568
1718000
1375312
1226360
706061
933176
691688
691632
849123
784832
6792832
2231992
785000
725232
967656
694056
691848
691576
855120
703464
691992
855272
875136
691888
759360
3693677
704944
1133992
785499
752952
718301
691856
691536
691568
772488
691528
757056
751256
691592
691576
691576
879472
697992
691536
836112
691584
691544
721696
699664
691520
691544
899659
692752
692664
1048213
787424
691536
810616
691632
691648
759440
710200
691608
691544
713000
691536
691552
691552
740752
691552
878040
719032
691456
691456
702696
789840
795912
691752
744728
691576
717016
769976
691808
770304
692232
928896
692448
691568
743040
691536
691720
734304
874720
779880
691600
708320
691440
691472
709600
845096
691624
699032
914424
766848
691600
715928
691416
691544
780395
693992
691512
691568
945261
833048
691520
785464
692400
745656
831312
691640
691544
691680
706016
691616
691552
707920
691552
691576
691528
831739
691984
691528
786917
691888
691520
691528
869312
768608
691768
751688
775280
710664
955872
803056
870952
888576
691632
691552
708320
699792
691608
691408
754387
692120
691520
700632
691504
691552
692016
823533
691896
691528
746512
691448
691432
691536
707352
691480
691512
691416
782768
691760
724352
705544
698240
691648
691528
780856
691608
691520
776680
703088
691536
691696
940448
692200
691544
837440
691624
691544
709912
691480
691568
691520
1114232
699824
770520
785640
691640
724240
715056
1156963
693600
763096
725024
691568
700944
691464
691528
691504
694528
691544
691528
691544
780221
691504
691544
743008
691616
691520
691520
712720
691624
691568
709704
691600
756624
692592
787696
712136
691480
816856
691832
691528
691464
708024
691520
691520
791080
957176
929200
1062712
692024
691536
748712
691848
691528
1108344
882176
1213568
757672
691880
691400
826416
880312
692720
740528
691520
691456
691536
785576
734464
691600
770379
692096
691392
691552
764144
692584
691664
694368
691528
691536
691536
727208
702248
691728
691544
691536
691464
691528
728461
692288
691552
691512
1357547
718504
722448
691848
691528
691456
733528
691528
691464
694296
691504
691560
691504
875648
691912
691448
694920
691544
691520
691536
834469
774768
692128
875616
775192
904688
791128
691640
691520
691536
793232
691456
691512
789104
691656
691528
691376
724424
691536
691536
789184
691536
691576
806896
692000
691528
691512
810064
691784
1283376
700904
691536
691528
788352
691992
691568
694000
750856
790944
692616
807040
691696
691528
786400
724512
691560
691576
768104
691608
691528
814815
920497
908848
1049752
1070112
1215464
742312
691520
841328
691600
691544
794616
736864
691616
724488
773232
724400
691432
724200
842515
691504
750528
827229
692120
691544
848952
691832
691560
965096
886256
691752
793200
691936
691568
691512
767944
764424
691504
815592
724544
691432
920064
1008815
692112
749441
692248
691544
691440
1029056
792248
691728
789016
691680
691568
906192
692704
691496
691560
753944
722184
714712
716944
691592
763720
704192
691680
691456
691464
776680
691560
691440
691576
829136
691744
956480
754883
691568
703464
691536
724400
691512
756616
692040
691592
691464
694592
691536
691568
694240
691592
691576
756248
755525
691744
691552
948160
779064
894496
1017464
725360
977616
760048
691536
691576
824496
691680
691520
691656
945448
691696
691584
848480
692248
724312
767464
843336
1388480
868104
807608
691808
923616
692696
691536
775488
691552
691552
691472
773952
691544
691536
849168
692568
691528
691424
764408
691520
691536
739616
691720
691488
691512
789640
691528
805824
806499
693608
691472
703144
691584
691504
691424
746320
691768
691536
691560
1168621
724752
691568
783088
691520
691408
833440
691680
691576
738944
691584
691440
1117288
693544
724512
840568
1012493
930424
1111056
856504
936552
743624
691568
691552
799016
692960
691576
761920
790616
691536
691560
839875
694576
697088
731632
692352
691736
692808
774312
691720
691568
727384
755952
692680
691592
972453
871344
879976
775760
691488
691528
943583
692160
691552
795129
952536
692144
909384
874616
828096
770504
815288
691608
691544
765656
691528
879680
878112
805568
691744
984384
842008
692120
755448
691960
691520
691752
769024
691528
691408
770696
691528
691504
721760
793240
691680
691584
902088
851136
691808
816464
691600
717112
780688
692448
691544
691536
1418424
853136
1001176
906032
856984
785208
691432
691440
927232
1098600
692360
870384
731208
861376
853824
691528
724320
691528
1117016
691456
691464
813696
691520
691576
1106224
712160
914344
794032
816016
850096
832136
807432
691560
845808
691600
691528
812864
705032
691704
691560
735672
691656
691568
694360
691528
691496
851408
833048
691592
692312
770704
712816
691400
691536
699880
724328
691528
880325
1120920
709736
855560
693280
691536
891704
691832
691536
691632
917632
692128
691520
854656
691680
813936
1304728
934752
841096
814368
692424
691560
708984
691560
758928
996928
692688
691544
1123760
911171
692336
709744
691584
691400
723448
701608
691496
698736
691384
691504
691488
764080
691720
691560
691536
1064509
909608
903880
789048
709896
858032
691664
691560
691488
939512
691728
691440
937000
691848
861256
884088
691520
691512
908544
692712
691528
724336
853568
691600
1408879
732800
691376
691392
761192
915944
692880
694728
724496
709320
691520
724360
691512
691552
694560
691528
691544
691528
694352
691488
691520
976792
692360
691536
691448
977697
958296
1125751
692136
691512
710768
691536
724320
691528
763488
691656
691544
747977
840496
1123048
857832
691584
691528
691512
704296
691472
691576
856680
691640
691520
894248
859832
691488
1002720
784847
724096
749024
691712
691568
691528
705696
724664
691520
724328
771928
743640
700496
737888
691456
691504
691552
708248
691528
691528
766073
782960
691720
945080
692632
691552
691520
859264
691632
691576
843552
691664
691496
1241392
839792
691632
862032
691616
691384
869152
694616
724216
691512
892400
691536
691544
912840
725064
691568
691560
780363
691448
691520
1313397
692568
691440
700176
691592
691456
848032
691712
691576
712592
691696
691528
691520
859168
691600
826464
844568
691608
691536
691480
884735
691568
691528
700104
691416
724408
700992
691368
691552
691520
756233
1071115
691496
775645
691776
