2000
416
416
424
416
408
424
416
424
416
416
416
408
416
424
416
424
416
424
416
424
424
424
416
416
424
416
416
408
416
416
416
408
416
416
416
408
416
416
416
416
416
424
416
416
416
424
416
416
408
424
528
584
512
584
536
640
616
648
592
528
640
640
536
640
432
584
656
488
640
504
624
568
576
528
496
568
600
528
632
600
536
608
600
616
560
640
552
632
664
616
640
600
664
576
640
656
552
632
584
600
640
616
624
616
632
616
624
504
624
640
608
568
496
624
632
632
608
1072
624
480
568
472
568
616
576
632
656
568
640
584
648
576
576
528
640
656
640
416
416
416
416
416
416
416
416
416
416
408
400
408
400
400
400
392
400
400
400
400
400
400
400
400
400
400
400
400
400
400
400
400
400
400
400
400
400
400
400
400
400
400
400
384
400
400
400
400
400
400
400
400
400
400
400
400
400
400
400
400
400
400
400
400
400
400
400
400
400
400
400
400
400
400
400
456
536
560
448
544
512
33680
408
408
408
400
400
408
400
392
400
400
400
400
400
400
392
400
400
400
400
408
448
440
440
448
432
448
440
432
440
488
432
440
440
440
392
448
392
400
400
392
400
400
400
400
400
400
392
400
400
400
392
400
400
400
400
392
400
392
400
400
400
400
400
400
400
400
400
400
400
400
400
400
400
400
400
400
400
400
400
400
400
400
392
400
400
400
400
400
400
400
400
400
400
400
400
400
400
400
400
400
400
400
400
400
400
392
400
392
400
392
400
400
400
400
400
400
392
400
400
400
400
472
400
472
544
480
416
416
608
424
608
448
456
504
432
432
416
440
400
424
400
528
504
504
392
408
408
400
33664
624
488
408
552
416
584
488
456
520
408
408
400
400
400
400
400
392
400
400
400
400
400
400
400
400
400
400
400
400
400
400
400
400
400
400
400
400
400
384
392
400
400
400
392
400
400
400
400
400
400
392
392
392
400
400
400
400
400
400
400
400
400
400
400
400
400
400
400
400
400
400
400
400
400
400
392
392
392
392
400
400
400
400
400
400
400
400
392
400
400
400
400
400
392
400
400
400
400
400
400
400
400
400
392
392
384
400
480
400
464
416
464
536
432
440
592
520
456
472
440
536
416
464
488
488
448
472
400
488
672
392
432
488
480
472
520
400
488
472
520
480
488
504
504
488
392
432
520
896
512
592
520
400
416
440
456
424
496
488
33656
544
408
400
400
400
400
400
400
400
400
400
400
400
400
400
400
400
400
400
400
392
400
384
392
400
400
400
392
400
400
400
400
400
400
400
400
392
400
488
440
552
488
400
504
480
520
400
400
400
400
400
400
400
400
400
400
400
520
512
480
504
528
408
456
584
480
400
456
480
632
456
608
408
496
408
464
520
408
616
520
408
400
384
392
392
400
400
392
392
392
400
392
384
384
400
400
392
400
400
400
400
400
400
400
400
400
400
400
400
400
400
400
400
400
400
400
400
400
400
400
400
400
400
400
400
400
400
400
400
400
400
400
400
400
400
400
400
400
400
400
400
400
400
400
400
400
400
400
400
400
392
400
400
400
392
384
400
384
384
33200
400
400
400
392
33200
400
400
400
400
400
400
400
400
400
392
400
400
392
400
400
400
400
400
400
400
400
400
400
400
384
400
400
400
400
400
400
400
400
400
392
400
400
400
400
400
400
448
448
488
488
584
528
416
448
400
576
424
512
400
520
496
464
552
504
432
496
472
560
576
512
504
552
408
456
496
408
392
440
544
496
488
464
512
416
472
544
568
480
512
544
512
504
608
520
408
408
400
400
400
392
400
392
408
584
504
576
400
392
400
400
400
400
400
400
400
400
400
400
400
400
400
400
400
400
392
400
400
416
416
400
400
400
400
400
400
400
400
400
400
400
400
400
392
400
400
400
400
392
392
400
400
400
400
392
552
440
392
536
400
392
440
432
592
480
424
632
424
33208
408
400
400
400
400
400
400
400
400
400
400
400
400
400
400
400
400
400
400
384
392
400
400
392
400
392
400
392
400
392
400
400
400
400
400
400
400
400
400
392
400
392
400
392
400
392
400
400
400
392
400
392
400
400
400
33208
400
400
400
400
400
400
400
400
400
400
400
400
400
400
400
400
400
400
400
400
400
400
400
400
392
400
400
400
400
400
400
400
400
400
400
400
384
400
400
400
400
400
400
392
400
33232
400
400
392
400
392
400
400
400
400
400
400
400
392
400
400
400
400
392
400
33208
504
480
472
464
480
2536
456
472
416
408
408
400
408
400
400
400
400
400
400
400
