960711
955248
955320
954736
860008
692608
692696
761104
692520
692080
710280
691520
693024
691528
697648
692640
692296
712312
692448
691512
724592
692344
692216
713616
692032
691480
709736
725144
692184
691864
846520
761344
691912
692352
693184
691936
716808
691432
691480
727632
695208
693016
705576
691744
692600
716288
693224
692368
693208
692720
824944
948808
830448
877672
1035263
965064
1260064
1111680
940658
1158624
971072
777904
1246816
941832
1026704
1087368
970600
1004784
870704
1016616
1013136
1021280
1012648
985456
930712
954880
884592
1198536
1003176
977752
1076952
966984
860984
691472
691536
758760
731896
691512
759056
691576
693784
880143
969120
1000640
952120
970080
999424
926832
897376
1096087
900656
1060761
724936
691472
735728
693096
691504
691472
758768
691360
692232
691344
707344
691688
691872
779160
692024
691392
691400
701672
691464
691464
713904
691672
691448
691472
740320
691352
691448
703232
691680
691456
691448
740024
691328
691520
691480
700776
691352
691464
699928
691360
691440
691440
961720
710992
691376
854680
710328
691504
763368
810448
776456
691472
747992
691472
691496
704768
691368
691472
691472
749400
691536
691464
818503
751096
691488
691448
746368
691512
691456
701792
691472
691424
691384
738208
691408
691440
747424
691360
691448
691448
707280
691512
691448
691448
753760
724296
691464
707944
691512
691440
691448
705920
691464
691504
719256
699216
691448
691440
721328
691584
691400
720584
691536
724136
691424
739264
691544
691504
691488
691472
691384
691432
714688
691544
691472
691432
700944
691424
724264
694368
691464
691440
691344
701800
691424
691448
695224
697912
691424
691432
701656
742736
691456
697184
691432
691448
798368
715384
691440
691448
695776
691432
691448
691368
696760
691440
691448
724288
713840
691424
724256
694448
691440
691488
691448
763680
691576
691432
735768
934944
704256
691440
742640
691376
691456
738744
691528
801192
708824
747552
691464
691360
735048
691784
691432
691472
707512
691496
691480
699216
691448
691416
691440
711944
691432
691448
691448
696480
691496
691432
737680
691448
691448
691432
721168
691432
835704
748328
724280
691440
724240
750465
745824
835696
697608
691448
691488
837920
711288
724528
691440
800152
725560
691432
710464
691496
691888
692232
761096
691872
691440
750352
697216
691976
691456
744104
692080
691520
825056
752480
724256
691688
710464
724688
694232
719856
692312
691424
691464
739088
691536
691424
691464
697680
691464
691312
709648
691520
691464
691432
739336
691504
691440
771368
962608
968128
1005264
990992
982376
1082440
691504
712816
691488
691448
691440
745008
691448
691440
691448
837336
691640
691488
754768
691760
691480
693720
692792
691456
691440
698776
691504
691480
691344
833120
997256
929960
933424
856272
768344
722872
691664
691336
707008
691392
691448
704712
691584
691456
691304
771728
800392
691760
706080
691440
691400
691424
698336
691352
691432
698144
692144
691496
691464
702112
691440
691424
691448
742144
691440
691472
774528
756352
691384
691464
1004600
794096
691656
749544
699304
691408
748488
691544
691424
691360
743032
691544
691432
710664
691512
691448
862120
699096
691472
691400
756424
691512
691424
691424
702992
691488
691480
700760
691384
691456
691352
744856
691432
691440
691456
698552
691440
691408
750880
724320
691512
691440
744784
691504
691440
708232
691408
724248
691448
752632
691464
691424
694680
747688
691472
691432
778056
691464
691360
701200
691424
691448
691472
738696
691384
691448
691416
702656
691488
691440
703328
691440
691456
691320
706856
852416
691480
705712
691432
691480
691432
703432
691368
691440
738648
724384
691464
703312
691440
691448
691312
720080
691544
691424
700960
691416
691424
691448
735064
691472
691448
691440
779310
691440
691440
717200
691464
691464
691416
760712
691496
691440
704136
691464
691408
724120
837648
740224
691448
732354
691784
691408
691432
713648
691440
691448
704256
691448
691480
691448
705704
691504
691360
706216
691480
691424
691448
753704
691536
691376
691440
703912
691480
724248
776672
691872
691464
691448
703784
691384
691376
706720
691456
691416
691376
739376
691496
691392
735880
691496
691464
691488
706096
724384
691480
691448
838536
944584
946256
940600
918008
1063672
970312
987839
725208
691440
691440
771136
691376
691456
693704
700968
691456
767824
997448
691680
691376
735456
691448
691456
691440
1025888
965976
793736
712024
691440
691480
763808
791680
691424
720112
691472
691416
691488
955368
692768
691504
766328
691472
691504
691488
695472
691440
691440
885085
691784
691464
707768
691456
691392
691488
740824
691496
691448
691448
780536
692168
691424
829848
725152
691448
697640
692224
691904
691448
703568
691464
691440
691440
750088
691440
691400
739128
691448
691440
691472
724016
714536
691480
716288
691432
691480
691448
743304
691888
691440
756619
692672
691448
691440
733976
691480
691480
762176
691296
691440
691472
762440
691496
691424
691456
774392
691472
692712
781488
784784
695200
721024
937304
960880
975720
970344
1030400
962560
969296
1042224
968104
955352
995760
1002008
956784
965672
971272
1034584
960088
1035440
1003072
1229663
776296
691680
691472
963672
1000088
1033048
958984
935672
871528
692712
691360
782280
691512
761832
836208
757624
831944
813873
872776
834000
762664
691512
691464
691392
705376
691448
724296
703000
691688
691456
691440
750448
724416
691488
691432
761760
691400
691360
789063
691784
691496
691440
990209
718736
691456
765328
691504
691464
705112
691432
691304
691376
703160
691432
829656
862711
847056
691736
765616
694088
691464
797192
707888
691488
691392
783952
781880
755968
691448
773073
691448
691416
736504
691456
691312
691488
711504
691408
724280
704232
691432
691464
691392
706936
691536
691392
736352
691544
691312
842472
742592
691480
693504
946192
834400
741184
748512
691408
691488
691448
705424
724184
691440
735895
1061112
1059928
1136568
1092864
1176192
1092208
1176928
1093312
1092488
1079832
1060152
1142400
1093184
1137064
1093120
1093240
1141928
1092856
1263960
1060176
1122848
1092952
1174569
701384
691416
691488
710784
691456
691472
758560
691760
691448
691448
712464
691552
691496
698536
691272
691456
691320
773112
691520
691448
691312
856696
739192
691448
704896
691496
691440
702712
692264
691448
691440
744872
691520
691456
691456
719448
691504
691448
763512
843488
692224
691440
692168
691480
691456
738976
691504
691472
691432
707544
781280
691984
718112
691512
724288
691432
706120
691512
691456
776632
691624
691448
691448
707848
724328
691440
702328
691472
691440
691440
749015
691768
691408
787320
691768
691432
691464
825232
691488
691448
819664
834256
948248
748144
787096
691448
691456
755056
691512
691488
831072
1042880
693136
787216
695752
691392
691488
790872
691504
691448
804144
691320
691360
691488
887713
691504
691440
716088
691480
691440
691360
832471
691480
691440
924904
691744
691456
916192
691816
691440
691440
846136
691448
691448
841032
691416
724264
846768
691768
691440
691480
869619
691776
691328
703048
691424
691432
691472
753968
691448
691416
834536
691544
971840
1032280
1471560
691424
764280
691512
