91664
78992
76648
76688
43936
43832
76640
76680
338456
132331
77088
76656
76704
76632
76712
76696
43936
144152
76720
76664
76632
106696
77024
76648
76656
76656
76704
76752
76672
43840
43816
76648
43840
76664
76648
76592
76640
76656
76656
76656
76656
76648
43848
76640
80264
80200
77104
76584
76568
76744
43896
43856
76704
76704
76632
76744
76704
76712
76608
76648
43896
43880
76656
76696
76688
76768
76744
76664
76664
76760
76624
43888
43944
76744
76712
76744
76760
76656
92840
95280
95896
94936
94680
95248
95624
95224
95256
95888
94584
93552
95272
128048
128928
127480
94008
96448
95416
94432
94968
94040
127728
93448
95640
94496
127352
95096
92456
94264
93280
93312
244072
94624
248579
77024
43072
42984
75712
75816
75888
75760
75944
75856
43096
75768
75744
75888
75784
75824
75904
43024
75760
75776
75824
84440
75968
43008
42992
75704
75824
75904
75768
75872
75864
43096
75776
75768
75864
75760
75776
75880
75816
43104
75784
75800
75880
75776
75800
75880
43040
75784
75728
76064
75760
75856
75776
75776
75904
43032
43096
75784
75752
75856
75736
75880
75888
43040
75816
75768
75872
75832
75792
75936
75856
43112
75760
75768
75904
80520
75872
75824
43072
75800
75736
75888
75776
75784
75904
75840
43144
75800
75752
75856
75776
75928
75816
43056
75792
75760
75888
75800
75776
75912
75864
43096
75760
75984
43016
75760
75752
75856
75832
75776
75920
75832
43080
75800
75752
75872
75768
75784
75912
43136
43136
75792
75736
75912
75784
75912
75856
43056
75864
80368
75936
75784
75888
75848
43048
75840
75968
76144
75800
75800
75952
75848
43112
75808
75744
75888
75776
75792
75904
43112
43072
75808
76080
79696
47280
109744
76344
75792
75800
75904
75816
43096
75784
75792
75880
75992
75784
75896
75832
43128
75792
75760
75896
75744
75760
75880
75864
43104
75792
75752
75880
75776
75752
135112
75864
75800
75776
75896
43112
43104
75800
75768
75880
75768
75792
75888
43016
42992
75784
75752
75912
75760
75696
75896
43144
43120
75800
75736
75864
75784
137313
79400
80128
76344
75808
75736
75976
75920
43032
42976
75752
75832
75936
75800
75944
75880
43120
75872
75792
75904
75840
75808
75904
75840
83920
86152
75832
43016
75832
75760
75824
75840
75800
75952
75872
43128
75744
75800
75896
75808
75808
75936
43128
43120
75816
75792
75896
75800
75832
75920
43056
115648
90728
75840
75792
75856
75800
75808
75928
43032
43016
75768
75792
75944
75792
75888
75896
43032
75816
75800
75904
75832
75824
75936
43024
42976
75744
78408
78728
75800
75856
75936
42984
43048
75752
75808
75944
75800
75944
75880
43104
75808
75792
75888
75800
75816
75920
43128
43064
75800
75840
75912
75800
75880
135960
135679
79728
76264
75776
75792
75912
42992
42992
75768
75768
75880
75784
75792
75920
75816
43112
75800
75768
75896
75776
75744
75912
75872
43096
75680
106672
43168
75912
75808
75872
75776
75816
75896
43024
42952
75728
75784
75904
75776
75840
75896
43008
42992
75712
75792
75928
75736
75848
75872
43072
75808
75760
83600
43112
75720
75744
75880
75744
75888
75832
43056
75808
75736
75800
75824
75744
75880
75800
43032
75808
75768
75800
75840
75752
75904
75816
43048
75824
75768
78328
75792
75744
75856
75744
43048
75752
75712
75864
75728
75720
75840
75832
43032
75760
75744
75848
75760
75712
75864
75816
42992
75776
75712
75808
75784
75720
75896
132528
75888
75752
75840
75824
43064
75720
75704
75760
75864
75672
75848
75752
42984
75688
75752
75800
75864
75736
75864
75792
43008
75784
75728
75832
75864
75736
149501
79352
47032
76336
75840
75800
75920
75880
43120
75864
75936
75864
75816
75800
117688
43112
75816
75760
75904
75824
75856
76328
78608
75816
75808
75880
75760
75872
75840
43088
75760
75728
75856
75856
75768
75920
75816
43080
75808
75744
75824
75840
75768
75896
75840
42992
75744
97408
91224
75960
75888
75800
43104
75816
75768
75864
75800
75784
75888
75832
43088
75792
75752
75856
75760
75760
75880
75824
43064
75784
75784
75872
75784
81832
89464
108328
81080
90616
85368
88440
95912
75864
75800
75864
75760
75808
75936
43176
43120
75744
75800
75880
75800
75808
75920
43168
43160
87448
75944
43112
75792
75808
75896
75792
75800
75912
75872
43072
75808
75824
75888
75792
75832
75928
43048
43000
75768
75760
75904
75808
75832
75920
43000
42936
78992
75872
43016
42912
75760
75728
75856
75784
75760
75888
43128
43080
75776
75752
75840
75776
75776
75904
43032
42968
75784
75752
75880
75768
89624
75840
75864
75808
75744
75896
75872
43072
75760
75728
75864
75784
75760
75920
75808
43032
75752
75736
75872
75840
75760
75864
75840
43072
75808
75744
75856
155824
75952
42960
42952
75720
75768
75872
75768
75864
75840
43024
75824
75728
75872
75824
75776
75896
75824
43096
75792
75736
75872
75816
75776
75904
42960
75928
95824
75984
75768
75864
75776
75776
75920
75848
43112
75784
75752
75872
75768
75760
75888
75808
43104
75744
75728
75856
75776
75752
75856
75824
43032
75752
165584
76632
43016
75680
75808
75800
75624
75832
75832
42984
75728
75672
75776
75856
75720
75832
75840
43040
75760
75688
75768
75856
75712
75840
75808
43016
75712
75696
86184
75760
75880
42992
43040
75736
75672
75840
75728
75736
75832
75832
43040
75728
75760
75824
75760
75728
75880
75816
43040
75728
75696
75840
75760
75736
75864
78256
43112
75728
75736
75856
75736
75752
75872
43088
43048
75704
75712
75840
75728
75720
75872
75848
43024
75712
75696
75816
75744
75720
75880
75792
43048
75752
78096
102864
79680
43592
75808
75776
75880
75808
75840
75928
43024
75968
75760
75784
75816
75792
75952
75888
43136
75760
75768
75816
75784
75808
126264
75952
75816
75840
75952
75816
43120
75784
75792
75888
75808
75832
75944
42992
43000
75752
75792
75928
75792
75904
75912
43008
75816
75784
75880
75840
75800
89960
75928
75784
75888
75816
75856
75920
43080
75848
75768
75848
75872
75792
75936
75864
43088
75728
75768
75864
75760
75760
75912
75792
43072
75752
75776
75864
151752
43200
43008
75760
75760
75840
75752
75824
75880
43000
75736
75744
75808
75880
75768
75888
75848
43064
75816
75784
75832
75824
75936
75928
75848
43096
75984
84520
75816
43032
75744
75768
75904
75760
75824
75872
43056
75736
75744
75824
75880
75752
75904
75824
43072
75816
75720
75848
75840
75744
75904
