11424
4272
37024
4192
4192
4192
4248
4256
4256
4240
37056
37056
37048
37056
37048
37048
37048
37048
36992
4736
4536
4248
4176
4176
4176
4168
4200
4240
4240
4160
4160
4176
4176
4192
4192
4240
4240
4240
4208
4184
4240
4200
4240
4240
4248
4520
4216
4200
4192
4248
4192
4240
4240
4240
4296
4192
4184
4184
4184
4240
4240
4232
4216
4240
4192
4240
4192
4232
4152
4184
4184
4200
4240
37320
4200
37000
36992
37048
36992
37008
37032
37040
37048
37024
36992
37040
4240
37048
36992
37008
37056
36992
36992
37040
36984
37072
4184
4184
4192
4184
4224
4184
4192
4216
4208
4192
4200
4216
4200
4248
4240
4240
4240
4248
4248
4216
4200
4232
4064
36824
3976
3984
3976
3992
3992
3992
36800
3992
3984
3984
3992
3984
3976
3984
3992
3992
3984
36800
3992
4000
3992
3984
3992
3992
3984
3992
3976
3992
36800
4000
3992
3992
3992
3992
3992
3992
3984
3976
3992
36792
4000
3992
3984
3992
3976
4008
4000
4048
3992
3992
3992
4000
3984
4000
4000
3992
3992
3992
3992
3984
3984
3992
3992
3984
3992
4000
4024
3992
3992
106448
4000
3984
3992
4000
3992
3992
4000
3992
3992
4000
36808
3992
3992
4000
3992
3992
3992
3992
4000
4000
4000
36808
3992
3992
3992
3984
3992
3984
4000
4000
4000
4000
36800
3992
3992
4000
3992
4000
4000
3992
3992
4000
3992
4000
3992
3992
3992
3992
3992
4000
3992
3992
4000
4008
36792
3992
3992
3984
3992
4000
4000
3992
3992
3992
3992
36800
3992
3992
3992
3992
4000
4000
4000
4000
4000
4000
36800
3992
4000
3992
3984
3984
4008
4016
4008
4000
4000
36808
3992
3992
3984
3976
3992
3976
3976
3976
3992
3992
36792
3992
3992
3992
4000
4000
3992
3992
4000
3992
4000
36808
3992
3992
3992
4008
4000
4000
4000
4000
4000
4000
36816
3992
3992
3984
4000
4000
3992
3992
3992
4000
3992
4000
3984
3992
3984
3984
3992
3984
3992
3992
3984
3984
3984
4000
4000
3992
36800
3992
3992
3984
3992
4000
3992
3992
3992
3992
3992
36808
3992
3992
3992
3992
3976
4008
4000
4000
3992
3992
36808
3992
3984
3984
3992
3984
3992
3992
3992
3992
3992
3992
3984
4000
4000
3984
4000
4000
3992
3992
3984
3984
3984
3992
3984
4000
4016
4048
4408
4040
36832
3984
3984
3992
3992
3992
3992
4000
3992
4000
4000
3992
4000
4000
4592
3976
3992
3984
36808
3984
3984
3984
3992
3992
3992
3976
3992
3976
3984
36800
3984
3992
3984
3992
3992
3984
3984
3984
3976
3984
36784
3992
3976
3992
3984
3992
3992
3992
3984
3992
3984
3992
4000
4000
4000
3992
3992
3992
3992
3984
3984
3992
3992
3992
3992
3984
36800
3984
3984
3976
3992
3992
3984
3984
3992
4000
3992
36792
3984
3984
3984
3992
4384
3992
36792
3976
3984
3968
3976
3976
3976
3976
3976
3976
3968
3976
3984
4000
3984
3992
4024
4000
36792
3984
3992
3984
3992
3992
3992
3992
4000
3992
4000
36800
4248
4000
3992
3984
3984
3976
3992
3984
4000
3992
3984
3984
3992
3992
3984
3992
3984
3984
3984
4000
3984
36792
3984
3984
3984
3984
3984
3984
3984
3992
3984
3976
36784
3976
3984
3992
4000
4000
3992
3992
4000
4000
4000
36816
3992
3992
4784
4000
3992
3992
36800
3992
3992
3984
3992
3984
3984
3992
3984
3992
3984
36792
3984
3984
3984
3968
3984
3992
3992
3984
4000
4000
36800
3992
4000
4000
3992
4000
4000
3992
4008
4000
4000
36800
4000
4360
4000
4000
4000
4000
36808
3992
4000
3992
3992
3984
3992
4000
3992
4024
4328
3992
4000
3992
3992
4000
3984
3992
3984
3992
36784
3984
3984
3984
4008
4000
3992
3992
4000
4000
4000
36800
3984
3984
4000
3992
3984
3976
3992
3992
4000
3992
4688
3984
3984
3984
3984
3984
3984
36792
3968
3976
3968
3968
3968
3976
3984
3984
3976
3976
36776
3968
3976
3976
3984
3976
3976
3968
3976
3968
3968
3976
3976
3992
3984
3976
3984
3984
3984
4280
4080
36832
3992
3984
3976
3992
3992
3984
36792
3984
3976
3984
4000
3992
4000
3984
3992
3992
4000
36808
3984
3984
3984
4000
4000
3992
3992
3992
3984
3992
36800
3992
4024
36808
3984
4008
4000
4000
4000
4000
3992
3992
3984
3992
36800
3984
4000
3984
3992
3992
3992
3992
3992
3992
3992
36784
3984
3984
3984
3984
3984
3984
4000
3992
4224
4008
36824
3992
3984
3984
3992
3984
3992
4000
3992
4000
3992
36816
3984
3992
4000
3992
3992
4000
3992
4000
3984
3992
36800
3992
3984
3984
3992
3992
3984
3992
3992
4000
3992
36792
3984
3984
3984
3984
3992
3984
3984
3992
3992
3992
36800
3984
4000
4016
3984
4000
3992
3984
3992
3984
3984
36784
3976
3984
3968
3984
3976
3984
3984
3992
3976
4000
36808
3976
3976
3984
3984
3984
3984
3984
3984
3992
3984
3992
6608
4008
3992
3992
3992
3992
36800
4176
4032
4008
36824
3984
3976
3976
3976
3976
3984
3984
3992
3992
4000
36808
3992
4000
3992
3992
3984
4000
4000
3992
3992
4000
36800
3992
3992
4000
4000
4008
3992
36976
3992
3992
3984
4000
3976
3984
4000
4320
3992
4000
4000
4000
4000
4000
4000
4000
3984
36976
3976
3984
4008
4000
4000
3984
36800
3976
3984
3976
3976
3976
3984
3984
3992
3984
3984
36776
3976
3976
3984
3976
3976
3984
3992
3992
3992
3992
36800
3984
3984
3984
3976
3984
3984
3984
3976
3984
3984
36792
3984
3984
3984
3968
3984
3984
3976
3976
3984
3976
36792
4408
4040
4016
4000
36808
3984
3984
3976
3992
3984
3984
36792
3992
4000
3992
3992
3992
3984
3984
3992
3992
3992
3976
4008
4000
4000
3984
3992
3992
3984
3992
3992
3984
3984
3992
4000
3992
4000
3992
4000
3992
3984
3992
4000
3992
4000
4000
4000
36808
3992
3992
3992
4000
3992
4000
4000
4000
3984
4000
36808
3992
3992
3992
4000
4016
4000
36800
3984
4000
3992
3992
3992
3992
3992
3992
