656
200
216
216
200
216
208
208
216
208
208
216
208
216
200
192
200
200
208
200
216
208
216
208
200
192
200
216
216
216
208
208
216
216
208
200
208
216
200
216
200
216
208
200
216
216
216
200
216
216
216
208
208
200
208
208
208
216
208
216
200
216
208
216
192
208
216
216
208
200
216
216
200
216
208
216
200
216
216
216
192
216
208
216
216
208
208
216
192
208
208
200
216
208
208
216
208
216
208
200
208
216
216
208
208
200
208
200
208
200
216
200
208
200
216
208
208
216
216
192
200
200
200
208
216
208
200
192
208
208
200
208
216
216
216
192
208
208
208
208
208
208
208
216
216
216
200
208
224
192
216
200
200
192
192
208
192
192
192
200
200
208
200
192
192
192
208
200
200
192
200
216
184
200
200
184
208
192
192
192
200
208
192
192
192
192
216
184
192
184
200
216
192
184
184
192
200
192
200
200
192
208
192
192
200
192
208
192
200
192
192
184
216
200
200
192
184
208
184
192
192
192
216
192
192
200
184
200
192
184
200
200
216
184
192
192
200
200
184
200
192
208
200
208
216
192
200
192
216
208
192
200
192
192
208
208
200
200
208
216
200
200
200
192
216
184
208
192
192
200
200
192
208
192
208
192
192
208
208
208
208
208
200
192
200
208
200
200
208
192
200
192
200
192
208
208
192
192
192
200
216
192
200
200
208
208
200
208
200
192
216
200
200
200
208
208
200
200
200
200
33056
200
192
192
200
208
208
192
200
208
200
216
192
200
200
208
216
192
200
208
192
208
208
208
208
208
208
216
192
192
200
200
200
208
200
200
208
192
200
192
200
200
208
200
208
200
200
208
184
192
200
192
208
208
208
200
208
200
208
208
200
216
200
208
208
200
208
200
192
200
200
208
200
208
208
200
208
184
200
200
208
208
192
208
208
208
200
208
200
192
200
208
208
200
208
208
200
208
208
200
200
200
200
208
208
33008
200
200
200
200
192
200
208
208
200
216
200
208
192
192
200
208
200
208
208
208
192
208
200
192
208
208
200
208
208
216
200
200
200
208
208
200
208
200
192
208
208
200
200
200
208
200
208
192
200
208
208
192
200
192
208
200
192
192
200
208
208
208
224
240
256
224
208
256
264
216
208
240
216
216
248
256
256
248
248
224
240
248
240
240
248
224
256
216
256
240
224
240
232
232
208
336
272
216
208
200
240
216
224
216
248
232
232
216
224
256
208
664
232
208
200
192
192
200
200
200
200
200
200
184
208
192
200
192
192
208
192
200
192
200
184
216
208
200
192
192
200
184
184
200
192
216
200
192
184
200
216
184
184
216
192
216
192
192
192
192
216
192
184
200
192
33024
200
200
192
184
192
216
200
192
184
192
208
184
192
200
200
208
232
232
232
200
200
216
200
200
200
200
192
216
200
184
192
200
208
184
200
192
192
216
200
184
200
192
200
184
184
224
232
240
216
224
224
248
216
232
240
232
33704
216
224
272
240
232
208
208
192
200
192
200
216
184
192
184
200
216
192
200
192
192
200
208
200
192
184
192
208
200
184
192
200
216
192
200
192
192
208
192
192
192
216
192
192
184
192
200
184
192
200
200
216
192
192
224
216
240
240
232
232
224
248
208
208
192
192
216
200
192
200
192
208
288
280
280
216
216
200
200
208
184
192
200
208
192
216
200
208
192
200
208
200
216
192
200
200
200
216
200
192
208
200
208
200
192
184
200
192
216
200
184
200
200
208
184
192
216
200
208
192
200
200
184
216
192
200
208
192
200
192
192
192
192
208
200
208
200
192
192
192
192
192
208
208
216
184
192
208
200
208
184
208
200
200
216
192
192
192
192
208
184
200
184
192
208
200
184
200
184
200
208
200
200
208
184
200
184
192
200
216
200
184
200
184
216
200
200
184
192
208
184
192
200
192
208
192
184
200
192
208
192
200
192
192
216
192
200
192
184
200
216
240
208
192
200
192
200
200
184
184
200
200
192
208
200
184
192
192
208
192
184
184
200
216
200
200
200
200
208
184
232
240
232
248
216
240
240
224
216
200
192
200
192
216
192
192
200
200
208
200
192
200
200
208
192
200
192
200
200
208
200
208
192
200
200
192
192
192
192
208
192
192
200
200
208
192
192
200
184
208
192
192
192
200
208
192
200
192
192
208
200
200
200
192
200
216
192
200
192
192
208
192
192
184
200
208
192
192
200
200
216
192
192
192
200
216
192
200
200
200
200
184
200
208
192
200
192
192
192
192
200
200
200
184
200
192
200
192
192
184
200
