414888
395280
394960
404848
394968
362160
362176
394968
362160
402432
368632
401336
369280
411512
369672
402336
401256
368640
827496
362576
362136
394968
362160
368328
401440
369256
369312
419544
402448
369224
370304
370120
413336
368488
402264
370032
402544
370096
402552
368392
402824
510432
403696
369376
402848
369840
411744
370848
403016
370000
366960
409464
369104
402168
367864
402480
368520
402184
368896
368512
408736
369824
403040
368536
401008
534256
363928
364232
395392
394960
417472
395168
362160
362176
362168
404880
394968
362088
362072
394960
362168
396568
362160
362160
394968
395720
372168
362168
362160
394960
362208
434728
363408
362152
362168
362168
403376
364296
398656
394952
362168
362160
362120
366080
362160
394960
362160
362152
362168
371368
368760
363208
365288
362152
362160
403072
394960
394960
362152
362056
362152
435496
362152
362152
362168
394968
394952
362168
408672
375720
369168
405048
401992
409384
363760
362168
394968
394944
409184
403272
375744
369768
403304
401720
371408
461384
402296
394960
362176
363224
362160
442368
369912
362088
362352
362152
394960
362160
362168
362160
362176
394960
394952
362152
369296
362152
362152
394952
362152
362144
367200
362152
394952
394960
362144
362112
362160
420663
366528
362144
362152
362160
394944
408640
394976
362152
362120
362048
362152
400320
394960
394952
409096
394952
362152
362160
367112
362152
394880
362160
362128
362144
373600
362152
394952
394960
362152
362152
365016
394960
394944
362168
362160
362176
394960
449353
396136
400000
362152
362160
362152
370496
362080
394960
362176
362160
362120
369224
379576
435744
368368
368456
362144
371608
362152
362152
394952
362160
362160
362152
371976
362168
394968
395232
362168
362160
462456
375032
403752
394960
362144
362120
489952
362160
362144
394960
362160
362152
384216
362160
362144
362152
394960
394944
362120
369216
362160
362152
362152
394912
362152
372152
365504
362480
362904
366960
369104
433672
394992
399552
402432
370840
371088
405592
367808
408816
406936
383001
374184
476575
369328
368800
364160
366168
369656
455623
421072
407200
369624
370320
403856
417850
397280
394968
362160
362152
362152
403112
397632
394952
394960
362152
362152
365816
362152
394960
394960
362160
362160
375976
370368
368544
362120
362080
362112
409696
362264
394960
362152
362160
362152
362160
401888
394936
362096
362152
362144
394960
539881
364072
362384
394960
394944
362160
369480
362176
362160
394936
394944
362160
366864
362152
362168
394976
394944
362168
362152
366872
394960
394848
362152
362152
362152
400024
394952
394944
362160
362152
362144
394960
406000
394944
362152
362160
362184
394976
421902
362576
362096
394960
394912
362048
371152
362144
362160
394968
394960
362160
362056
369656
362152
394960
394944
362152
362144
365088
394880
394840
362152
362152
362152
411888
362160
394976
394952
362152
362144
362112
397920
394960
362160
362152
362152
394960
400856
394952
362064
362152
362160
394960
362160
370312
362160
362152
362152
394960
362152
409088
362160
362160
362160
394960
394944
365752
405280
362168
362160
362152
362608
395104
405304
395120
362160
362144
362112
362160
407960
394952
394952
362088
517376
394984
439896
362152
362160
394968
395456
362152
375160
365944
362152
362160
362176
394960
394936
403792
362152
362144
362160
394952
394944
366952
362160
362152
362176
394952
362176
362144
372616
362160
362120
362152
394968
394952
470280
394960
394944
362152
362152
362152
401856
394960
394944
362152
362160
362152
407272
363672
394960
394936
362152
362168
362128
399696
394952
362160
362160
362152
362152
400008
394960
362152
362160
394952
394936
409496
394952
362152
362160
362152
394960
410832
395248
362152
362160
362152
362152
417474
371664
372160
405800
401872
394968
413256
399128
504440
362160
394960
394936
368320
362032
362160
362160
394960
394944
362160
367384
362160
362152
394952
362168
362160
370984
362256
365688
367200
364176
362472
399416
403144
394984
394944
362160
362152
362160
401600
394928
362152
362160
362048
362160
399544
394952
362160
362152
362152
394960
362152
401424
362160
362072
362160
394968
394952
367376
362160
362152
394920
394952
362152
413240
398680
362152
362160
362160
394928
362160
366888
362128
362160
394960
394944
362160
369056
362152
362160
394944
362080
362160
362160
406016
362160
394960
362168
362168
362160
369448
394960
394952
362176
362152
362160
400088
401008
369000
362256
362168
394976
407304
396352
394952
362152
362080
362160
394848
399928
362160
362160
362176
394960
394960
412352
399784
29701392
362168
362168
362160
399688
402592
395216
394960
362152
367936
362168
367704
362152
394960
362144
362144
362152
400112
394960
394864
362096
362088
362160
398384
394960
362160
362144
362168
362184
394888
400016
362152
362152
362168
362152
394944
422224
394960
394944
362160
362152
362160
394960
403920
394952
362160
362152
362168
394960
399160
362160
362096
362152
510312
362152
371152
362160
394960
394952
362064
362144
362144
363960
394960
394968
362152
362160
362152
488840
403288
368432
367344
393712
369800
405992
404224
375552
373936
412568
407984
425856
400312
400040
394952
362160
362288
369280
362152
394952
394952
362160
362304
367304
394976
394952
362152
362152
362152
394960
402624
400544
394952
362152
362136
362160
404928
362160
394960
362144
362152
362160
366488
362152
394960
394960
362112
362160
362152
405096
394928
362064
362160
362152
362160
407856
394960
394952
417992
394944
362160
362104
386880
362160
362160
362160
394960
394960
368648
362152
362160
362152
510112
362152
413328
365744
362128
394960
394952
362152
368184
362152
362104
394952
362168
362160
362152
424199
509480
362152
394960
394944
407824
362200
362144
362160
362160
394944
362112
411736
408168
403648
394960
394960
362160
371704
362152
362152
394888
394944
362152
379472
362152
362152
362160
362152
394952
362160
371224
362152
362152
394960
394912
362160
438760
417920
408512
362152
362152
362152
403296
394912
394952
362160
362152
362160
394960
406968
394960
394952
362152
362104
362152
489152
362160
362200
362160
362152
394888
436448
362152
362152
394960
394856
362048
466792
394960
362160
362304
362160
394952
440536
363400
362160
362144
394960
394960
362096
404216
362152
394896
394912
362152
362160
446480
394864
394944
362152
362064
362152
468768
362160
362152
362088
394960
394960
362160
474600
401832
401584
394968
394960
372768
402152
402992
372368
367640
370088
440176
428376
406616
362152
362152
394960
429632
362160
394952
362096
362152
362152
362160
494824
394936
362152
362152
362144
394960
572219
405040
394976
394960
362160
362152
378368
362160
362144
394968
394952
362152
369888
362160
362160
394848
394952
362152
362160
376424
362160
362152
362152
394928
394960
438426
402752
569480
400128
400632
514667
377752
420307
404197
362064
454584
362152
394960
394960
362152
362128
442376
394960
362160
362160
362152
362168
434480
374928
362152
362152
362080
394960
434856
362088
362152
362152
362160
394960
362160
444944
362152
394960
394952
362152
362152
454408
362176
394968
394944
362160
