40304
55736
23888
55640
22768
55512
22728
55496
55552
22768
55504
22720
55512
22752
22704
55544
22752
55544
55560
22776
55552
22768
22760
55560
56832
57320
55744
22712
22760
55496
22776
55560
22768
22760
55608
22776
55544
22760
22760
55552
22760
55552
22768
22760
55552
55696
22720
22712
55512
22720
55504
55512
22712
55504
22712
22712
55544
22712
55504
22728
22744
55512
22712
55448
22720
22752
55464
26728
23392
23720
25480
23208
26096
24872
25280
25968
23096
23544
24688
25432
23024
55864
55760
22840
22840
55768
56040
55816
60320
58032
57744
56224
56120
56152
23008
22944
55976
60048
23512
23040
56272
55976
23104
23000
56008
23976
22984
22928
55768
55576
22712
23152
23344
55776
55568
22752
23520
23792
22968
55816
55728
55656
22752
22896
55808
55632
56312
22784
22928
55856
55688
55584
22736
22888
55768
55720
55600
22784
23576
23504
55872
55640
22856
23016
23024
55888
55720
55608
23032
23432
55992
55648
55704
22976
23392
23016
23064
55880
55896
55664
23528
23280
22952
55904
55864
55632
22824
23576
23208
56648
56256
55856
22728
22968
23168
23096
56008
55720
23632
22984
22928
22960
55816
55648
23432
23168
22976
23448
23312
55944
55904
59656
22752
23360
22936
23072
56528
56024
55888
22912
23160
23240
23136
56000
56192
55768
23192
23440
23208
56056
55664
56000
23576
23320
24600
56080
55504
55896
23152
23320
55768
55688
55480
23488
22832
56080
55536
22600
23240
23272
22960
55584
56240
22728
23600
23232
55680
55928
55616
22728
23536
56040
55528
22928
23120
23128
56144
55968
22920
22784
22912
55712
56008
22680
23144
23176
55608
55848
22952
23512
22904
55512
55592
24704
22824
23560
55744
56016
55424
23080
23144
56048
55456
22568
23160
22888
55760
56032
23128
22904
23288
56392
55808
22848
23104
23208
55800
55880
55584
22688
22912
23520
56024
56088
23200
22944
23048
23056
56608
56760
56240
23568
22920
23120
56400
64536
55816
55696
23240
22888
23112
22992
55704
55744
55856
23200
22920
23736
55992
55992
56408
23160
23184
22864
26408
55824
56160
55656
23552
24792
22840
24800
56736
55664
55544
22656
23680
24416
56432
57592
57328
56264
58080
57584
25168
25168
24456
22872
56640
56968
55584
55696
23472
23176
23160
56848
56176
55840
23320
22992
23000
55840
55736
22664
23128
23000
55856
55712
55728
23400
22952
23360
55768
55736
22712
23160
23336
28312
24520
58488
58832
55504
57168
24240
23128
23688
56768
55680
58024
24480
23144
22912
23136
55744
56056
56936
23240
25624
24800
24544
56152
55672
57720
58584
24368
24832
24840
23584
56064
55720
55856
22880
22880
59584
56472
55776
55920
22848
23080
22960
55832
55656
23056
23320
23664
55840
55656
23072
22960
22944
55872
55680
22712
22968
22944
55728
55728
55672
22776
22896
23208
56216
56056
55600
22752
22968
22992
55816
55720
55664
22816
23192
22944
55896
55712
55744
23168
22952
22904
55656
55664
23848
22904
23304
57504
56440
55560
23184
24016
23112
56016
55752
55488
23008
23152
24616
55776
55880
55736
22760
24560
25208
23640
58928
58184
58040
58592
56480
37321
58376
56064
23176
23368
23592
22992
56568
58456
56976
56456
254624
56936
56200
56512
23640
23392
24504
23656
56656
56336
55704
22864
23560
23496
55864
56176
56056
22744
23528
23120
22968
55920
55760
55744
22792
22808
22840
56488
55816
55688
23376
23128
22936
22928
55832
55528
22656
22784
23352
56208
55744
55792
22968
23552
22920
23168
55792
56000
22896
23160
22832
56592
55712
55776
59728
22960
22936
23000
55824
55768
55688
56064
23360
23408
22976
55984
55856
55672
23120
23424
23328
56176
55840
56248
56200
22864
23096
22992
55888
55736
56008
22776
23016
22976
55800
55768
55688
23192
22696
55488
55200
22496
22704
55336
22344
22704
55432
22264
22688
55504
55112
22560
22704
55280
22400
22680
55360
22344
22688
55448
55064
22632
55488
55208
22488
22680
55288
22416
22680
55360
22328
22704
55472
55144
22552
55488
66848
55488
22312
22680
55432
55064
22616
55496
55152
22520
22672
55288
22424
22680
55360
22336
22704
55480
55136
22536
55496
55200
22480
22696
55360
22336
22704
55408
55064
22632
55496
55152
22568
22680
55288
22424
23080
55400
22272
22704
55464
55112
22568
22832
60016
23912
23552
133312
22560
22672
55472
55096
22568
22696
55256
22400
22704
55360
22336
22672
55464
55056
22624
55496
55208
22488
22704
55280
22416
22680
55400
22272
22704
55464
55144
22544
55496
55216
22488
22704
55328
22344
22704
55424
22264
22696
61696
55472
55136
22528
23032
56792
55936
55880
22872
23272
23072
56136
55960
22760
23704
24416
23056
55888
56104
22968
23560
23896
56192
56480
22784
23152
23456
23640
56016
57776
23064
23200
23120
22960
56200
63624
56032
56552
55928
23472
23240
23168
56464
56448
56288
23072
23408
23232
56184
56736
55920
23016
23960
23624
57136
55424
22416
22704
55360
22336
22704
55440
55064
22624
55488
55208
22496
22680
56240
55784
22832
24144
22704
55352
63360
24680
22672
55496
55144
22560
22688
55288
22424
22672
55352
22344
22704
55472
55120
22552
55496
55224
22480
22704
55280
22432
22704
55392
22264
22696
55472
55144
22536
55488
55200
22504
22680
55352
22336
22688
55400
55056
22632
55488
55192
22488
22672
55288
27088
23112
22792
55992
56368
56368
23504
23888
56928
57080
56736
23856
23488
23416
56512
56608
55808
22736
22800
55928
55800
23520
23656
23288
55960
55792
22568
22808
22824
55856
55968
22992
23968
23128
55968
56280
22832
22976
98480
57128
56096
56496
22744
22784
24000
56816
57512
55936
23144
22776
24008
55912
55680
22912
23104
23184
55904
56120
23120
22832
25696
23304
56296
56288
57464
23840
22880
22904
56392
55832
22920
23152
23152
56192
56040
56096
23040
22752
55888
56112
22904
22752
22896
56320
55704
22792
24056
24552
24776
56016
56208
56112
23032
23312
22888
55848
56080
22912
23224
23672
56328
55888
55680
22504
22752
23144
55832
55744
22984
23144
23144
56224
73136
56752
56400
23064
24848
23144
23152
55768
57832
57520
24728
25784
22888
23640
58120
55944
55856
59152
22720
26504
25408
25640
22840
58624
56816
58368
25168
24064
24576
24584
27112
24504
24328
57208
55888
80992
23048
68912
23808
56512
56376
57984
56224
26032
23536
23024
22856
55856
56560
23160
23472
23128
56736
56080
56344
23104
23136
23424
56056
