7424
2272
2216
2248
2288
2248
2192
2192
2192
2192
34992
35144
2232
2216
2240
2192
2192
2200
2200
2192
2200
2200
35008
2696
2232
2520
2192
2200
2200
2192
2192
2200
2200
2200
2200
2192
35000
2192
2200
2200
2200
2192
2200
2192
2192
2192
2200
2200
2200
2192
2200
2192
2192
2192
2656
2200
2192
2192
2200
2200
2192
2200
2208
2192
2208
35008
2192
2200
2192
2192
2200
2192
2200
2192
2200
2200
2192
2192
2208
2192
34984
2200
2192
2192
2192
2208
2208
2200
2192
2200
2192
2192
2192
2208
2200
2192
2208
2192
2192
2208
2192
2208
2192
2200
2192
2192
2200
2200
2200
2200
2192
2208
2192
2192
2192
2200
2200
2200
2560
2200
2200
2208
2208
2200
2192
2208
2208
2200
2208
2208
2208
2200
2192
2216
2208
2216
2200
2200
2216
2208
2216
2192
2216
2208
2200
2192
2200
2208
2208
2200
2216
2216
2208
2200
2200
2208
2216
35000
2208
2216
2216
2208
2200
2216
2208
2208
2192
2216
2208
2216
2208
2208
2208
2200
2192
2208
2216
2208
2208
2200
2200
2208
2216
2200
2208
2216
2208
2192
2216
2208
2208
2192
2208
2208
2208
2200
2216
2216
2208
34992
2216
2208
2200
2208
2200
2208
2208
2216
2208
2208
2208
2200
2200
2208
2200
2216
34984
2208
2216
2200
2208
2248
2480
2192
2200
2192
2192
2200
2200
2192
2192
35000
2192
2200
2200
2200
2192
2200
2200
2200
2192
2200
2200
2200
2200
2208
2200
2200
2200
2192
2200
2192
34992
2192
2192
2192
2192
2200
2192
2200
2192
2200
2200
2200
2200
2200
2192
2192
2192
35000
2192
2192
2192
2192
2200
2192
2192
2192
2200
2192
2192
2200
2208
2192
2200
2192
2192
2192
2192
2192
34992
2192
2200
2200
2200
2200
2192
2200
2192
2192
2192
2200
2192
2200
2192
2192
2200
2200
2192
2192
2192
34992
2192
2192
2192
2192
2192
2192
2200
2200
2208
2200
2200
2192
2192
2200
2192
2192
2200
2208
2200
2200
2192
2200
2200
2200
2192
2192
2200
2200
2200
2200
2200
2200
2192
2200
2192
2192
2200
35656
2224
2272
2232
2272
2200
2192
2208
2208
2208
2192
2216
2208
2208
2192
2208
2216
2208
34984
2216
2216
2200
2216
2200
2208
2216
2200
2192
2216
2200
2208
2200
2200
2208
2216
2208
2216
2208
2216
34992
2208
2208
2216
2208
2200
2200
2200
2200
2200
2208
2200
2208
2200
2216
2200
2208
35000
2208
2200
2208
2216
2192
2208
2200
2208
2192
2216
2216
2208
2200
2200
2200
2216
34992
2200
2208
2216
2216
2208
2208
2200
2200
2192
2216
2216
2208
2200
2208
2216
2216
35000
2216
2216
2208
2216
2200
2200
2216
2208
2200
2216
2208
2216
35000
2216
2208
2200
2208
2192
2216
2216
2216
2200
2200
2208
2208
2200
2216
2208
2216
34992
2200
2208
2200
2200
2200
2216
2208
2200
2192
2200
2200
34992
2216
2216
2208
2216
2192
2208
2208
2216
2208
2208
2216
2208
2200
2208
2200
2216
2200
2208
2216
2216
34992
2200
2216
2208
2216
2192
2208
2216
2208
2200
2216
2216
2208
2192
2216
2208
2216
35000
2200
2216
2216
2208
2208
2208
2216
2192
2200
2200
2208
2208
2200
2216
2208
2216
34992
2208
2216
2216
2200
2192
2216
2208
2216
2200
2200
2208
2208
2200
2208
2208
2216
2200
2208
2200
2208
2216
2200
2208
2208
2216
2192
2216
2200
2208
2192
2208
2200
2216
2192
2208
2216
2216
2200
2208
2216
2200
2216
2192
2200
2208
2216
2192
2208
2200
2200
2192
2216
2208
2216
35000
2208
2208
2208
2200
2192
2200
2216
2216
2192
2208
2216
2216
2200
2200
2216
2200
35560
2272
3056
2528
2224
2272
2256
3560
2224
2296
2296
35136
2232
2240
2296
2264
2280
2216
2240
2264
2216
2216
2232
35200
2280
2240
2192
2208
2208
2200
34984
2208
2216
2208
2216
2200
2208
2200
2208
2200
2216
2208
2208
2208
2200
2200
2208
34984
2216
2208
2216
2216
2200
2200
2208
2216
2192
2208
2200
2208
2192
2216
2208
2208
2192
2216
2208
2208
34992
2208
2192
2192
2216
2216
2200
2208
2208
2216
34992
2200
2208
2200
2208
2200
2208
2216
2208
2200
2216
2216
2200
2192
2216
2200
2192
2200
2208
2216
2216
2216
2192
2208
2208
2216
2192
2208
2200
5472
2200
2208
2216
2200
2208
2208
2216
34984
2208
2216
2216
2200
2192
2200
2216
2208
2192
2208
2216
2216
2192
2200
2216
2216
2192
2216
2216
2192
2200
2208
2200
2216
35000
2216
2200
2216
2216
2208
2200
2200
2192
2192
2200
2200
2200
2192
2200
2200
2208
2200
2216
2216
2208
35000
2208
2208
2208
2200
2192
2216
2216
2208
2200
2200
2216
2216
2200
2208
2216
2208
2200
2208
2216
2216
34984
2200
2216
2208
2208
2192
2200
2216
2216
2192
2200
2192
2200
2192
2200
2216
2192
34992
2216
2208
2200
2192
2208
2216
2208
2200
2200
2216
2192
2200
2192
2208
2216
2192
34992
2216
2216
2200
2192
2200
2216
2192
2192
2200
2216
2216
2200
2192
2200
2200
2192
2408
2216
2208
2200
2224
2264
2264
2240
2224
2216
2232
2232
2400
2232
2240
2216
2248
2608
35160
2192
2208
2208
2200
2192
2200
2192
34984
2192
2192
2192
2200
2200
2200
2192
2200
2208
2200
2192
2192
2192
2200
2200
2200
35008
2200
2192
2192
2192
2240
2232
2240
2216
2256
35176
2232
2272
2200
2200
2200
2200
34976
2200
2200
2216
34992
2200
2216
2216
2216
2208
2208
2208
2216
2192
2200
2208
2208
2192
2208
2216
2216
34984
2208
2208
2216
2216
2192
2200
2200
2216
2208
2208
2208
2200
2200
2208
2208
2200
34984
2208
2208
2200
2216
2200
2208
2216
2216
2192
2200
2216
2208
2192
2208
2200
2216
35000
2208
2200
2200
2208
2192
2552
2224
2264
2216
3200
2264
2200
2280
2232
2224
2232
2256
2272
2232
2256
2280
2272
2344
2224
2248
2296
2248
2280
2232
2256
2240
2240
3208
2192
2192
2192
2192
2280
2296
2216
2216
2208
2208
