976
216
216
168
160
160
168
152
168
152
160
152
168
152
160
160
144
160
160
160
160
160
312
232
304
160
160
168
160
160
240
160
160
160
160
232
296
248
320
288
280
264
288
280
152
280
360
280
248
296
296
296
248
248
240
288
184
296
208
216
160
232
312
160
152
160
160
168
168
168
168
160
176
160
160
152
160
176
160
168
168
152
160
152
176
168
168
168
216
33016
160
168
160
160
160
160
160
168
160
168
160
160
168
152
168
168
160
168
272
160
160
144
160
168
168
160
160
160
160
160
168
160
736
168
160
152
160
168
168
160
160
152
160
168
160
168
160
168
168
152
168
160
168
160
160
168
160
352
160
152
120
120
128
120
112
120
112
128
120
128
120
128
120
112
112
120
128
120
128
112
128
232
640
256
232
200
232
232
256
224
248
272
240
152
232
224
248
264
256
232
224
232
224
224
248
224
232
200
248
248
240
224
248
224
216
256
256
248
232
256
256
256
216
256
232
272
224
192
256
256
240
208
216
240
240
248
216
264
232
240
224
232
240
232
184
256
224
272
256
248
240
192
144
224
296
280
224
216
224
264
256
264
240
248
192
240
224
248
264
256
216
264
264
152
432
144
128
120
112
120
128
120
120
112
112
112
128
120
128
112
120
120
120
120
128
112
128
120
112
128
120
112
112
128
128
112
120
128
128
112
120
120
120
120
120
112
120
128
128
112
128
120
128
128
128
120
128
120
112
128
128
120
120
128
128
120
120
120
120
128
120
120
120
120
128
128
120
120
120
120
120
128
128
128
128
128
112
128
120
128
128
120
120
112
120
120
120
128
112
112
112
104
112
128
120
120
112
128
128
144
120
128
104
120
120
120
112
128
136
128
128
120
120
128
128
120
128
112
128
120
120
128
128
120
128
112
112
120
120
128
112
120
128
120
128
128
120
128
128
128
112
112
128
120
120
120
192
184
176
192
144
128
144
128
120
112
120
120
128
120
120
128
120
120
120
128
128
120
112
120
120
128
112
128
128
128
104
120
120
128
128
128
128
128
128
128
128
112
120
128
128
120
120
128
112
120
128
120
112
128
120
128
128
120
128
112
120
128
112
120
120
128
112
120
112
128
112
120
112
128
32912
128
120
120
120
128
128
120
128
112
120
128
112
128
120
112
120
128
112
112
120
112
128
120
112
112
128
120
120
128
120
128
112
120
120
112
104
120
120
112
120
120
120
128
128
104
112
120
120
120
112
120
120
128
120
112
120
120
128
120
128
120
128
120
120
128
112
120
128
120
120
120
120
128
128
128
128
144
128
160
240
208
248
376
360
192
136
144
128
176
168
136
144
224
144
120
248
128
144
176
184
240
152
216
240
176
240
120
216
192
200
160
232
224
168
160
144
144
256
184
144
168
168
152
216
128
120
136
256
760
128
184
192
160
168
208
184
120
224
200
232
208
256
176
232
192
240
192
176
240
152
224
216
240
224
272
240
224
168
200
152
200
200
368
248
240
216
240
240
216
264
240
200
216
232
248
232
232
176
456
232
232
216
160
240
208
192
248
176
240
160
184
216
160
192
224
192
224
168
208
176
192
184
184
168
168
184
184
176
224
200
184
200
192
208
176
200
176
200
184
200
208
168
192
176
33056
184
208
208
168
216
200
192
216
208
184
184
192
192
176
192
168
192
208
184
184
168
168
192
216
168
208
256
224
232
224
224
264
248
224
240
192
240
256
240
160
160
160
240
232
232
208
224
224
120
224
192
240
192
200
200
208
232
256
184
240
224
200
256
136
33112
168
160
224
136
224
640
168
224
144
136
208
256
232
224
248
184
224
224
128
192
136
144
232
208
192
216
200
168
208
120
168
192
208
200
136
160
248
280
232
184
224
184
208
152
208
200
232
192
208
176
248
184
264
256
176
208
240
248
224
112
224
232
192
152
184
248
160
160
144
184
232
256
240
208
208
208
200
216
208
224
184
200
256
256
144
240
216
264
224
216
232
224
232
200
232
208
216
192
200
208
280
200
240
224
216
224
152
216
232
232
224
232
144
232
184
232
208
224
176
240
232
168
232
232
200
240
264
192
280
240
240
224
192
192
272
216
184
152
600
176
256
272
208
248
184
192
216
264
144
176
192
176
184
184
232
152
216
176
168
232
240
192
144
192
160
136
176
136
152
200
248
144
208
232
176
168
208
184
224
208
248
184
176
232
200
192
152
240
160
240
152
216
240
240
224
232
264
176
152
152
232
184
208
176
136
192
216
208
168
120
152
216
152
184
240
184
168
168
240
