638768
415608
399384
361664
503944
391312
358016
360680
355472
511528
355736
357912
359520
359896
499448
359560
355184
389560
357520
507352
392480
356448
361160
358632
1571912
372616
361688
507168
392984
361272
360352
359952
462848
358104
361064
356544
388704
513088
362320
361496
388560
359024
538896
396016
359248
358304
366104
442256
358656
361400
365480
395392
402136
395568
354216
357840
355920
443032
439120
470040
438424
429304
422104
357448
362800
383024
396008
359576
358776
380024
468424
447104
437152
432536
436968
444704
434184
429768
569096
442504
435864
439888
555264
446152
480208
439680
591256
450128
429184
435920
929403
420592
363752
354048
442512
389000
357000
336976
340984
348552
380584
348944
350656
353368
352488
357792
354536
439328
359344
358728
354472
391880
353368
437752
360456
359792
398352
393160
358896
440085
476304
431848
439984
442288
500304
434744
437736
1295248
441088
444280
425160
445312
445544
472112
514232
440744
666895
419920
361856
389344
393520
354680
357640
363088
416016
393576
358320
361136
358056
372688
363112
358976
411312
358120
358512
443856
510392
401176
398360
352752
360128
881824
422688
394800
393272
394744
359952
360240
352744
386768
351872
353608
367712
357648
360480
359168
386112
356840
355216
357184
389632
356800
352120
357264
358624
462857
461480
440592
479328
442280
526768
423800
433080
433880
472552
562688
395872
387560
357008
355328
356704
400368
435984
475400
475592
433696
480048
774304
471888
391432
356264
357832
468695
354736
357832
355256
385824
353776
440304
362920
356816
389736
360104
358128
431064
390840
355320
359224
358048
354760
397088
390128
356792
362240
354176
358040
427400
358512
358872
356664
357000
390200
354976
448344
352128
352736
356712
386392
354200
362888
356984
354928
388832
356088
353712
355760
384104
352368
351800
356672
388680
344112
461800
359272
363056
358368
361496
389136
402984
354384
360248
358352
355824
385336
439337
483888
475160
428464
446800
434264
424912
441424
438184
434376
476280
503152
447808
435504
448528
443928
504016
432232
430080
442848
440016
517264
444456
442232
444560
432984
482496
442176
431808
435904
432344
478320
429656
427640
351256
386200
354216
627303
757864
530081
431720
524384
432960
467720
439776
445256
438472
445144
446856
443600
441296
1092256
599176
446144
431648
471488
430256
476400
502392
444240
478432
473216
476000
575672
895879
514008
422840
364320
361376
446944
481448
426528
356968
392632
790377
523296
456320
440000
525680
408960
565728
429304
365496
360696
386360
660928
360544
350584
360608
428544
471456
611240
387928
358328
421920
477136
358992
349400
352040
384168
413776
358880
382312
348648
345632
348240
351848
595611
389056
351904
347536
352344
349016
424792
356200
353864
347768
349776
349392
368024
351040
344648
348544
347320
350056
347464
418728
350200
345624
350560
346256
349480
362488
348720
350088
348264
351208
349816
334592
351200
350120
351240
346816
517496
354432
468720
359488
360448
361304
358320
351688
400384
405552
358104
356376
350856
349616
371616
360048
352160
349616
348216
345848
344560
432072
355056
347832
351288
345360
386960
405752
351168
353280
349864
381792
345784
348848
431128
351224
351520
380944
349008
347904
385352
350016
349216
381448
348456
350536
347400
437397
350192
347440
348592
342112
349968
435440
354160
347648
347744
346256
343768
346160
384072
350096
341920
347072
350304
350512
416424
347128
351720
305736
349024
356224
384616
582339
397040
511496
361504
350888
432928
394552
349560
337776
348176
346856
346432
398552
349320
351352
350952
383712
350840
446133
433768
362448
356272
397832
386728
352152
349344
355368
390168
355648
423224
366968
622472
353456
354080
345216
404208
350648
350136
351296
347984
350064
368232
350712
346984
348744
347048
346544
344872
361440
351064
345640
350128
344464
380808
357120
370616
371600
447800
599192
433192
441992
428112
437400
473848
472584
436488
401144
402064
365880
355336
413016
370384
358360
354752
354688
362624
430720
480968
441856
429992
471368
425680
444032
444568
433144
446160
352760
362160
506896
367728
350760
421808
476608
482160
439912
439824
436488
444136
524208
436336
439792
354208
390016
398880
351376
353552
355352
355120
385032
353440
514416
386448
531552
395264
349560
432992
501904
435656
384616
347600
348032
484123
387312
349856
344576
339464
347008
459704
356072
353416
387440
353856
358784
465752
357736
351640
539448
352144
347672
429312
352896
349672
347440
351680
348824
347096
358056
349808
349960
348072
348584
349424
451688
353160
354536
357472
382872
338584
416061
389024
348832
348480
349400
346456
365064
356248
357872
351392
383920
348136
350616
431568
435424
444856
437528
438680
444680
417048
383432
413400
420808
424600
427344
362040
351448
382200
345176
350120
405248
352864
349496
349920
348264
382704
398456
345752
348912
350376
346528
350088
350552
503640
413128
388376
348624
347184
380872
436323
357784
357848
386056
351056
350136
365448
350192
350704
349760
349096
349640
350320
349344
307104
342824
350760
349960
347936
353280
348216
346736
349216
347728
352408
351320
423280
355632
348232
514488
420520
387968
359672
355696
346984
334632
348784
347592
375293
360776
349728
346592
348272
345568
350800
387352
347536
347688
348920
352064
349440
370768
349352
381048
350920
352496
349720
349176
413707
353792
353896
361376
353656
348440
797261
413624
362784
355664
359776
390184
353632
345712
382528
354576
354416
359824
346984
347856
346688
346616
349472
347496
361584
350248
344912
347464
378896
335736
381504
355368
350192
349792
349816
350408
349776
386120
390272
355936
355128
349320
383200
347520
369784
350608
348456
351352
347424
345552
354472
358416
350536
350384
344704
348832
343800
399576
351056
343448
347544
348728
348040
386504
389984
402144
505712
354224
360536
383440
386544
432336
351648
355920
352896
388376
422032
364168
350712
529072
383624
346144
350960
344840
345816
347800
346552
347792
362304
345984
347816
350000
348688
349552
345880
346712
347016
346912
380168
350512
346968
383208
352024
347728
346488
349176
350144
346160
393024
348136
348760
344688
348064
350504
343096
424864
347928
345152
348464
349144
344744
363632
350408
341424
346912
348448
343760
348944
353800
381952
348488
350456
345144
349432
374936
471168
412600
365568
356064
355824
438856
382952
350352
353152
352704
390968
419704
347200
350704
346536
349040
351528
352888
362120
364120
348056
383152
346232
348648
422456
349168
351104
348928
348688
351512
397264
355472
349088
348312
350704
345504
346632
387843
350144
346280
348800
347544
345032
494968
362048
386888
354616
357528
353504
416725
358712
352360
384304
347808
349424
347872
366040
346832
345984
345976
345776
352736
410056
347648
349664
349440
431272
350584
347768
360032
351472
350936
350840
349000
350848
608584
463563
607096
358936
358392
467696
360616
342584
353456
353144
353632
371072
357312
350000
383416
347544
342312
394336
351360
355504
349208
382936
348768
350272
391000
350816
348280
349408
347712
345368
356808
349664
384128
351440
348288
