68592
27352
26560
57992
55104
21944
23152
22936
54688
21152
20696
55064
21280
21168
32408
25080
32512
24368
58624
56728
55944
58240
24736
19424
17376
49008
17104
17264
16528
17728
49944
17304
17560
51024
16320
16776
49312
23464
17864
17280
49272
17504
17224
49632
16368
16200
49608
17464
17000
48896
16728
17544
48696
16256
15848
49912
16112
17176
16304
57064
52104
16944
16152
48944
16736
16472
49080
24368
22000
19592
48824
16672
16976
49192
17152
16952
49840
16104
17200
16112
19776
50344
17328
16280
49160
16416
16808
49848
17232
17024
49752
17128
16360
49944
15960
16952
50040
17056
16320
50016
16232
16392
57184
18232
50144
53224
47216
14776
47528
14472
14888
14376
14840
14408
14888
47392
14592
47552
14400
14920
14432
14888
47208
14776
47432
14512
47632
14384
14896
14368
14896
47280
14704
47480
14480
14816
14384
14888
14352
14896
47248
14680
47592
14400
23304
53840
49192
14808
47472
14552
47680
14344
14856
14336
14920
47376
14664
47584
14440
14944
14464
14912
47216
14824
47464
14568
47656
14312
14856
14344
14920
47296
14784
47512
14496
47728
14352
14856
14424
14928
47368
14744
47624
14440
14920
14360
22376
21808
54872
49088
14848
47632
14496
15000
14400
15016
14408
22528
19280
48032
14440
14960
14368
14976
47344
14728
47512
14536
47736
14376
14872
14384
14976
47344
14712
47456
14552
47744
14376
14880
14384
14976
47304
14720
47472
14568
47744
14344
14880
14368
14976
47288
14768
47488
14544
47736
14360
14872
14376
14976
47248
14768
47488
14544
47728
14344
14872
14376
14968
47296
14768
53384
54824
15016
47816
14480
15032
14480
15072
47408
14808
47560
14640
47832
14448
14968
14488
15120
47408
14800
47648
14584
14984
14480
15056
14472
15072
47408
14792
47672
14576
15072
14440
14992
14512
14960
47408
14736
47664
14480
14976
14432
15008
14456
14976
47512
14648
47712
14480
15056
14480
14920
47280
14896
47560
14568
216880
55016
54360
21848
18632
22192
21248
21272
54672
52520
20152
22080
20712
53768
54424
54816
20568
21528
21632
53416
54880
21776
22080
20624
20944
54168
54448
22608
22384
21600
22144
53136
54112
54560
23576
21000
19488
54088
52608
20520
22608
22624
53776
53792
21488
22056
21080
21120
54000
54112
22216
23272
21232
54952
53624
53872
22448
21480
21200
53392
55512
53464
21576
20232
20488
53448
54432
55144
21776
20520
21616
55112
59352
53888
21144
22696
22760
22208
53464
54360
21784
20728
20864
53888
54968
54400
21040
21488
21664
53920
54672
21288
21240
21736
53552
53016
21392
22544
20648
21800
54088
53936
21344
21944
21488
53672
54312
53936
21752
21832
23944
23152
22144
54240
54568
53632
21176
20200
54904
54912
54456
23032
21232
21776
54408
53344
54936
22048
20760
21816
54568
54120
20672
21824
22272
21920
53424
54208
21504
23240
21712
21728
53344
54176
21160
22712
22176
21592
54304
53200
21920
22616
21768
21008
55384
54952
21480
22392
20984
21032
53952
53912
21560
23392
21848
54632
54520
53832
22432
21512
22032
54168
53216
54000
21448
21808
21232
53632
54424
21296
20552
21592
54248
61312
54192
55248
23080
22384
23176
21736
54456
54816
21184
22704
21880
25776
21904
22104
21240
53768
53984
21712
22584
21408
53376
54232
54160
22736
21560
20712
53824
53280
21968
21480
22528
20264
58776
53072
21496
21968
20848
22152
54744
53560
21752
22344
22104
20272
52576
54104
21720
21496
21104
53560
54528
21664
20728
22416
53888
52976
21776
21656
22736
21656
53760
54368
22176
22272
22824
21704
54216
54776
54736
21248
21608
22560
21040
55112
53664
22496
21560
20576
20648
54536
54824
21832
22128
22240
20528
54296
54232
20168
21336
21168
55832
54128
55520
21120
20400
21752
59848
22888
20480
54440
54472
21672
20928
22216
22008
53688
52848
55320
22624
22840
21472
21872
55256
54296
21848
21848
23008
21608
53064
21120
22160
21920
21304
53944
55264
54800
21440
21344
22128
53728
55528
54472
21072
21456
22120
53896
54240
20840
21120
21848
21384
55216
53712
21176
22000
20400
54512
53736
53688
21664
22288
20712
54200
53472
21656
22152
22032
20720
55008
54152
21128
22416
21432
52712
54832
53832
22328
21920
21008
53640
55392
21536
23104
22288
21512
54784
114607
29208
22760
22424
55576
56544
55352
55264
22968
22560
22800
55568
54032
53520
23200
22472
22560
22624
55600
55008
21256
21984
21112
53928
54128
21992
22064
22384
21832
54952
54424
22120
22984
22216
22744
63680
21480
53920
54144
22056
21456
22352
55456
57040
55712
22288
22168
21344
55128
53776
21480
21152
21776
54784
54136
22016
23056
22200
53840
54432
21592
21960
21984
54472
53304
21408
20280
19704
54744
20392
21952
21320
53216
61152
54400
21832
21984
20912
53560
54272
20408
22016
20864
50880
54072
20920
18384
54520
53160
18240
21912
21672
50952
22080
21168
19376
54480
54256
21808
20320
21984
52936
17632
22072
21840
53624
54192
21800
21952
18888
54448
20744
18968
21144
58408
54488
54240
18440
21928
21656
53056
21320
21944
21784
51352
54480
22160
22560
21928
23664
55232
55088
55328
21384
20896
23336
55672
55744
54640
22920
22344
22272
54408
54808
56480
22744
21928
23464
21648
54120
59976
70536
55312
55680
56024
56024
21472
16688
47600
14504
15056
14424
14984
47208
14896
47720
15200
47752
14432
14968
14448
15016
47376
14760
47632
14504
15520
14432
15000
14480
14936
47488
14560
47720
14424
14952
14320
14912
47328
14792
47560
14520
47768
14400
14944
14400
14968
47368
14704
47544
14488
28904
20808
767744
60080
22208
19320
21200
20984
54456
18776
21672
20536
54408
51680
17024
15056
47464
14808
47672
14480
21744
55152
53544
19168
14984
47320
14688
52176
51624
25864
22272
22080
56008
48352
14632
47704
14392
14944
14376
14976
47344
14760
47584
14464
14944
14400
14960
14432
14968
47384
14648
47632
14432
14976
14304
14928
14432
14960
47448
14688
47616
14416
14952
14384
14960
47224
14832
47504
14576
47760
14416
14928
54680
21672
21760
15176
47360
14776
47608
14512
14968
48960
18408
14896
14304
14880
47344
14680
47536
14440
14928
14336
14928
14400
14912
47384
14528
47608
14432
14904
14232
14856
14408
14952
47408
14528
47680
14336
14928
14344
14936
47176
14808
47456
14520
47680
14400
14936
14352
14928
47248
14816
47472
14560
47704
14344
14840
14336
14936
47280
14696
47432
14520
