10272
2576
1832
1664
1552
1608
1576
1568
1528
1528
1528
1488
1536
1544
1592
1616
1584
1544
1608
1592
1688
1624
1608
1560
34360
1632
1672
1616
1584
1672
2488
3240
1592
1880
1648
1808
1640
1632
34688
34368
1624
1608
1576
1616
1592
1616
1736
1696
1624
1560
1760
1824
1616
1592
1616
1656
1544
1672
2312
35104
2352
2048
2048
2088
2216
2744
1880
1632
1544
1688
1624
1648
1632
1520
1768
1704
1680
1704
1600
1560
1640
1680
1640
1720
1680
1472
2248
2464
1864
1808
1792
1776
1696
1584
1744
1592
1664
1840
1744
1592
2176
1720
1624
34376
1616
1544
1632
1672
1616
1680
1648
1560
1608
1712
1544
1600
1600
2312
1680
1648
1616
2152
1192
1064
33800
968
952
936
944
952
952
952
952
952
968
968
968
968
968
968
968
960
960
960
960
960
960
960
960
960
984
1024
1008
1000
1000
1032
1024
1000
1016
1008
1016
33824
1008
1008
1008
1016
1016
1016
1016
1016
1008
1008
1008
1008
1016
1048
1096
1032
1008
1008
1008
1008
1016
1016
33800
1016
1600
1784
1888
1840
34520
1800
1808
1536
1896
1192
1056
1064
1048
1048
1040
1048
1048
1048
1040
1040
1040
1048
1048
1040
1048
1064
1064
1032
1040
1048
1048
1064
1064
1896
1664
1776
1168
1456
2168
1696
2472
1200
1056
1032
992
992
992
984
984
992
984
33776
1032
984
1008
992
984
1000
992
1000
1000
1000
1048
1040
1016
1024
1016
1024
1024
1024
1024
1024
1024
1024
1024
1024
1024
1024
1024
1024
1016
1016
1016
1016
1008
1016
1008
1008
992
1008
1032
1040
1008
1040
1056
1040
1032
1040
1032
1032
1040
1040
33832
1016
1024
1024
1032
1040
1032
1032
1032
1032
1032
1024
1024
1032
1040
1008
1008
1024
1016
1024
1008
1016
1040
1064
1040
1048
1056
1032
1040
1056
1032
1032
1040
1040
1032
1040
1032
33824
1024
1024
1032
1016
1040
1032
1032
1040
1040
1040
1032
1032
1040
1040
1024
1040
1040
1024
1016
1040
1040
1032
1040
1040
1056
1056
1040
1040
1056
1032
1056
1040
3272
1912
2064
2064
1864
2072
34872
1864
2048
1720
1816
1944
1960
2072
2112
1792
2936
2208
2056
1960
2032
1816
34552
1880
1808
1824
1944
1912
1760
1968
1864
1856
1896
1880
2016
1760
34624
2080
1688
1992
2072
1704
2008
2104
34936
2400
1784
1800
1960
2032
1872
1696
1864
2000
1872
1952
1824
1888
1944
1808
1912
1864
1824
1992
1896
1856
34800
1800
2008
1760
1816
2128
1952
2048
2048
1904
1848
34496
1968
1880
5016
1904
1888
2216
1072
1032
1040
1040
1032
1032
1032
1032
1008
1008
1008
1008
1032
1024
1016
1024
1024
1024
1024
1016
1024
1024
1016
1024
1024
1008
1008
1008
1000
1008
1000
1000
1000
1000
1000
1000
984
984
984
984
1008
1000
1000
1000
1008
1000
1008
1000
1000
33808
992
1000
992
992
1056
1064
1008
1008
1016
1008
1008
1016
1008
33808
992
992
992
992
1000
1000
1016
1016
1008
1016
1008
1016
1008
33808
992
1000
992
992
1008
1008
1000
1032
1024
1008
1016
1016
1008
1016
992
1000
992
1000
1016
1016
1016
1008
1024
1016
1016
1016
1008
1040
1024
1016
1008
1016
1016
1016
1008
1016
1008
1008
1096
1040
1016
1024
1024
1024
1016
1016
1048
1008
1040
1016
1016
992
1032
1040
1008
1016
1016
1016
1016
1016
1480
1888
2576
1112
1016
1008
1024
1000
976
1008
1032
1016
1000
1008
1000
1008
1000
992
1000
33776
1000
984
992
992
1024
1024
1016
1040
1040
1040
1040
1040
1040
1040
1040
1040
1040
1040
1040
1040
1056
1064
1048
1048
1064
1080
1040
1072
1056
1040
1040
1040
1040
1040
1040
1040
33848
1032
1008
1008
1000
1016
1056
1032
1008
1008
1016
1016
1016
1016
33800
1040
1032
1016
1008
1032
1032
1016
1008
1040
1024
1000
1008
992
1000
976
976
984
992
1032
1032
1024
1008
1008
1024
1024
1024
1016
1024
992
1000
984
1008
1008
992
992
992
992
1016
1008
984
2200
1304
1128
1096
1072
1072
1080
1056
1056
1064
1072
33840
1048
1040
1032
1024
1696
1616
1664
1176
1120
1072
1040
1008
1024
1032
1008
1032
1032
1040
1040
1040
1032
1040
1032
1032
1056
1048
1032
1032
1032
1032
1032
1040
1040
1040
1040
1048
1064
1040
1056
1040
1016
1080
33864
1008
1000
1000
1000
992
1008
1000
992
1000
992
1016
1000
1008
1008
992
984
1000
984
984
984
976
1000
1000
1008
1000
1000
1008
1000
984
1008
1000
992
984
984
992
1000
1000
1000
1000
1008
1008
1008
992
992
992
992
1024
1000
992
1000
1000
1000
1000
1000
1008
33808
984
984
976
976
1056
1048
1032
1032
1032
1024
1040
1032
1032
1032
1040
1048
1056
1040
1064
1056
1056
1032
1040
1056
1056
1040
1040
1032
1056
1032
1032
1032
1040
1040
1032
1056
1056
1040
1040
1040
1032
1032
1040
1040
1040
1024
1240
1744
1264
1048
1024
1008
1008
984
984
992
984
992
984
1000
1032
1016
1008
1016
1008
1008
1000
1000
1016
1000
1000
1000
1000
1000
1000
1008
1008
1000
1008
1000
1000
992
992
984
992
976
1008
1000
1008
1008
1000
1000
1000
1000
1008
1000
1008
1040
1048
1048
1064
1056
1048
1048
1048
1048
1064
1048
1064
33840
1048
1056
1048
1048
1064
1064
1080
1072
1064
1072
1080
1072
1072
1064
1040
1048
1048
1040
1112
1032
1064
1048
1016
1024
1032
1032
1024
1024
1024
1024
1024
1016
1016
1032
1032
1032
1032
1000
1008
1008
1008
1024
1024
1024
1016
1024
1040
1032
1000
1032
1032
1024
1056
1048
1024
1024
1016
1024
1024
1024
1024
1032
1024
1024
33832
1016
1000
1016
1000
1024
1024
1032
1024
1016
1032
1024
1024
34560
1768
1944
1256
1048
1032
1016
1048
1048
1064
1064
