5040
1304
1296
1240
1088
1296
1104
1320
1376
1032
1152
1144
1448
1240
1376
1016
1672
1048
1456
1400
1072
1288
1336
1616
1408
1408
1440
1368
840
776
1008
1272
34328
1360
1368
1136
1280
1248
1152
944
1280
1360
1128
1424
1328
1344
1376
1200
1280
1280
1288
1240
1240
1104
1064
1392
1032
1184
872
1320
1360
1096
1080
1328
1296
1368
1320
1256
1424
1280
1368
1376
1328
1312
1296
1336
34408
776
784
768
784
776
776
784
784
776
768
776
784
784
784
784
768
784
776
784
784
776
784
784
784
776
784
784
768
784
784
784
776
768
776
776
784
784
776
784
776
776
776
776
776
776
776
784
784
784
776
776
784
784
784
784
784
784
776
776
776
784
768
776
776
784
784
776
768
776
984
1352
880
34336
816
800
784
992
920
768
784
768
768
768
784
768
776
776
776
784
784
784
776
776
784
776
784
776
776
784
768
776
784
768
784
784
776
776
784
784
776
784
776
776
784
776
776
776
784
768
784
768
768
776
776
776
784
776
784
784
776
776
33568
768
784
768
784
784
776
776
776
776
784
776
776
776
768
784
768
776
776
776
784
776
776
776
33576
776
768
776
776
784
776
776
776
768
784
1216
1456
1456
1456
1216
1416
1448
1352
784
768
784
784
784
784
784
784
784
784
784
784
776
776
784
784
776
784
784
776
784
784
784
784
784
784
784
776
784
1080
784
784
784
784
784
776
776
776
784
776
768
784
784
776
776
768
768
776
776
776
768
776
784
776
784
776
768
784
776
776
768
776
784
784
776
776
784
784
768
768
768
776
768
776
784
776
784
776
776
776
33576
776
776
768
768
784
776
768
768
776
776
784
776
776
776
784
776
776
776
33576
776
776
768
784
784
776
768
776
768
776
776
776
784
776
1080
768
784
776
784
784
784
776
768
784
784
768
776
776
784
784
776
776
784
784
776
776
784
33568
776
776
776
776
776
784
776
776
776
784
784
776
776
784
784
768
776
776
784
784
776
768
776
776
784
776
776
768
784
784
776
768
784
1312
1304
1208
784
776
784
776
1096
1480
1440
1488
1448
1448
1328
1144
1200
1432
1408
1424
1416
1432
1432
1432
1408
1432
1432
1432
1432
1432
1424
1416
1416
1424
34136
1416
1440
1432
1376
1440
1440
1432
1416
1424
1432
1432
1440
1432
1384
1424
1424
1440
1424
1424
1448
1416
1448
1432
1432
1440
1432
1440
1424
1432
1424
34152
1440
1416
1440
1424
1432
1432
1440
1424
1440
1440
1432
1432
1440
1432
1440
1440
1416
1328
1416
1424
1432
1424
1424
1432
1432
1432
1424
1432
1432
1424
37776
1416
1440
1440
1424
1432
1448
1432
1440
1432
1424
1424
1440
1416
1432
1424
1440
1416
1432
1432
1432
1440
1432
1384
1432
1192
1432
1440
1440
1440
1432
1432
1664
1416
1416
1168
1304
1416
1432
1208
1448
1440
1424
1424
1120
1440
1424
1440
1416
1440
1432
1440
1440
1432
1408
1440
1400
1432
1424
1416
1440
1424
1424
1432
1432
1432
1128
1408
1408
1424
1432
1440
1408
1432
1432
1424
1416
1424
1424
1416
1424
1416
1408
1424
1440
1416
1424
1416
1320
1440
1424
1432
1256
1416
1432
1432
1432
1432
1400
1440
1440
1456
1432
1432
1440
1432
1432
1424
1432
1424
1440
1432
1400
1432
1424
1424
1424
1432
34280
1136
1440
34168
1136
1432
33944
1424
1312
1416
1432
1424
1432
1424
1432
1160
1416
1424
1424
1448
1424
1424
1384
1432
1408
1296
1424
1432
1456
1368
1440
1432
1440
1400
1432
1368
1432
1440
1432
1432
1440
1000
1288
1432
1256
1432
1424
1432
1440
1424
1432
1432
1424
1424
1416
1440
1432
1432
1272
1432
1424
1424
1432
1440
1328
1424
1440
1416
1432
1424
1424
1328
1440
1432
1424
1424
1424
1288
1424
1432
1432
1424
1440
1336
1416
1424
1424
1440
1424
1416
1160
1416
1448
1408
1432
1440
1424
1448
1520
1088
1064
1128
816
824
976
808
864
1424
784
1192
2096
1544
960
1024
1048
952
1000
1056
960
1448
1104
1312
1216
1192
1032
1112
1144
880
1272
872
1328
872
928
1096
1096
1048
904
792
1080
1184
1104
1144
1144
1128
1432
1416
1336
1432
1416
34168
1392
1408
34344
1440
1296
34056
1408
1408
1416
1312
1320
1432
1088
1488
1160
832
1200
1160
1464
1440
1368
1400
1400
1480
1456
1256
1384
1408
1400
1432
1184
1464
832
1432
1440
1424
1408
1160
1104
864
1256
1448
1280
1280
1088
1184
1432
1432
1456
1544
1432
1416
1456
1440
1440
1456
1424
1032
1624
1496
1408
1456
1136
1448
1224
1408
1448
1384
1344
1280
1424
1104
1568
1480
1240
1344
1416
5312
1112
1312
1472
1512
1392
1216
1720
1440
1432
1344
1392
1336
1392
1400
34344
1456
1408
34144
1416
1376
34120
1000
1344
34112
1424
1496
1000
1136
1408
1416
1376
1320
816
1152
1400
33832
1320
1392
33968
1440
1448
1328
1808
1176
1136
1416
1464
1280
1384
1344
1408
1448
1448
1120
1448
1456
1416
1376
1432
1448
1264
1376
1224
1304
1416
1280
1200
1424
1424
1440
1424
1416
1336
1440
1344
1336
1320
1360
1312
1416
1424
1408
1448
816
1448
1440
1424
1336
1328
1192
1040
1376
1464
1456
1384
1424
1424
1456
856
1432
1432
1464
1456
1384
1296
1400
1352
1416
1336
1400
1416
1432
1432
1408
1424
1440
1416
1384
1440
1288
1424
34040
1408
1432
1168
1432
1352
1376
1432
1408
1848
1456
1440
1424
1432
1392
1376
