178320
186544
189544
187888
183696
185296
222600
218376
183808
184024
185256
186152
183520
184440
219032
218120
182792
182960
219288
184008
185944
193408
183040
181488
182592
220104
182800
215672
216248
183368
184296
183552
186744
185776
220048
215312
218336
218648
217984
216312
217008
216560
183984
183624
204080
110024
109336
141904
109192
141808
109040
142008
109192
141976
109104
143520
209584
215192
216392
217952
184984
186600
183656
185688
179855
146896
109152
109064
109080
109200
141848
109056
141872
109064
234040
109504
109016
109056
109016
141864
108968
141744
109008
141760
108960
141760
109752
141992
108976
141904
109048
109096
109824
108736
141528
141520
108720
108720
295233
216336
216904
186248
182640
186856
185184
217528
183976
229936
185568
182968
176064
173040
184440
185848
181656
206256
185616
176000
185336
220288
213880
184528
186104
184264
132672
179912
182280
175512
175016
177632
178456
184816
162984
171272
158928
172704
173136
175288
184600
177192
171176
342480
176896
216896
221992
179343
109536
108728
141528
141544
108728
108728
141536
141856
108728
108720
142048
174928
141768
142024
108984
108720
141520
141528
108728
108728
141704
141536
109200
206072
109160
141520
141520
108728
166848
238232
142704
141840
108720
108728
141528
141520
108720
108720
141520
141528
108960
108728
141520
141520
167720
141704
108720
109024
141520
141520
108728
108728
141696
141824
427416
109600
108728
108720
141536
108728
109592
141528
141520
108728
109160
141528
141528
109024
108992
141528
141520
108720
108720
141520
108720
108728
165248
108928
141528
141528
108720
108720
141576
141520
108736
108720
141488
108720
108720
108720
141528
108720
108728
141528
147664
108728
108736
141528
141528
108728
108728
141480
141528
108728
108720
141528
108720
108720
141520
141536
108720
108720
141528
141520
108728
108720
141520
141528
108728
108720
141528
108720
108720
141528
141488
108720
108720
141528
141528
111128
108728
141520
141528
108728
109864
141528
141536
108720
108720
141528
108720
108720
141520
141536
108720
108728
141536
143800
108672
108728
141520
141528
108728
108720
141528
108728
108720
141536
141528
108720
108720
141520
141544
108728
108720
143808
141520
108728
108728
141528
108720
108720
108720
141528
108720
108728
141520
141528
108728
108664
141520
141528
108720
108736
141520
108720
108720
141528
141496
108720
108720
141528
141528
108728
108720
141528
108728
108720
108720
141528
108720
108728
108720
141528
108712
108728
141520
141528
108728
108720
141528
141528
108720
108720
141536
108720
108728
141528
143744
108824
141528
108720
108728
141520
141520
108728
108728
141520
141520
108720
108720
141528
108728
108728
108720
141528
159777
142104
108720
108768
141520
141520
108728
108720
141528
108696
108728
108728
141528
108736
108720
141528
141520
178264
167496
172336
119456
109088
108720
141520
108720
108728
141536
141520
108720
108728
141528
141528
108728
127432
109232
108720
141528
108736
108728
141528
141520
108728
108728
141520
141528
108744
108720
141528
108728
108728
141528
222032
141928
108736
108784
141528
141536
108720
108728
141528
108728
108728
108720
141528
108720
108736
141528
141536
163152
153968
141592
108720
108728
141528
141528
108720
108744
141528
141520
108728
108720
141528
108720
108728
141528
152392
142152
141536
108736
108720
141528
108720
108720
108728
141544
108720
108728
141528
141520
108728
108728
297872
169136
145768
110056
108888
141536
108912
109104
108720
141520
108720
108728
141528
141528
108720
108728
141528
141520
250232
142672
159808
109312
108728
108720
141528
108720
108736
141528
141520
108736
142576
141744
181704
142016
141544
108728
108728
141792
141528
108728
108720
141528
108720
108728
141520
141520
108720
108656
141512
141520
142648
141688
108968
108728
141872
141528
108728
108728
141936
141528
108728
108720
141528
108728
108720
108720
182696
109632
108736
141504
141528
108720
108728
141528
108728
108728
141528
141528
108720
108728
108728
141520
108720
108720
154184
141520
141528
108720
108720
141528
108728
108720
108728
141520
108720
108728
141520
141528
108720
108728
141520
261376
142232
108728
167800
108832
108752
141456
108736
108720
108720
141520
108728
108736
141528
141528
108728
108728
217712
109040
108728
141504
141528
108720
108728
141528
141528
108728
109016
141520
141528
108720
108720
141992
141792
195721
211136
220280
188440
188272
188584
221688
187400
176288
185296
181192
158256
141888
108720
108720
141520
108720
108720
141528
141520
108712
108736
141520
141520
108728
108720
141520
108720
162600
109040
108728
141528
141536
108712
108728
141528
141528
108816
108728
141528
108728
108728
141528
141528
108720
108776
213344
164936
226519
109576
141800
141528
108728
108720
141528
108728
108728
108712
141528
108720
108728
141528
150208
141528
108720
108728
141520
108720
108736
141528
141528
108720
108728
141528
141528
108728
108728
141528
108720
108712
108720
141536
108728
108728
108720
141544
108720
108720
141528
141520
108720
108728
141528
141520
108720
108720
141528
150072
141928
108728
108728
141528
141528
108720
108720
141512
108720
108728
141520
141528
108720
108728
141504
141536
108728
110856
141520
141528
108720
108720
141520
108728
108728
156504
126528
109112
108720
141528
108984
108960
109176
141528
144160
108720
108720
141528
108720
108720
108720
141528
108720
108720
141536
141528
108720
108736
141528
141520
108712
109192
143880
141520
108680
108720
141536
108720
108728
141528
141528
108720
108728
141520
141520
108720
108720
141528
141528
108720
195241
228576
227104
165048
156192
108928
141544
108720
108720
108720
141520
108720
108736
153472
127792
109392
108728
141520
108720
108728
141576
141528
108760
108728
141528
141528
108728
108720
141520
141528
108720
108728
163352
108952
141528
108728
108728
141528
141520
108720
108744
141536
141520
108720
108728
141536
108728
108728
108720
150240
145568
141688
108720
108720
141520
108720
108728
141520
141528
108720
108720
141536
141520
108728
108720
141528
108720
136719
109672
108744
141520
141528
108760
108720
141528
141528
108728
108720
141528
141520
108720
108720
141520
108728
197280
109296
141520
141528
108688
108768
141536
141520
108720
108720
141528
108728
108728
141528
141528
108720
108720
147048
143032
141536
108728
108720
141520
108720
108720
108720
141536
108720
108736
141520
141520
108720
108720
141528
141528
111024
108728
141520
141520
108728
108720
141528
108728
108720
108720
141520
108712
108728
141520
141528
108728
108720
141528
144184
108736
108744
141520
141528
108728
108728
141528
108720
108720
108720
141520
108728
108720
141528
141528
108720
108720
143728
141528
108728
108720
141520
141528
108728
108720
141520
108728
108720
108728
141528
108728
108728
141520
141528
108720
108728
141528
141528
108728
108728
141536
141528
108728
108728
141520
108704
108720
141544
141528
108720
108720
141528
143696
108720
108744
141520
141536
108728
108720
141504
108720
108720
108720
141536
108720
108728
141528
141528
108728
108736
143704
141536
109176
108720
141520
141528
