54672
13800
14088
12544
13720
14160
46296
13792
46560
14104
13480
10912
13776
46584
14200
13760
46912
14184
46440
13912
14248
13792
14208
46400
13424
13936
14112
13320
46968
14240
45760
14144
13968
46376
14144
13560
13784
14184
46856
13760
46536
14160
13560
14216
14184
46392
14224
46504
13752
46480
14040
14240
46976
13960
46608
13688
13280
13264
13688
13968
13728
46512
14008
45528
13640
46392
14024
13592
46560
13728
13752
14024
13688
46496
12808
46560
13664
46592
13688
13512
12488
13808
13832
13984
13784
13712
46048
11128
46296
13624
13720
13912
13712
13448
13072
46376
13848
46736
13784
46328
12624
13504
14032
13824
13776
13896
13768
46520
13480
46320
13560
13584
45664
13688
45912
13776
13504
46280
13376
46184
13520
12944
13800
13704
46376
13480
13440
13680
12632
46344
13472
46400
13440
13144
13720
12688
46360
13408
13520
13600
13520
46512
12400
46392
13408
13680
46200
13344
46304
12712
13728
85184
11872
46304
13456
45080
13800
13656
13440
13496
46128
13936
13080
13776
13648
46344
13392
45984
13624
12808
46512
13896
46376
13504
13376
13656
12760
46536
13152
13464
13488
13608
46120
12592
13784
13192
14040
46336
13536
13584
12488
13744
46152
13568
46160
13480
13568
12408
13824
46448
13544
13376
13640
12496
13464
13424
13648
46376
13336
13624
12616
13728
46440
9376
44272
10152
44208
12480
12608
12192
12552
45224
13440
12856
11904
12928
45008
12712
45024
13464
12624
12720
13088
44696
12864
13000
13216
13760
45944
13600
13808
12392
13424
45872
12480
13152
13040
13856
45208
13304
9624
10448
11536
12640
44216
13040
9040
11216
10920
43080
12880
12896
14616
12448
44336
12384
13848
47032
14096
13512
46096
15288
14584
44240
12544
11944
45392
13784
14672
45696
13232
45808
11936
15872
46208
12632
13008
44536
13984
14144
44992
13552
13600
13592
13488
46096
13680
13648
13536
46232
13856
13808
46128
14000
13520
11848
11720
43944
14944
12880
43200
14008
13552
12864
15800
11296
12816
14168
45176
13352
12144
12856
12968
45624
12440
13184
9744
10360
43592
11168
42920
10136
44528
10984
11232
11120
11064
11432
12288
12448
11128
43936
12184
45960
11208
12304
12288
10816
10368
11320
11112
11600
11288
43480
11392
45088
12328
11064
12704
13232
11768
12424
45848
10776
10368
10912
11824
11600
44432
12592
44120
12248
43440
11104
9824
10008
9336
9688
10552
10376
9824
9952
10192
11688
9904
9760
10064
10016
10808
10184
10552
10616
10424
10384
10408
11104
10048
10864
10272
10840
11496
43416
10992
43064
10816
83247
46472
13256
12512
45528
13744
108432
13256
45072
12888
12888
46088
12992
12552
13440
13088
46032
164489
11168
10280
42920
10296
45480
13856
12288
44304
12216
13512
10664
9496
44360
10656
44008
11360
12088
11984
13888
42464
10024
41616
9768
43248
10832
10056
10152
10232
12504
13728
46360
13872
13792
13760
13880
43896
10184
19278
11912
43336
45080
12144
12552
12424
12688
88632
12616
45048
11912
13184
12424
12696
43240
9776
43248
11576
12072
10872
10680
46256
69241
11872
9352
10160
81632
8872
9952
10592
10672
44584
11448
12984
13296
13264
45848
13016
12632
46176
12936
11896
13120
12696
51552
13024
13104
45320
13456
13024
45616
12776
12664
13288
13368
1186360
12368
13000
13456
13424
45064
168312
11528
151897
11320
63512
43712
11808
44776
11208
11288
11608
11976
11208
11296
11280
10864
10176
10440
10728
11216
8920
11848
44480
10816
43024
12840
11272
12224
13008
45120
13368
43880
11368
10312
11112
43496
11176
13104
11928
9024
11528
9192
11200
10664
13680
69816
67320
46184
12944
12984
45776
12960
12416
46048
12928
12536
12928
13520
45384
12464
13160
45288
11952
11608
10304
12256
12792
11400
45760
12792
12272
12680
11920
12744
12384
44016
9536
11744
43752
8936
43384
11088
42728
9704
10160
9560
7608
7448
40248
7520
7448
40376
7440
7448
7576
7456
7440
7584
7448
40240
7496
7448
40320
7440
7440
7568
7440
7448
7584
11080
10936
11128
12544
44344
11792
44976
11416
12536
10688
12376
44256
12912
44448
11776
13040
12296
13896
45552
12136
12240
46152
13360
13864
46360
14936
11304
11344
12120
45096
11504
11984
46016
11216
45544
12096
12704
46856
14584
12600
13080
13288
44928
12584
11264
12952
16120
46088
13080
13480
45656
13480
13608
42248
11336
9984
13624
14008
46224
13032
14000
46424
14504
13336
44464
10896
11288
11984
12336
147255
13120
45896
13176
12904
45904
13096
12608
13104
13200
45184
13072
12400
45976
12944
12752
12992
12952
45792
13040
13008
46112
13080
12520
45992
14152
12632
12864
12864
13144
46320
13016
12464
13024
13000
12512
12952
12976
45592
13512
12816
45576
12944
12664
12968
12920
45528
12888
13392
45888
13136
12712
12984
13032
45080
13192
13128
45912
12776
12896
46120
13440
12200
13528
13104
46328
13496
12872
46168
12960
12560
46392
13400
12224
13352
13056
83320
11272
43128
10280
41176
9520
43072
12360
10632
11408
9288
10632
10488
9504
10504
11968
7616
7456
7576
7440
7440
7576
7440
40240
7496
7448
40384
7440
7448
7584
7448
7448
7576
7440
7440
7568
7448
7440
7584
7448
40320
7448
7448
40368
7440
7448
7584
7448
7440
7584
7440
7448
7584
7440
40240
7504
7440
40336
7440
7440
40376
7440
7456
7584
7440
7448
7576
7440
7448
7576
7440
40248
7496
7440
135448
11928
11512
7600
7576
7440
40320
7448
7448
40384
7448
7440
7584
7448
7440
7576
7440
40248
7496
7448
40320
7448
7448
7576
7440
7448
7576
7448
7440
7584
7448
40240
7504
7440
40320
7440
7440
7568
7448
7448
7584
7448
7448
7576
7448
7440
7496
7440
40320
7448
7440
40384
7456
7448
7568
7448
7440
7584
7448
7440
7568
7440
40320
7440
7440
40368
7440
7440
7568
7448
7440
7584
7448
7448
7568
7440
40320
7440
7448
40376
7448
7440
10768
13032
9880
45576
10328
41832
11232
7448
7576
7440
40240
7504
7448
40320
7448
7440
40376
7448
7448
7576
11760
13976
47304
13896
7584
7440
7448
7576
7440
7440
7584
7440
40248
7504
7440
40320
7440
7440
7584
7440
7440
7576
7448
7448
7584
7440
7448
7568
7440
40320
7448
7448
40376
7448
7448
7584
7440
7448
7568
7440
7448
7584
7440
40240
7496
7440
40320
7448
