1464168
1281824
1286328
1267216
1809040
1270232
1279968
1230960
1287360
1263872
1263856
1287720
1231128
1281280
1263824
1288232
1233800
1330592
1271816
1287592
1230960
1281312
1264640
1281896
1263888
1281912
1230856
1299520
1301784
1264928
1277512
1263920
1277256
1231088
1278368
1231016
1287528
1263840
1474310
1265368
1332800
1263800
1293992
1232480
1286096
1230968
1542040
1287128
1263784
1282432
1263944
1280592
1230928
1247808
1230920
1307216
1231024
1288800
1230992
1239152
1231016
1263992
1272192
1263824
1317249
1909232
1806680
2095198
1551664
1695746
1476264
1647952
1788920
2010199
1757256
1304832
1230952
1240808
1231024
1328136
1264320
1270984
1263760
1526160
1274704
1230976
1239144
1303488
1247992
1264248
1265408
1297520
1230968
1263784
1263704
1277432
1230864
1306720
1265848
1350256
1263856
1278584
1230960
1370544
1264288
1289440
1230960
1250640
1230976
1363640
1263840
1350128
1263816
1287704
1230976
1244104
1231000
1294816
1263928
1293848
1297824
1287384
1263800
1290928
1230936
1395693
1264536
1297040
1231712
1714248
1646195
1232568
1294984
1264648
1286480
1291968
1296352
1231016
1354736
1264080
1293176
1231136
1288568
1263760
1293312
1231064
1300408
1231008
1301776
1263808
1354104
1263792
1344776
1339512
1364216
1231056
1300896
1265264
1294624
1230976
1279848
1263776
1294160
1231200
1328008
1231056
1315096
1231176
1470472
1289384
1358880
1231040
1302312
1263832
1284632
1231040
1281480
1263712
1311968
1231128
1305680
1231232
1305168
1231008
1313992
1263808
1886128
1439088
1348496
1338296
1264032
1294048
1231096
1368608
1263776
1358048
1263832
1372352
1263976
1357864
1263808
1365664
1231184
1461944
1231552
1382136
1263784
1436512
1231080
1376632
1263728
1356232
1263632
1371056
1263848
1625096
1372728
1442680
1231520
1236640
1355328
1273624
1352728
1230976
1371488
1263936
1441224
1231312
1378856
1263952
1355144
1230960
1400152
1242208
1356328
1263808
1375872
1231064
1378112
1230944
1330656
1231024
1346264
1263744
1439584
1264560
1368000
1231008
1375320
1263864
1537648
1264960
1376504
1230984
1365904
1263880
1383840
1231064
1360208
1438192
1263848
1437072
1264008
1353808
1230968
1452976
1477984
1440560
1231136
1387376
1234072
1686864
1234336
1520449
1287040
1275024
1282024
1231048
1246000
1231576
1267864
1263792
1454456
1231152
1343799
1459208
1402544
1231224
1365696
1263904
1353704
1230984
1387768
1234528
1405400
1231088
1464375
1231192
1286400
1263848
1293232
1231032
1278736
1265592
1343538
1263960
1339888
1263792
1305152
1231440
1285048
1263960
1288912
1231008
1306240
1231072
1279928
1263768
1281976
1263856
1274576
1230968
1250816
1231072
1281048
1263760
1280504
1230936
1246776
1230928
1280720
1263856
1345792
1263936
1283024
1231120
1286136
1263872
1280344
1263840
1280352
1230960
1281752
1263808
1307064
1231176
1287440
1263904
1274128
1231856
1230992
1235432
1230984
1288112
1263816
1285152
1231008
1282072
1263824
1274320
1263736
1303528
1263832
1306528
1231048
1473808
1231160
1288896
1263680
1288168
1230912
1284704
1263856
1277144
1263752
1301144
1263824
1314280
1263712
1286416
1263872
1281920
1372984
1287984
1263832
1285608
1230840
1288768
1263712
1278848
1230952
1244520
1230864
1325752
1263872
1280584
1263856
1281264
1231000
1290808
1263856
1286448
1231016
1242664
1231048
1295288
1263840
1285720
1231008
1298280
1231152
1247224
1230992
1286024
1263840
1293032
1479224
1291984
1263712
1289824
1263648
1293296
1263936
1292520
1231064
1293400
1263840
1287000
1231008
1246744
1231040
1284960
1263872
1296288
1231224
1301768
1230960
1286376
1263864
1355848
1264096
1288520
1231088
1280920
1263840
1375520
1231056
1254016
1231056
1281264
1263896
1282168
1231024
1336600
1231584
1279800
1716792
1987176
1803048
2080432
1909776
1965483
1864048
1235568
1307568
1264808
1328648
1272424
1296096
1231016
1294896
1230992
2093368
2259616
2264688
2293264
2128264
2298769
1367432
1373608
1231512
1292984
1231704
1289496
1264088
1290056
1231208
1420656
1463200
1305584
1281504
1295768
1231024
1293912
1264216
1371792
1231088
1332552
1263928
1350632
1263840
1313400
1231056
1321728
1231008
1394384
1231920
1319704
1264672
1380032
1232584
1305112
1231064
1296512
1263824
1310920
1231112
1356896
1263848
1367120
1263784
1286712
1230912
1286400
1263648
1287680
1231624
1316520
1232776
1297048
1231120
1296392
1264568
1377352
1231440
2038509
2143496
2152104
2144088
2064448
2204392
1921136
1923664
1879752
1897712
1850232
1889711
1231776
1311800
1231072
1615439
1809032
1770576
1482928
1231504
1296184
1263808
1342178
1264888
1710488
1890992
1834856
1410307
1292096
1263776
1282656
1384104
1427696
1362904
1455568
1802008
2035600
1868488
1889600
1895520
2037432
1876808
1898032
1907944
1917328
1960608
1928483
1264160
1606445
1916464
1899080
1920232
1985928
1965072
1893144
1981600
1805952
1265320
1295568
1231320
1293008
1264112
1357112
1264008
1291472
1264352
1307648
1230920
1455728
1264184
1339696
1363296
1300432
1264208
1290736
1231032
1291936
1264096
1283440
1230976
1279952
1263920
1368920
1264152
1331208
1264208
1289888
1231048
1288136
1264208
1285776
1231008
1298568
1263848
1282832
1230936
1584384
1955416
1932584
1890432
1981328
1232328
1875616
2139576
1827208
1893464
1975464
1761480
1264128
1367744
1231040
1656096
1445672
1281448
1650104
1366952
1304400
1231320
1362704
1264144
1288184
1230896
1287608
1263792
1299616
1232448
1391432
1231560
1314200
1231504
1323624
1231064
1314920
1230968
1296864
1263696
1354288
1231040
1431192
1263936
1372768
1231016
1375720
1263816
1442880
1231168
1322144
1968800
1230904
1955840
1478163
1264192
1267368
1264272
1263832
1298168
1230944
1286120
1263792
1266800
1263776
1266816
1263792
1266760
1230872
1296605
1231088
1352376
1230992
1388408
1231000
1351616
1230912
1374592
1230992
1403008
1263840
1382992
1230960
1460120
1420560
1231064
1503211
1264160
1333573
1263968
1462008
1264216
1365328
1230968
1395560
1263888
1380640
1231104
1482515
1231296
1317533
1231192
1356800
1231056
1366608
1263800
1356144
1231016
1389240
1231128
1702440
1443520
1263872
1406944
1460208
1404920
1231080
1413328
1231032
1391768
1231104
1373176
1535152
1509432
1466271
1264024
1310841
1263984
1397528
1231088
1379656
1263864
1415472
1263896
1382160
1230992
1392360
1263952
1432176
1263928
1553752
1263808
1376672
1230856
1837664
1413008
1397600
1383752
1263696
1353112
1263808
1453232
1231072
1360792
1263904
1406920
1759320
1232048
1450192
1264000
1443368
1230968
1515667
1231272
1317045
1263848
1391080
1231048
1501712
1231528
1473832
1278608
1363003
1265656
1275032
1230928
1295357
1263944
1409576
1230976
1417240
1231088
1275200
1451800
1231312
1372192
1263808
1425928
1263984
1372640
1231072
1451704
1264200
1410000
1264064
1368944
1231128
1382784
1231144
1456787
1264064
1279216
1231016
1284160
1263824
1277704
1263752
1277032
1263744
1276568
1230992
1244976
1230984
1352965
1552304
1504720
1263936
1405960
1230992
1364832
1263728
1393240
1263768
1415952
1348536
1286592
1350776
1263840
1348520
1486424
1895512
1788440
1231784
1391720
1231552
1352976
1263960
1357024
1231152
1367832
1264056
1411360
1263928
1362528
1263760
1352792
1230960
1358752
1263840
1377824
1231072
1373696
1263856
1364976
1231056
1358968
1263784
1367000
1230960
1926208
1602488
1263784
1752624
2066416
1232144
1822688
1231328
1872744
1353280
1263928
1342024
1790160
1305424
1788416
1358072
1870608
1533712
1282040
1263800
1297632
1231048
1302720
1231048
1369632
1263912
1441219
1264808
1348160
1264400
1414105
1348120
1436464
1394896
1263816
1364728
1263888
1426664
1231168
1320000
1231080
1555344
1263952
1354912
1231016
1387200
1263784
1435952
1263752
1393480
1263856
1365896
1230976
1344440
1263816
1447819
1231416
1239760
1230968
1374925
1231112
1357960
1263824
1351576
1231016
1314712
1231024
1290008
1362544
1235224
1356232
1263824
1400864
1231200
1358048
1231224
1330896
1231168
1351176
1263944
1352152
1263904
1399056
1231096
1419400
1231184
1327792
1231080
1374144
1231088
1324768
1231088
1733096
1231264
1353992
1263808
1379464
1231056
1359144
1230880
1332992
1231000
1365944
1263824
1355320
1231000
1304872
1366264
1264056
1364976
