437672
359640
358680
611648
360400
403536
357968
357912
390480
357840
357536
390624
357936
357904
357800
357720
402840
391568
357856
358032
357976
357856
358032
357848
390504
357688
357944
395616
357648
357768
357760
357632
483728
362664
393688
361544
361344
407240
362352
361752
392672
361640
442080
362944
394864
361344
361840
391336
391760
357952
357720
357752
460888
392912
392072
356008
388304
375280
356016
357696
388552
355272
355320
396712
355616
355368
388112
355464
355472
550064
393944
393632
359872
374736
395552
361312
358208
370096
358032
390448
357376
357832
357152
367216
357936
390392
357832
357864
360544
357568
390432
357704
358632
364000
357312
390304
357088
357080
390304
357088
370392
357520
390216
357480
357040
357088
363200
355368
355072
355080
355072
355072
355080
363336
388008
355072
387864
355072
387872
355216
393712
355272
355120
355072
355080
355072
355072
394136
355224
387872
355224
387872
355080
391376
371285
356648
356200
389192
356384
356568
393184
356944
357848
356232
357168
357840
359056
781624
357096
356112
360760
360592
364288
360224
356992
393712
397288
397560
403000
362128
360392
392984
361104
358272
365424
360472
359136
403789
388768
362976
414120
408851
392368
463563
409437
484672
400216
394064
393360
392360
395448
396232
400072
357232
356560
389616
356560
356176
356168
366424
356584
389144
356576
356208
356560
356616
400104
356216
356152
389192
356552
356560
393600
356768
356544
356272
356672
389120
356112
360504
389520
356160
356592
356168
356552
389136
356288
356584
389064
356624
356680
356232
381061
357280
356176
389208
356552
356544
389512
360432
356232
356552
356584
389136
356600
433251
435994
359296
357424
359816
358600
414083
357368
356648
389152
356552
389136
356136
388795
360512
362304
362984
373264
412296
428861
355952
355064
355064
355120
355048
365192
357912
388128
355080
387896
355064
387864
367264
355336
356832
355160
387864
355072
387872
363592
355128
355840
360176
359904
358672
400952
392136
394640
392024
392376
393344
406152
388656
355080
387864
355080
356104
355080
364312
355168
355072
355080
355064
355072
397976
358104
358224
355120
355120
355072
355072
366288
355416
355072
355080
355064
355072
355072
360576
388072
355120
387872
355072
387864
355080
393728
356232
356016
388952
356032
356088
403752
356840
356048
388944
356016
356032
356032
405539
355720
355072
355072
355072
355064
366384
355376
355072
355072
355072
355072
355072
359504
388032
355072
388016
355080
387864
355064
424440
374176
356064
355064
355072
355080
355080
363456
355512
355312
359976
355520
355440
380682
355928
355064
355064
355256
355080
355072
402056
355464
355008
355064
355072
355072
355072
390880
355072
355120
355064
355080
355080
360328
390608
359416
360168
359456
358568
358552
432192
392768
392984
392944
390528
355272
395680
356872
356000
355080
355072
355296
355064
362320
387968
357304
359000
361520
361424
397664
393016
515568
355936
387864
355080
393336
355720
355072
387864
358592
388120
355072
363192
388360
355080
387880
355240
387864
355072
395872
355512
355080
355080
359248
388216
355072
388768
355312
359008
361408
393856
393720
403752
361144
360968
394840
394216
394704
417189
359176
394544
360816
361608
392464
522160
361184
415784
396736
395600
395008
483776
355312
355072
355072
387864
359560
367056
362400
360760
358824
359048
392712
360040
361112
360920
361736
361776
361272
532888
356104
389912
355376
355080
355296
355080
403736
355368
355064
355224
355832
391744
395744
359504
359320
361328
359152
359488
360680
359088
355576
387864
531064
356000
360120
358112
360808
359712
360320
392680
390816
389064
355168
355080
355072
355072
355072
364960
355464
355080
359736
359848
360320
396856
390808
359192
359136
360080
359360
363840
360816
393168
392160
393128
394328
359616
363968
360648
356104
355072
355080
355024
359976
396216
443040
394752
393200
362904
449384
364728
361384
362048
361168
388464
433576
359760
392112
393240
360736
363096
435208
355968
355072
355072
355200
355240
387936
419221
361000
363368
355744
355064
355072
373352
358448
358432
355064
355072
355168
387872
428424
355624
355072
356560
361824
361120
490344
355816
355064
355224
355072
355080
355072
396192
355320
557864
359872
355312
387872
364584
355392
355080
355072
355128
355072
355080
359672
388112
355064
355120
355064
355080
360672
356464
387864
355072
387936
355176
387880
360624
358984
388064
355064
387880
355080
387864
366808
359784
355520
360616
355864
387872
355072
396824
355520
355072
355072
355072
355072
360808
355664
355072
355072
355080
355064
355216
438208
362832
417088
364640
362112
360536
366992
388656
355072
355072
355080
355080
355080
473992
359928
431512
356000
355080
355072
363696
355568
387864
355080
387880
355072
387920
407744
355536
355072
387864
355128
388112
366688
360704
357024
387880
355072
388016
355216
405976
390440
355120
355080
355344
355072
355064
362616
355176
390936
355424
387880
355072
394696
355472
355064
355072
355080
355080
355072
403848
392352
394312
358800
358112
357896
468445
360856
356008
355064
355072
355072
355080
369160
355176
355072
355072
355296
355064
355072
356576
387872
355072
387872
355072
387840
358688
357208
391560
355312
355072
355304
355072
393144
359272
355376
387880
355072
387872
355072
395344
357712
355496
397000
391304
355272
391680
355416
355064
355072
355072
355072
355080
401472
355312
355080
355064
355080
355080
355072
395424
358968
355760
387872
355072
387864
355072
393584
355128
355072
355072
355080
355072
368168
356256
355120
387872
355072
387864
355072
428512
355912
387856
355072
387872
355072
387872
361608
355128
355216
355224
355072
355072
398344
356672
355128
355080
355080
355072
355080
400848
358704
355280
355072
355064
355080
355120
428328
355568
387864
355072
387872
355568
387864
391672
355312
387912
361696
355616
387864
366712
355808
387872
355072
387880
355080
387872
367024
355128
355072
355080
355072
355072
355072
362456
388008
355072
387864
355080
387864
355072
497520
367336
361376
361624
357528
355072
486600
357296
355072
355072
387888
355080
396512
393000
576184
396592
396872
398752
442600
356152
355072
355216
355072
355080
396491
389056
355912
355072
355064
355064
355072
382896
355176
355072
355072
387832
355072
387872
359416
387968
355072
387872
355072
387864
419941
356144
355064
355072
355128
387872
355064
479464
355472
387872
355072
387864
355072
387864
574320
388712
355072
387864
355160
387872
495095
389056
355320
355080
355080
355080
396952
355144
387920
355072
387872
355080
387912
362424
355120
355072
355080
355120
355072
355072
361080
387920
507888
355960
355080
355072
412057
357736
387864
355064
387880
355072
387864
448000
416336
416424
378352
360064
355760
443752
355704
387960
355080
387864
355080
433736
357824
355128
387872
355072
387872
355080
478424
359864
355760
387880
355072
387864
355072
479256
355216
355072
355080
355016
355072
513207
356256
355472
355072
355080
355072
364064
431993
388608
355048
387880
355072
387872
433968
355368
387872
355064
387864
355168
388016
435872
388024
355072
