3837381
3826039
3688384
3638800
3683280
3986296
3816648
4016864
4104441
4125583
6349936
5325459
3709176
3687456
3690856
3675952
3670408
3771861
3761192
4158883
4147477
3817296
3884879
3803776
3832544
3767113
3787984
3751832
4384376
3734648
3732848
4103488
3768360
3793912
3764888
3693408
3867168
3852584
3735544
3697736
3737072
3722232
4219544
4051071
3678464
3652336
3697896
3704952
3656160
3670152
3762968
3647424
4122105
3720344
3756087
3639240
3774921
3707200
3849663
3664344
3678424
3635360
3639408
3633328
4381353
3738696
3774760
3761192
3763168
3832512
4223856
3694872
3708752
4122728
3761896
4303920
3710624
3710400
3883123
3675960
3745656
3670912
3799728
3696704
3722085
3704403
3794712
4080357
3655064
3687608
4299624
3946848
3788960
3981915
3689144
3642800
3637984
4499029
3755768
3882904
3817059
3802941
3846272
3690704
3695160
3639280
3723435
3832776
3885184
4341624
3827480
3848752
3862432
3767288
11956472
4502501
4054312
3867272
3751688
3855176
3645024
3792096
4283451
3702208
3673528
3666168
3706560
3649552
3707533
3678832
3696480
3692920
3743920
3746232
3677096
3684192
3709131
3633240
3651968
3722408
3679816
4037112
3647560
3781088
3641216
3649120
3635216
3645368
3638760
3637448
3935704
3768946
3691736
3960568
4005987
3689336
3643472
3687512
3672160
3680224
3634888
3647648
3690272
3675200
4328507
3876920
3763368
3670528
3682528
3633608
3633520
3720880
3645464
3691280
3683296
3865741
3889712
3789288
3788640
3988920
3695328
4017360
3656312
3791328
3882333
3700520
3834126
3706192
3775733
4220528
3857408
3835216
3716160
3683968
3696963
3765485
3669744
3752976
3731120
3773800
3982680
3683984
3689288
3637072
3646496
3728256
3684552
3652896
3636400
3703944
3648936
3686416
3755509
3692320
3685792
3636608
3698950
3698082
3873832
3829608
3789747
3694136
3790032
3750056
3969544
3785936
3742896
3703816
3865645
3723248
3790128
3682080
3672320
3688072
3647024
3765219
3759768
3907579
3639984
3696968
3634944
3657960
3677664
3716357
3856176
3688440
3654456
4045624
3962624
3666616
3725648
3780544
3701808
3735776
3709584
3702304
3810168
3902216
3769240
3761552
3833960
3840120
3846640
3778504
3849744
3676248
3673296
3839808
3735177
3702104
3681416
3679848
3720544
3636296
3639296
3657352
3641440
3637336
3635352
3688384
3675680
3705000
3913912
3938984
3781247
3724776
3890144
3798840
3999544
4128488
3796544
3791072
4365952
3925000
3793520
4362240
3693296
3946464
3892616
3993976
3710248
3726064
3873909
3750376
3807814
3689144
3673096
3667784
3667872
3704097
3974936
3689528
3778360
3935504
3777016
4023104
3947229
3648128
3682400
3670872
3687024
3638040
3691144
3671792
3744647
4067859
4149656
4051081
4050504
3743888
4036968
4028960
3944024
3788848
4007112
3791912
4011784
3976392
4114208
3757096
4021160
3777536
3964520
3766928
3976112
3818472
3874856
3648120
3849667
4524744
4974457
3985088
3784464
3777016
3983176
3784936
6291952
3693392
3866368
4127568
4003512
3798912
4056008
3800280
3882976
3691600
3918984
3704655
3700504
4212105
4285872
4160816
3855423
3766145
3922208
3772592
3954712
3781944
3937856
3822768
4015832
3898944
4620744
3840224
4003456
3776960
3963864
3785136
4064848
3968168
3772824
3776848
4611488
4362968
3825696
3926000
3773376
5346776
5594619
3820744
4281680
3907152
6871112
4249504
3767184
3863037
3919392
3773240
3778048
3895392
3868792
4024035
3678464
3768640
3692240
3641912
3826917
4170144
3944400
4106456
3822392
4016080
3766352
3918664
3657680
3786512
3775288
3770936
4346744
4193448
3998280
4279768
3794504
4032368
3918928
4291704
3814240
4220640
4000128
3786520
3794784
3810640
3872131
3811672
3794184
4041968
3808720
4372152
3773576
3695688
3804896
3968304
3753768
3938863
3699169
3988488
3825744
4273847
4182233
3824320
4031320
3804704
3962336
3872456
3961568
3795320
3848039
3744464
3853801
14443003
3736032
3794224
3759024
3790272
4208680
3798688
4130245
4220360
4012736
3690160
3686848
3687288
3844832
3706264
3973528
4045448
3869216
4073344
3718784
3725968
3692576
3762216
4165645
3774600
3698960
3648776
3687776
3788718
3749832
3772976
3766322
3674464
3698184
3674368
3680936
3644392
3640272
3642304
3877992
3714456
3952528
3892032
3760528
3641104
3691968
3689483
3716096
3771104
3702856
3806833
3872696
3876670
4056992
3961449
3725888
3782824
3703480
3700816
3805872
3855819
3921693
3653896
3846608
4265448
4091120
3924584
4019616
3812632
3932536
3758384
3956200
3794760
3954832
3866616
4040912
3700376
4284424
3803896
3975184
3933352
3964616
3787968
4016424
3732936
3688384
3650736
4211208
4075064
3955048
3842445
3750192
3666352
3686944
3639888
3636768
3703264
3795680
3985600
3849424
3887344
3735856
3711032
3678536
3678264
3652472
3640920
3800816
3914296
3891912
3838848
3866504
3930048
3648768
3688592
3659968
3692944
3698472
3680680
3684248
3687584
3825144
3835464
3742184
3772115
3911544
14727219
3887344
3641016
3646968
3762776
3646616
3651520
3676384
3674256
3721173
3751416
3717272
3656248
3870152
3799888
3841552
3863832
3906016
3777376
3846872
3707240
3712368
3805568
3720800
3951625
3850000
3802216
3649576
3691904
3821736
3787144
3940755
3682048
3651936
3680072
3696000
3637328
3671040
3792808
3698448
3860760
3736352
4349032
3771440
3687264
3865792
3948832
3782184
3868520
4240171
3975845
3951848
4050072
4081192
4056312
3911272
3990976
3835920
4006592
3791496
3991960
4044808
3833552
3748848
3815296
3882920
3880520
3771504
3876856
3738448
3798665
3669552
3678768
3660584
3682344
3688616
3693824
3667888
3671976
3672392
3641456
3640184
3637384
3691080
3687104
3777112
3915008
3905910
4272520
3998157
4836312
3851544
4254032
3785192
3938744
4333472
4188776
3782600
3935792
3853776
3903680
4882232
3801648
4023920
3782856
4020560
3956496
3798183
3726624
3803248
3991892
4447301
3794640
4048464
3802880
4130080
3807464
4147416
4105872
4130112
3945136
4024992
3798632
3802472
3786376
4094040
3885600
4000119
3900064
3889337
3827352
3953552
3793728
4218152
3850752
4122456
3797296
3929400
3781144
4511880
3790368
3954192
3830960
5032931
10370901
3979448
3827008
4119808
4539699
3718245
3989799
4204505
3921088
4062472
4294560
3782896
4091704
3740176
3904696
3871152
4050552
3786608
4210208
3752880
3789408
3846904
4030031
3716216
3767449
3810656
4968656
3776056
4109864
6505299
4208896
4748152
4166320
3820744
3706752
16269792
4382584
3971408
4039152
3807632
3712344
3653960
3636456
3708200
3946976
3733912
3785459
3658656
3841121
3678624
3668576
3642256
4211168
3782048
3819064
4568209
3837544
4319071
3931600
3883712
3685544
3650112
3935417
3639864
3684111
3889201
3717360
3802056
3869200
3692512
3645936
3664999
3839168
3703032
3710424
3853695
3779945
3784169
4091031
4167272
3764608
3795527
3695969
3704360
3717960
3811152
3747181
3713432
3636976
3635600
3804712
3888208
3893307
3788264
3773920
3700608
3839799
3770969
3941283
3694373
3722712
3900864
4188360
4355907
3780050
3811088
4348288
3710824
3646096
3694139
3972589
3885032
3826187
3851216
3856029
3667368
3766200
4341144
3673448
3732003
3816913
3684088
3638984
3647328
3702088
3690752
3805647
3721640
3795680
3671224
3716728
3795328
3644360
3739344
3686976
3789473
3705288
3641840
3707248
3726040
3806415
3721936
3792976
3718184
3821515
4429962
3850083
4408560
3788960
3671472
3674176
3664821
3643040
3751227
3687080
3649536
4196920
3707837
3801296
3792139
3684024
3639752
3655496
3684112
3682352
3642744
3637808
4208712
3719763
4139658
3681360
3799392
3643296
3711483
3647608
3694960
3674456
3796016
3917792
3691944
3781600
3655584
3768056
3787520
3731120
3644312
3642976
3642096
3642016
3645296
3731525
3636920
3645664
3872424
3740987
3782368
3765565
3696632
3642152
3690048
3660200
3741688
3752576
3743094
3765258
3831920
3679736
3660752
3670232
3697779
3792653
3722104
4069374
3714829
3722531
3646928
3707416
4680616
4036234
3696000
3694752
3915651
4489229
3803752
3638600
3766648
3660171
3697376
4330440
4212595
3887024
3805474
3679960
3691416
3645240
3635280
3788544
3638168
3732971
3927720
3709096
3687096
3700200
4045768
4858784
3811296
4065600
3851504
4005968
4476536
4238616
3874096
3885311
3726489
3935336
4266368
3791200
4123968
3784000
3968232
4094712
