5960
2240
2240
2240
2240
2224
2232
2232
2248
2224
2240
2240
35136
2248
2240
2224
2640
2224
2256
2232
2240
2256
2240
2232
2240
35176
2248
2232
2240
35184
2232
2248
2240
35176
2232
2232
2240
2648
2248
2224
2240
2240
2248
2240
2232
2264
2648
2248
2248
2248
2240
2240
2240
2232
2240
35144
2272
2240
2232
2232
2240
2240
2240
2240
2240
2232
2232
2240
2240
2264
2248
2248
2232
2232
2240
2240
2640
2232
2248
2240
2216
2248
2232
2248
2224
2216
2232
2232
2264
2216
2240
2232
35184
2232
2280
2200
2192
2200
2184
34992
35000
2200
2200
2192
2192
2192
2192
2184
2200
2232
2200
2192
2200
2192
2184
2192
2192
2192
2184
2200
2200
2184
2184
2200
2200
34992
2200
2192
2192
35008
2192
2192
2192
34984
2200
2200
2192
34992
2200
2192
2192
2192
2192
2192
2192
2184
2192
2200
2192
2192
2184
2200
2200
2192
2192
2192
2192
2192
2192
2192
2192
2184
2200
2192
2184
2192
2200
2192
2648
2216
2216
2224
35176
2224
2248
2240
2232
2280
2288
2256
35432
2240
2264
2240
2280
2248
2256
2240
2248
2264
2224
2256
2240
2224
2264
2240
2224
2424
2224
2264
2272
2264
2648
2296
2224
2224
2248
2280
2248
2232
2232
35360
2248
2248
2232
2248
2304
2224
2240
2240
2280
2240
2224
2240
35376
2288
2248
2248
2264
2240
2224
2264
2272
2240
2232
2224
2224
80024
2216
2240
2232
2288
2264
2400
2248
2216
2272
2256
2712
2264
2272
2224
2216
2240
2696
36120
2256
2232
2264
2240
2256
2248
2232
2248
2288
2232
2256
2240
2280
2280
2248
2224
2248
2296
2224
2232
2272
2272
2224
2240
2328
2272
2240
2248
2296
2256
2232
2288
2248
2304
2248
2280
2224
2224
2208
2224
2304
2224
2232
2288
2248
2224
2304
2280
2240
2264
2248
50688
2304
2320
2264
2224
2264
2240
2248
2224
2264
2264
2232
2288
2288
2280
2280
2248
2264
2264
2256
2232
2224
2256
2232
2232
2232
2240
2272
2224
2256
2280
35456
2272
2232
2240
2264
2264
2216
2296
2248
2256
2224
2256
2272
2248
2272
2224
2208
2256
2232
2224
2256
35344
2240
2232
2304
2240
2232
2232
2288
35376
2224
2256
2256
2256
2232
2240
2232
2256
2232
2656
2240
2232
2240
2256
2240
2224
2240
2240
2232
2224
2248
2240
2240
2624
2240
35144
2632
2248
2224
2240
2240
2232
2240
2240
2232
2232
2232
2632
2240
2256
2216
2224
2248
2624
2240
2240
2248
2232
2240
2632
2224
2224
2256
2240
2224
2616
2248
2272
2624
2232
2240
2240
2248
2248
2248
2248
2240
2624
2232
2624
2240
2240
2240
2232
2240
2264
2264
2240
2224
2224
2232
2224
2248
2224
2224
2224
2224
2240
2240
2264
2272
2656
2240
35136
2240
2232
2240
2224
2224
2640
2232
2232
2632
2240
2240
2240
2232
2216
2240
2232
2616
2224
2248
2264
2224
2240
2240
2232
2240
2256
2248
2232
2232
2224
2240
2248
2224
2240
2664
2224
35144
2240
2216
35152
2232
2256
2240
2248
2216
2224
2240
2240
2232
2224
2232
2248
2232
2632
2232
2256
2248
2248
2232
2232
2240
2256
2224
2232
2240
2224
2240
2600
35440
2232
2256
35168
2232
2240
2240
2256
2232
2248
2240
2248
2248
2248
2240
2248
2224
2240
2232
2240
2608
2232
2232
2232
2224
2240
2232
2256
2248
2264
2240
2248
2216
2216
2240
2224
2248
2640
2240
2224
2248
2224
2240
2240
2232
2240
2232
35136
2248
2232
35160
2240
2240
2248
2232
2248
2224
2232
2224
2232
2232
2240
2224
2256
2240
2616
2256
2224
2256
2224
2232
2240
2624
2232
2240
2224
2216
2624
2232
2216
2240
2216
2232
2240
2232
2248
2240
2240
2232
2240
2240
2248
2248
2256
2232
2224
2240
2608
2240
2232
2264
2232
2224
2240
2272
2248
2232
2640
2224
35144
2240
2240
35160
2232
2248
2240
2224
2240
2232
2648
2616
2608
2248
2248
2232
2232
2224
2232
2240
2232
2240
2232
2232
2240
2232
2240
2240
2240
2232
2616
2232
2248
2240
2248
35144
2632
2256
35144
2224
2232
2240
2232
2224
2240
2640
2248
2248
2616
2248
2232
2232
2248
2232
2240
2224
2216
2248
2240
2232
2240
2240
2248
2248
2240
2240
2240
2632
2648
2248
2232
35152
2240
2240
2256
2616
2240
2232
2232
2216
2616
2240
2240
2248
2616
2248
2616
2224
2232
2232
2224
2240
2624
2232
2232
2264
2232
2248
2664
2232
2224
2232
2240
35144
2240
2240
2224
2240
2248
2240
2224
2232
2232
2640
2248
2240
2232
2232
2616
2240
2224
2224
2240
2240
2248
2224
2240
2240
2240
2232
2248
2248
2232
2232
2224
2640
2224
2232
2232
2256
2240
2232
2240
2232
35168
2224
2248
2232
2240
2264
2240
2216
2256
2248
2240
2232
2232
2648
2240
2240
2240
2240
2232
2216
2240
2232
2224
2232
2232
2232
2232
2248
2240
2224
2224
2232
2240
2232
2232
35144
2664
2232
2240
2248
6000
2256
2184
2192
2184
2240
2192
35264
2256
2288
2216
2200
2400
2256
2288
2248
2232
2224
2232
2336
2264
2256
2240
2248
2264
35256
2344
2272
2280
2296
2328
2288
2272
2328
2912
2368
2304
2264
2296
2280
2264
2288
2280
2312
2296
2264
2304
2336
35240
2344
2312
2248
2280
2288
2232
2240
2224
2208
2256
2216
2224
2216
2208
2288
2248
35192
2224
2624
2304
2248
2240
2264
2232
2264
2224
2240
2256
2240
2256
35168
2232
2248
2296
2240
2232
2216
2232
2280
2232
2224
35168
2256
2248
2248
2664
2248
2224
2256
2256
2232
2240
35128
2248
2224
2240
2248
2240
2240
2232
2256
2248
2232
2256
2272
2232
2224
2280
2272
2256
2232
2240
2256
2224
2240
2232
2224
2264
2264
2216
2232
2272
2240
2240
2272
2248
2224
2256
2264
2248
2352
2248
2264
2264
2248
2248
35208
2232
2264
2240
2224
2248
2232
2248
35208
2256
2256
2264
2280
2256
2240
2240
2248
2240
2232
2224
2240
2296
2216
2264
2240
2240
2280
2248
2272
35152
2240
2248
