63992
55680
55672
55864
55648
63792
55776
22744
22408
56120
55640
55632
55760
55672
55616
55744
55880
55744
62968
55696
256816
55984
55720
55672
55608
22488
22472
22720
22560
22592
24080
22432
22968
55824
22800
22824
55952
22824
55592
55600
22424
55552
22440
22448
55576
22408
55536
22408
22816
55552
22392
56024
22440
22800
74400
22600
22808
55560
56008
22816
55568
22968
22816
55528
22808
55568
55600
22776
55928
22816
22448
55992
22832
55584
22432
22856
55568
22424
22448
22512
22424
55576
22416
22400
55608
22424
22424
55552
22432
22416
55592
22416
22424
55584
22416
22432
159784
22456
55624
22400
22440
55616
22384
22392
22920
22408
55568
55576
22320
22440
55608
55576
22312
22408
22416
55560
22328
22408
55568
170544
22416
55584
55560
22320
22408
22408
55576
22320
22432
22408
55544
22336
22424
22400
55560
22320
22424
22392
55552
22328
22416
55560
55552
22320
22392
55520
55576
22344
22424
55552
55560
22344
22392
55552
55448
22320
22448
55536
92552
55648
22336
22864
55552
55568
22328
22400
55544
55552
22320
22408
55552
55576
22736
22384
55576
55528
22336
22408
55560
55544
22336
22416
55552
55512
22320
22392
55960
55600
22296
22400
55552
55576
22320
22416
55552
55544
22336
22408
82832
22432
55560
55592
22328
22416
55576
55600
22344
22440
55536
55568
22768
22392
55992
55552
22336
22408
55560
55560
22360
22408
55552
55520
22328
22432
55552
55528
22320
22400
55520
55448
22304
22400
55520
55456
22336
22424
55544
22328
22416
56736
55064
22192
22320
55064
22200
22320
55072
22200
55120
54992
22240
55104
55000
22240
55104
22208
22320
55064
22200
22320
55072
22192
22320
55056
22192
55112
54984
22240
55112
54992
22240
55112
22216
22320
55072
22200
22320
55064
22192
22320
55072
22192
22320
54992
22240
140410
55112
55064
22192
55104
55000
22240
55112
54984
22240
55112
22208
22320
55112
22208
22320
55072
22192
22320
55072
22192
22320
55064
22208
55112
55040
22200
55120
54992
22248
55112
55048
22248
55120
22216
22320
55072
22192
22320
55072
22200
22320
55072
22192
22320
138496
23072
22520
23072
55560
22640
23240
22552
55432
56656
22392
22456
22472
55344
22344
22376
23232
56080
55440
55440
23664
22336
55064
22200
22320
55064
22200
22512
55064
22208
22320
55064
22200
22320
55064
22200
22320
55048
22200
55112
55000
32504
55928
56320
55464
22448
22544
22808
56496
54984
22240
55112
55008
22240
55120
54984
22240
55120
22200
22320
55064
22192
22320
55056
22192
22320
55056
22200
22320
55064
22200
55120
54992
22240
55112
54992
22248
55104
22200
22320
55112
22200
22320
55064
22208
92904
55488
22392
22616
22536
55648
55704
22392
22488
22608
55440
55464
22568
22424
22536
55592
55368
55344
22576
22560
55448
55432
55344
22512
22560
55416
55360
55752
22360
22904
23208
55392
55424
55312
22392
22552
22480
66072
55832
55584
22496
22656
22656
55592
55528
22512
22656
22944
55808
55680
55448
23232
22456
22896
55496
55392
22448
22696
22600
55464
55528
55392
22496
22560
23824
55376
55384
22536
22392
22488
55520
55784
22496
23024
22512
69560
22592
55552
55448
22504
22616
22568
55480
55528
22768
22584
22472
55704
55648
55768
22424
22560
22536
55424
55496
55416
22376
22704
22592
55432
55680
22864
22576
22600
55408
55432
22344
22448
22536
55432
55392
22432
22520
22728
23576
55280
55400
22720
22728
55624
55912
55288
22360
22408
55312
55328
22320
22392
55336
55384
22448
22512
22424
55312
55336
22312
22392
55320
55312
22312
22384
22400
55296
22320
22424
22384
55344
55240
22304
22376
55328
55312
22312
22600
22400
65872
55352
55232
22336
22392
55352
55232
22320
22384
55296
22304
22400
22408
55320
22320
55448
55344
22784
22408
55328
55360
22320
22424
55304
55328
22328
22416
55312
55304
22320
22392
55352
58856
55464
22328
22400
55328
55256
22336
22376
55328
55248
22304
22392
55352
55280
22312
22408
55312
22312
22416
22384
55344
22328
22400
22408
55360
22360
22400
22440
55320
22320
22408
55336
55344
22320
22408
55312
55712
22320
22440
55336
55256
22328
22480
22440
55336
55368
22352
22416
55320
55352
22360
22432
55344
55328
22352
22440
55352
55368
22328
22408
55312
55352
22320
22392
55336
55248
22336
23096
55304
55296
22328
22448
55328
55224
22336
22400
55816
55752
22336
22400
55848
57976
22392
22432
22408
55704
22344
22416
22376
55304
22320
22392
55328
55352
22312
22384
55352
55320
22328
22544
55320
55336
22360
22400
55296
55352
22320
22392
55344
55296
22328
22416
55312
55320
22720
22424
55312
55664
22328
22392
55312
76240
55368
55248
22320
22408
55352
55256
22328
22400
55312
55296
22320
22384
55304
55232
22336
22408
55312
55232
22328
22416
55296
55248
22336
22392
55328
22328
22400
22448
55712
55256
22312
22392
55328
55240
22352
22408
55320
22320
22408
25328
55408
55216
22328
22392
55312
55336
22736
22440
55312
55304
22304
22416
55376
55248
22320
22816
55320
55248
22320
22432
55336
55216
22344
22808
55344
55256
22336
22408
55296
22376
22400
22392
55344
22320
22416
55336
55336
22336
22400
55304
55296
22376
22424
22408
55352
22312
22408
55344
55304
22336
22368
55336
55312
22312
22408
55320
55304
22320
22400
55344
55344
22328
22400
55336
55344
22328
22440
55328
55368
22320
22424
55312
55336
22336
22456
55296
55320
22752
22400
55480
55304
22304
116288
22400
22440
55336
55216
22328
22424
55312
55232
22312
22400
55328
55256
22312
22400
55296
22320
22416
22392
55336
22328
22392
22384
55312
22328
22424
22416
55312
22296
22408
55344
55344
22328
22392
55312
55320
22336
22400
55320
55248
22504
22424
55344
55304
22344
22424
55280
55320
22328
22440
55312
55240
22344
22400
55296
55256
22328
22408
55304
55240
22312
22416
55336
22320
22400
22408
55336
22320
22400
55344
55288
22320
22400
55312
55320
22336
22384
55312
55296
22352
22432
58176
55384
22336
22376
22400
55280
22336
22368
22408
55352
22328
22376
22384
55304
22344
22360
55336
55344
22320
22392
55312
55344
22720
22776
55320
55328
22312
22416
55352
55688
22336
22432
55296
55240
22328
22384
55296
55264
22336
22432
55304
58264
64592
22336
22400
55304
55288
22360
22400
55336
55216
22328
22424
55312
55232
22328
22416
55336
55224
22336
22400
55328
55224
22336
22392
55344
22320
22416
22376
55336
22312
22392
55352
