2992
608
408
504
592
560
928
520
480
408
456
648
600
576
448
424
584
576
544
568
488
544
632
520
520
440
472
616
720
408
424
600
448
544
648
592
696
568
640
544
584
664
664
568
640
624
608
520
640
624
696
608
544
616
424
416
416
416
416
424
416
416
416
416
416
416
416
424
416
416
424
424
416
416
416
416
416
33208
424
424
416
416
408
416
416
416
416
408
416
416
424
416
424
416
416
416
416
416
416
416
416
424
432
416
416
416
424
416
416
416
416
432
424
416
416
408
408
424
416
416
424
464
408
504
592
712
480
584
592
552
560
544
544
632
632
544
536
616
568
536
504
544
496
424
416
416
416
424
408
400
400
408
400
400
400
400
400
400
400
400
400
400
400
400
400
400
400
400
392
400
400
400
400
392
400
400
400
472
464
552
528
504
544
552
520
520
528
432
472
392
400
400
400
400
400
392
392
408
408
392
392
496
504
464
400
504
456
432
456
424
432
608
568
496
536
616
560
528
512
464
464
448
544
576
400
520
408
400
560
552
432
448
544
456
464
568
472
400
432
544
416
488
608
488
560
488
416
464
544
480
392
576
592
488
592
616
512
432
432
464
512
424
528
440
432
512
456
408
504
400
536
432
424
520
456
456
432
616
504
448
576
576
416
888
440
432
584
512
472
520
592
33360
528
504
488
480
456
448
512
472
440
456
480
432
512
496
416
432
480
488
544
520
504
408
416
440
512
496
400
400
400
496
528
464
584
384
528
520
560
488
472
512
544
512
472
536
512
536
520
552
552
536
568
456
464
448
600
536
432
568
576
472
400
400
432
504
408
456
480
400
472
440
424
456
600
568
448
504
488
472
648
568
560
400
416
456
584
544
576
496
504
520
552
560
528
536
528
432
448
400
408
408
568
600
544
424
480
408
440
448
464
400
496
544
416
392
552
448
432
672
416
520
464
552
640
552
528
520
536
472
456
480
512
1032
496
448
1008
384
392
392
392
1048
392
512
536
472
440
432
424
440
480
448
560
560
416
440
416
528
544
424
528
432
416
464
472
400
544
448
600
464
408
504
408
512
536
400
536
480
464
488
528
560
456
464
456
464
512
488
504
424
424
560
384
400
392
400
400
392
392
408
440
592
33456
640
624
472
544
488
480
408
400
400
400
400
400
384
392
392
400
400
400
392
400
392
400
384
384
400
400
400
400
392
400
400
400
400
392
392
448
416
472
544
640
608
600
640
616
536
600
400
408
400
408
408
400
400
400
400
400
400
400
400
400
400
400
400
392
400
400
400
416
400
392
400
392
400
33208
400
400
400
400
33208
400
400
400
400
400
400
400
400
400
400
400
400
400
400
400
400
400
384
400
392
600
392
432
528
584
416
416
400
408
400
512
400
416
432
440
472
432
392
560
544
536
560
648
624
488
496
464
496
584
576
568
624
608
512
488
616
424
584
488
552
536
608
33432
464
480
488
560
408
592
456
448
552
536
416
536
512
568
504
616
616
536
33456
528
416
544
576
512
584
440
568
552
544
528
472
584
496
616
472
576
584
424
480
656
576
552
504
440
416
528
408
416
400
392
400
400
400
400
392
400
512
584
608
488
576
608
488
432
480
408
616
416
520
488
464
496
624
520
416
504
488
640
416
400
408
400
536
512
400
400
488
576
560
544
528
520
552
568
640
568
616
584
648
616
688
488
416
584
512
600
624
544
504
528
456
400
568
576
560
584
640
560
512
648
536
616
640
608
576
520
608
568
608
480
592
448
456
592
664
568
552
480
400
384
480
424
576
464
568
568
512
544
416
400
544
416
480
512
472
416
432
584
440
488
520
400
616
512
552
440
608
648
560
416
504
480
392
640
33440
624
504
592
520
552
528
496
408
400
400
400
400
400
400
392
400
400
400
33240
400
400
400
400
400
424
400
400
400
400
392
400
424
392
400
416
416
400
408
408
400
400
400
392
400
400
400
400
400
400
392
400
400
400
400
392
400
416
392
400
384
400
400
400
400
400
400
400
400
400
400
400
400
400
400
400
400
400
400
400
400
400
400
400
400
400
400
400
400
400
400
400
400
400
400
400
400
400
400
400
400
400
400
400
400
400
400
400
400
400
400
400
400
400
400
400
400
400
400
400
400
400
400
400
400
400
400
400
400
400
400
400
416
408
400
400
400
400
400
392
400
400
400
400
400
400
400
400
392
400
392
400
392
400
392
400
400
400
400
400
400
400
400
400
400
400
400
400
400
400
400
400
400
400
400
408
400
400
400
400
400
392
400
504
33456
520
400
400
544
536
560
