97952
77344
75432
75232
75192
42328
75216
75152
75136
42328
75112
75304
75152
42256
75312
92344
42784
75120
75072
75272
42336
75160
75320
75160
42352
75088
75192
77912
75472
75144
42464
75176
84720
75336
75136
75152
42328
75080
75144
75120
42328
75016
75056
75136
42344
75040
75136
75064
42240
75064
74936
75192
75080
75072
42248
75056
75136
75088
42336
75168
75336
105272
75184
75312
75064
42480
75128
85200
75472
75136
75136
84520
91424
125648
83600
75304
75240
75152
75056
75176
75112
75080
81512
42544
75120
75144
75096
75136
75128
75184
75192
75112
42304
75168
75152
75152
42320
75144
75152
89712
87944
86800
136736
88808
89832
75408
75048
74976
74888
74896
74928
75040
74920
42176
42056
74848
120568
75168
74968
74968
74888
74840
74912
75008
74952
42168
42072
74864
74864
74848
74944
74928
74896
74936
74992
75000
75000
42168
42016
74824
74824
74880
74936
80312
79256
42232
42080
74768
74848
74928
74992
74816
74872
74896
75040
74976
42168
42056
74848
74864
74880
74952
74920
74880
74880
74968
75000
74984
42200
42016
74848
77640
86304
42296
42032
74872
74856
74832
74920
74936
74864
74904
74912
75032
74952
42176
75016
74896
74880
74944
74928
74880
74928
75032
74960
75008
42216
42080
74856
81016
89160
86840
74960
74960
75032
74952
42168
42056
190304
48960
88888
86608
86432
89832
86896
88744
79672
85832
90168
87560
88992
75808
86272
88136
89456
91016
94536
89752
86104
89120
87048
90456
90960
91936
90328
91664
88672
90856
126480
100168
91656
92416
94016
125368
93840
88336
88112
42336
42032
75184
91896
82800
75008
74880
74912
74960
74880
74872
74912
75032
74952
42184
42040
74880
93959
79864
74936
74952
74992
74968
42168
42104
74856
74816
74888
74944
74936
74872
74872
75024
74952
42160
42064
74840
74832
74848
74928
74904
74880
81392
42128
134153
83224
85176
77216
77432
143576
196328
126920
89752
89344
75160
42136
42096
74856
74864
74880
74928
74928
74896
74880
75000
138368
85752
91168
75088
75040
74952
42192
42160
74872
74832
74824
74936
74952
74872
74848
74928
86184
75016
75008
74968
74872
74856
74976
74984
74968
42176
42048
81912
75040
75472
78856
74920
74952
74976
74872
74872
74856
75008
74968
42176
42032
74896
74880
74856
74944
74976
74904
74856
74896
75000
74960
42184
42016
74896
85736
82360
87448
75136
74936
74848
126576
92184
74504
42192
42120
74856
74848
74896
74912
74912
74896
74864
74896
75032
74960
42152
42072
74856
74848
74848
107032
85568
75104
74904
75016
74888
42208
42176
42080
74872
74840
74936
74968
74864
74840
74896
75016
74944
42160
42080
74872
74856
74840
74936
74952
74904
74840
74920
75032
46200
74984
74960
74952
74888
74872
74872
75000
74960
75008
42200
42072
74832
74840
74960
74992
74872
74872
74840
75024
74944
42192
42144
42088
74840
74824
74960
75000
99880
75040
74944
74896
74976
74920
74880
74864
75024
74936
42168
42216
74872
74856
74832
74928
74960
74872
74848
74944
74992
74984
42160
42000
74840
74824
74880
74952
87496
42256
76272
75048
75128
74912
74888
74912
74856
75000
75024
42192
42080
74864
74848
74920
74928
74888
74864
74872
75024
74976
75008
42192
42080
74872
74856
74936
144032
89576
88488
88584
75200
74840
74848
74912
74936
74904
74848
74960
75016
75000
42176
42072
74840
74832
74872
75024
74912
74872
74856
240624
358688
90328
87760
87968
87752
93480
80976
75032
42232
74848
74872
74824
74976
74960
74880
74856
74888
75032
74928
42168
42080
74864
174232
46392
74952
74864
74952
74968
74880
75048
74984
74952
42144
42048
74832
74840
74872
74936
74944
74896
74872
74992
75008
75016
42192
42016
74808
74816
74928
83312
76536
74944
42192
42072
76024
75128
42168
42224
42080
74864
74824
74920
74912
74880
74840
74936
75016
74960
42184
42056
74856
74848
74904
74968
84872
83520
74984
74880
74864
74936
74928
74888
74864
74992
74952
75008
42200
42072
74872
74856
74912
74976
74904
74856
74920
75032
74992
42160
42056
74880
74856
74848
83400
74928
42168
42216
42088
74832
74824
74960
105216
75024
74848
74880
74952
74944
74896
74880
74960
75000
74968
42176
42064
74864
74824
74912
74952
74880
74864
74880
89416
75064
77176
93623
75360
75072
74912
42208
42000
43664
75064
74904
74872
74888
74872
74880
74992
74992
74984
42144
42048
74832
74824
74912
74992
125169
75248
74960
74952
74872
74888
74984
74976
75024
42176
42024
74856
74840
74896
74936
74896
74864
74880
75024
74984
42192
42224
74896
74824
74864
74952
74960
238303
75400
74920
74928
75008
74888
74856
74960
75000
75000
42176
42072
74872
74856
74920
74952
74936
74880
74864
74976
75024
74976
42152
42072
74824
74824
74888
75016
74936
75000
74976
42184
41936
75248
74920
74896
74920
74880
74888
74904
75016
74920
42168
42016
74880
74856
74872
74952
74976
74856
75104
74904
74960
74992
42208
99016
74968
74912
75016
74976
42176
42064
74872
74864
74816
74904
74920
74880
74880
74968
75000
75008
42192
42008
74856
74832
75184
74976
74912
74880
74824
74976
74952
47608
74984
74848
74920
74984
88360
90888
85672
86328
89496
83152
85408
89088
85536
86816
87896
87328
120536
171632
92320
88184
88872
89504
123480
92224
93192
94856
90488
125536
94608
94176
90080
89168
75224
42192
89480
90752
88520
90128
92856
90824
88272
90448
89200
93384
91720
75056
75024
42200
42088
248696
199368
87352
75888
75064
75016
74888
42160
42104
42096
110168
42288
42504
75168
74768
75328
74968
74888
74872
75176
217912
111152
75160
81432
82648
85952
83120
81440
89224
82448
75024
74968
74968
152280
75272
74896
75032
74952
74992
42192
42040
74832
74808
74920
74960
74912
74856
74872
74984
75008
74992
42200
74880
74856
74840
74944
74952
74888
74856
74904
75048
157224
75080
74912
74888
74920
74896
74872
74944
75024
74976
42168
42120
74880
74840
74912
74944
74928
74904
74864
74992
74952
42328
42208
74896
74832
74832
74920
87584
42240
42160
74896
74872
74880
75000
74952
74880
74848
74944
75000
74944
42168
42008
74848
74824
74872
74960
74936
74880
74864
74960
75016
75008
42184
84032
74984
84256
48368
74968
74856
74928
74960
74864
74848
74944
75016
74976
42176
42080
74888
74824
74896
74960
74928
74864
74856
75008
74944
75008
42216
42088
74816
74848
74976
83664
74752
42128
42032
74888
74872
74840
74904
105248
75056
74896
74880
