8152
9704
4288
4264
4168
4224
4264
4248
4224
4240
4224
4256
4224
4248
4208
4264
4192
4248
4208
4248
4248
4216
4208
4200
4248
4208
4248
4192
4232
38728
4200
4232
4176
4208
4240
4256
4184
4248
4792
5664
5296
5440
5584
5632
5672
38792
5576
5336
5872
5336
5808
8320
4200
5624
5952
38832
6480
6312
6304
6168
5872
6080
39224
5824
38456
6304
5664
6376
6144
5544
5960
6056
6504
6192
6176
5792
6136
6424
5856
6240
6168
5376
6184
6240
6240
6192
38272
6072
6024
6280
5880
5760
4608
6064
5536
6280
6128
6312
6360
74392
6400
5792
6144
5584
6296
6112
6368
5984
38856
39168
6256
5960
5808
6240
5688
6584
6424
5600
6576
6168
6024
5688
5624
5680
5664
38352
5784
38792
5864
5264
5728
5488
5784
5576
5672
6096
5552
5728
5536
5592
38608
5752
5448
5832
5648
5824
5800
5584
6024
5400
5920
5248
5224
38504
5784
5888
5584
5480
4072
5184
5472
5632
38648
6040
5544
5664
5408
5312
5848
5824
5712
5416
5624
38784
5936
5480
5888
38560
5488
5856
5752
5432
5792
4920
5336
5888
5192
5616
38736
5912
38992
83632
5968
5704
5488
5888
5632
5784
6048
5352
5416
38336
4920
5824
5256
5648
5672
5320
5632
5424
38352
5872
38536
5536
5904
5488
5624
5840
5568
5880
5840
5576
6064
38160
5784
38632
5600
6040
5784
5976
5880
5512
5136
5520
5320
5712
38816
6112
5632
5888
5744
5608
5304
5432
5976
5416
5912
38864
5144
5720
5912
5592
6024
5848
5584
5984
124184
4112
3968
4024
3944
3944
36816
3944
3936
3936
4000
3952
3936
36816
3952
3952
3936
3992
3936
3936
36800
3936
3936
3936
3984
3928
3936
36808
3936
3944
3936
4000
3936
3936
36792
3936
3936
3936
4424
39368
5264
4368
4928
4376
4576
4816
4992
5680
4776
5336
4712
5272
36848
3960
3944
3944
4008
3944
3936
36808
3936
3928
3928
3992
3936
3936
3936
3992
3936
3936
3976
3928
3928
3952
4040
4320
4408
4472
4992
4552
4632
37424
5208
5248
4984
14352
5048
6032
4528
4800
37640
5064
5240
4808
5200
4888
5624
5264
5072
5208
5128
5280
37848
5584
5416
5520
5328
5488
5256
5560
5152
37216
4608
4568
5576
4928
4880
5264
5232
5320
5536
37904
5136
4912
5056
5184
37288
4936
4632
4376
4968
4552
3984
3952
4024
3944
3952
4024
3952
3944
3944
4000
3952
3944
4176
4024
3952
3936
3936
4000
3936
3936
3992
3936
3936
3936
3992
3936
3944
36808
3944
3936
3936
3992
3936
3936
36816
3944
3944
3952
3992
3944
3936
36800
3936
3936
3936
4000
3936
3936
3936
4000
4168
3936
4456
3944
3936
36792
4152
4264
3936
4576
3936
3928
3984
3936
3928
36800
3952
3944
3944
3992
3936
3936
36800
3936
3944
3936
3992
3944
3944
3936
3992
3944
3936
3992
4256
3936
3936
4000
3944
3944
3992
3936
3936
3936
4000
4272
3936
36800
3936
3944
3936
3992
3936
3936
36792
3928
3928
3928
3984
3928
3928
36728
3952
3936
3936
3984
3944
3944
3936
4040
3936
3936
3992
3936
3944
37296
3936
3928
3928
4000
3952
3944
36800
3928
3928
3936
3992
3936
3936
36744
3944
3936
3936
3992
3944
3936
3936
4000
3936
3936
36816
3936
3936
3936
3992
3936
3936
36792
3936
3936
3944
4016
3952
3936
36800
3936
3952
3936
3992
3944
3944
36808
3936
3944
3936
4000
3936
3944
3936
4000
3944
3944
4000
3944
3952
3944
4000
3944
3944
36800
3936
3928
3936
4000
3944
3936
36792
3936
3936
3944
4016
3960
3952
3952
4000
3944
3944
3992
3928
3928
3936
3992
3928
3928
36792
3936
3936
3936
4008
3960
3944
3952
3992
3952
3952
4000
3936
3944
3944
4024
3952
3944
4000
3936
3936
3944
3992
3944
3936
36800
3944
3944
3944
4000
3952
3944
3944
4000
3936
3936
36800
3936
3936
3936
4000
3936
3928
36800
3944
3936
3928
4000
3936
3936
3936
3992
3952
3936
3984
3944
3936
3936
3984
3936
3936
36800
3944
3952
3936
3992
3936
3928
36792
3928
4288
4112
3984
3968
3976
4008
3968
3968
4024
3960
3968
3952
4008
3944
3960
4008
3952
3960
3952
4008
3952
3952
36808
3960
3952
3960
4008
3944
3952
36824
3944
3952
3952
4008
3960
3952
3944
4008
3952
3952
4000
3952
3936
36832
3936
3936
3944
4000
3960
3952
3952
4008
3960
3960
4000
3952
3952
3960
4008
3944
3952
4008
3952
3984
3960
4008
3968
3960
4000
3936
3936
3944
3992
3936
3936
3984
3944
3944
3944
4000
3944
3936
36800
3936
3936
3936
4000
3936
4088
3960
3960
4008
3960
3944
3952
4000
3960
3944
4000
3952
3944
3952
4000
3952
3944
36808
3944
3944
3944
4008
3952
3944
36744
3952
3952
3944
4008
3960
3944
3944
4000
3952
3952
4000
3944
3944
3960
4000
3944
3936
36808
3936
3936
3936
4000
3944
3944
36752
3960
3960
3944
4000
3944
3952
3936
4008
3944
3952
4000
3936
4000
4008
3928
3928
36792
3928
3928
3928
4000
3936
3944
3936
3992
3944
3944
3992
3936
3936
3936
3992
3936
3936
37312
3936
3936
3928
3984
3936
3936
3984
3920
3920
3920
3984
3936
3920
36784
3928
3920
3920
3992
3928
3936
3928
3992
3944
3952
3976
3936
3936
3944
4000
3936
3928
3984
3928
3928
3928
4000
3944
3936
36800
3936
3936
3936
3992
3944
3936
36968
4272
3928
3928
3992
3936
3936
36744
3944
3936
3936
4000
3952
3936
3944
4000
3936
3936
36808
3944
3936
3936
4000
3936
3936
36792
3928
3928
3928
4000
3944
3952
36816
3952
3936
3944
4008
3944
3944
36816
3944
3960
3960
4000
3944
3952
36808
3944
3952
3952
4008
3960
3944
3952
4008
3952
3944
36808
3936
3944
3944
4000
3944
3936
36800
3936
3944
3944
4008
3952
3944
3952
4008
3952
3952
36808
3936
3944
3944
4000
3952
3952
36808
3952
3944
3952
4008
3952
3944
3952
4000
3952
3952
36808
3952
3936
3952
4000
3952
3936
36808
3944
3936
3936
4008
3960
3952
3944
4008
3944
