1027640
1014688
990640
742799
739808
695424
695432
699096
732520
697448
770688
733024
696832
1017448
766496
695632
735360
696808
706320
728264
953592
703216
881992
696856
695416
727872
696224
696376
945128
762680
730048
762128
695344
695232
763040
737248
695352
703200
695208
695152
862465
954224
752560
695352
695368
695304
699920
695368
695296
752424
695456
695448
754872
695264
695376
709864
695296
728128
768000
889696
895448
865712
845256
756776
869904
747176
718608
695384
728000
844768
750648
695088
749616
728056
695304
723440
695184
695184
747672
728224
773576
917808
697160
695288
773599
697256
718392
799185
704792
695160
720848
696008
694520
838544
756432
694904
694568
702352
694288
818008
746288
694560
694512
749472
694568
694544
694560
810200
694944
694568
746544
694600
751328
694624
760440
694496
775888
911136
727168
694560
720527
697272
968001
954176
952328
918600
994304
805336
694592
812336
694784
694472
810312
1041040
738200
916336
772184
694488
725024
885064
694840
713184
712336
694424
694480
773552
720264
694536
860248
783576
694808
694480
755784
806920
694472
711816
694512
694528
697208
766839
728408
694584
765000
694952
694504
701584
694512
694584
694552
730392
694568
694544
694616
755304
694568
694544
697408
694544
699240
694552
725769
694664
706704
727736
694576
694704
694520
765592
695440
694536
710152
694624
694472
694480
785080
694496
694544
758264
694560
777808
711952
898216
754048
774728
694488
694504
694616
894928
694760
694520
876824
695464
694552
769520
744040
694504
694448
717192
694640
694512
775536
694624
727184
694608
887648
777352
758408
783568
694424
694512
778408
731928
694592
694568
961488
773368
830968
832056
694656
694464
826088
727288
694552
694520
1050952
782744
694472
737656
694400
694336
850048
694792
816504
746712
694560
694528
694432
783360
694520
694480
853680
729048
694352
762568
694544
694480
695496
803019
695632
727344
798877
695088
772528
694480
712192
694608
727224
795376
694512
694488
846368
695008
694456
694360
813915
694800
694536
721800
694824
732888
694568
708496
694544
694552
738704
694560
694544
727440
745749
694632
694512
772776
695368
694480
694360
720872
694520
694520
852520
784344
694568
842176
728376
694536
785600
727408
694400
694416
771144
694640
694568
856296
729152
694936
702632
694512
694560
694504
728912
694992
694512
694520
696288
694600
694304
938848
896448
697656
809984
694536
694512
754760
727280
694504
694488
963219
695304
694536
778760
695080
694576
723784
695104
981064
695464
759216
694584
694552
755376
695008
694520
694344
761929
694656
694496
762600
694824
694504
784856
694368
694560
833936
806944
694480
694512
928264
695104
694456
811712
694472
694488
694392
1032496
694616
694568
876160
695320
695248
914664
694528
694496
884728
694640
694520
694560
860936
862703
694744
795273
727688
694344
950728
695784
777624
860160
727264
694472
694456
1068827
695960
694648
783857
695744
694496
913528
762216
694472
694480
720824
694528
727288
843392
714123
695560
771696
695280
694872
694648
696232
694608
882640
1212605
695504
979624
695176
694720
901304
761192
727336
694608
694320
694536
694408
817688
694504
694536
899856
695928
694536
868624
694360
694520
694544
781200
694496
694600
809464
694584
694472
694528
1147056
716851
694608
915864
695432
694656
703680
694688
694656
694712
698600
694432
694448
1127136
694496
694504
822568
694416
694456
991592
705240
694944
860072
833600
694560
694432
726992
694760
694528
771120
758768
694576
766568
695136
727368
694544
769384
694608
694576
733128
853368
696112
775205
1086960
699104
701192
1221648
695472
766064
694880
694488
870184
695008
694528
694464
810288
694456
694344
853568
694488
694464
1164184
695360
694320
815912
694488
727256
1224168
695304
694456
694472
716408
695384
1522928
893440
694912
831216
694464
694552
854272
694560
694480
694432
899008
694584
694600
825400
694560
694552
831048
694528
694456
865680
694424
694632
694560
829448
694656
758403
741149
697440
694584
694576
694336
694552
727392
868768
694576
727400
1089232
694472
694608
899576
694304
727352
694568
709888
727992
694544
916080
694688
694536
945736
694888
694432
853776
694512
769112
862296
1107896
970600
852952
694832
694528
856696
694440
727336
694568
699184
727128
694568
857952
727416
694584
856512
694520
694584
694576
993536
694560
694552
869352
694512
694536
989752
695384
727352
848912
766688
727384
694576
695312
727336
694592
929384
694856
694528
1134891
696512
694656
763736
695072
694768
694704
1380429
694664
1444047
705576
694640
766680
694680
694768
724184
695064
694624
694680
739153
694960
694568
835200
828400
727368
844576
694584
694272
844177
728008
694560
694632
874880
694520
694568
851144
694584
694584
694616
694504
727344
694600
847224
884208
727352
983584
720480
1363323
697232
695096
761056
1106904
729088
900133
848424
885963
694976
697992
694480
777368
694792
727312
789277
695560
694576
727320
852832
694520
727376
852000
694528
694600
865224
694536
727376
694552
1031600
694600
694576
923880
694816
873640
862336
727200
694440
855664
727328
694592
694472
1251027
728368
922597
743256
836392
694528
694496
874640
696416
907256
727392
694536
894288
717531
695544
1242680
696104
694632
1070120
695680
694728
768000
695224
694680
694744
727896
694696
694680
755400
695304
694704
756136
760752
694536
694680
770480
727976
705168
758472
695192
694712
694712
756080
694776
694696
925864
695160
694584
694712
758784
694656
694688
763440
695384
694680
694656
756200
2054165
928240
879728
1012904
1135672
831808
1116920
2234160
2252507
988061
922563
1142829
816184
1390680
1688944
1231520
1045551
1385713
1540520
937976
1033672
1178032
1043784
1011488
1159272
778088
899856
694576
694488
1186747
722976
694616
698568
694608
694640
759741
695608
694512
694472
1220408
787208
694616
914223
694752
727448
771017
694896
727344
925128
2218712
4233848
1005440
956432
4757675
865573
858288
716648
694544
694576
768448
695640
694632
694608
961248
857136
1054248
1062552
756592
889549
1541088
1677488
940744
957704
963896
1095152
982360
931480
1045704
942520
959056
1032208
2453208
997392
1800856
945856
966472
955864
1175640
996280
968456
942304
940136
1119504
1197864
1042912
1206856
1260400
1006264
961360
952120
878376
1299456
1227664
943496
876536
1050867
1140248
695624
694488
899760
1084749
1116504
4283968
1011800
959088
6418752
1197576
1008128
1373808
1636376
950064
1146800
936040
1914272
941616
1322368
927824
1016544
954240
2388264
978656
1014528
949112
960600
992992
985792
1074536
998312
964296
958392
962064
876592
3949896
962512
962088
954008
1623280
883704
4466448
916016
863272
866008
1067832
696376
694552
737744
694568
703584
694640
774664
694920
694568
775984
774504
694864
727416
869464
877232
938000
1020664
696224
694416
695728
694672
694528
735176
694576
878520
700936
695288
694616
694616
778864
695016
694624
779349
837000
695072
748112
1145176
952168
1057840
937840
2657992
1021448
878776
1002104
894776
873952
852824
1174472
976312
932168
1472427
832024
695152
694944
758960
921512
696184
694656
697336
902592
1088888
905512
1036040
1277048
3832229
851912
1242792
914072
876384
1081000
694928
694640
765200
792312
