2136
384
232
176
168
216
256
168
224
160
168
168
160
168
216
200
168
280
160
160
160
168
208
224
224
688
320
312
240
264
216
160
168
168
160
32968
160
160
160
168
168
168
272
344
280
216
160
352
216
160
160
168
160
216
208
264
544
168
160
152
248
200
264
280
240
208
208
224
176
168
184
160
160
168
168
168
160
248
152
160
168
752
368
336
312
160
160
160
232
168
184
184
184
240
216
224
216
160
160
168
160
160
168
160
160
168
168
168
160
192
200
168
160
168
168
168
160
176
168
160
160
160
168
160
168
168
168
160
176
160
160
168
168
160
160
160
168
168
160
160
160
168
232
168
168
168
168
288
176
136
136
128
144
136
144
136
128
128
120
120
128
120
112
120
112
128
112
112
128
120
120
128
120
184
120
112
168
288
160
160
152
136
128
136
136
112
120
120
120
128
120
112
120
112
112
112
120
128
120
128
128
144
128
120
120
128
128
128
120
128
112
120
120
120
128
120
128
112
128
128
128
120
120
128
160
120
112
136
112
120
120
120
120
112
120
120
120
120
112
128
120
112
128
120
160
168
176
120
136
112
128
104
128
128
120
128
120
120
112
112
112
120
128
152
112
120
120
128
128
128
120
120
128
128
128
120
120
112
120
120
128
112
120
120
112
120
112
120
128
104
128
112
128
120
120
128
120
112
128
120
128
128
128
128
112
104
112
128
104
120
128
120
120
120
128
128
112
112
128
120
120
128
128
120
128
120
120
128
112
120
120
112
112
128
128
120
128
112
128
112
128
128
120
120
112
128
120
128
128
128
128
120
120
120
120
120
128
112
120
112
128
128
128
112
120
120
120
128
120
112
128
128
128
128
120
128
112
120
128
120
120
120
120
112
120
112
128
128
120
112
112
112
128
112
128
128
128
128
120
128
120
208
192
216
144
120
120
112
120
120
128
120
128
128
128
120
128
128
128
112
112
120
128
120
120
128
128
128
128
128
120
112
120
120
120
120
120
128
128
120
120
128
120
120
128
112
128
120
112
136
112
128
120
128
128
128
128
112
128
120
128
120
112
120
120
120
128
120
120
128
120
120
128
128
120
112
128
120
128
120
128
112
112
136
120
128
128
128
128
120
120
120
128
120
120
128
128
120
120
120
120
120
120
112
128
120
120
128
120
120
120
128
120
128
112
128
112
112
128
128
104
120
120
128
128
128
120
120
128
128
120
120
120
112
120
128
128
112
128
128
112
112
128
120
120
120
112
120
128
120
104
120
128
112
112
112
128
128
112
128
160
160
184
176
184
160
200
144
392
168
144
192
216
200
152
176
200
184
112
152
208
160
168
208
168
208
216
216
224
216
232
216
224
200
192
152
200
216
168
168
216
256
176
184
152
112
144
152
216
208
184
176
176
144
128
128
120
128
112
136
120
120
128
120
128
120
128
112
112
112
112
120
128
120
112
160
224
152
184
144
120
216
168
136
128
184
112
168
144
192
144
120
120
120
120
120
120
120
112
128
128
120
128
120
128
112
112
128
128
128
128
120
128
128
120
128
120
128
128
112
128
128
120
120
128
160
136
192
256
208
160
144
128
120
120
128
128
128
128
128
120
120
128
128
112
120
128
120
128
128
120
112
120
120
120
112
120
128
120
128
128
120
128
112
120
120
112
120
120
112
120
128
128
128
128
120
120
112
128
112
128
128
120
128
128
120
128
120
128
120
120
112
112
120
128
120
120
128
128
128
112
128
120
120
112
120
128
120
120
128
128
128
128
128
128
128
128
120
128
128
128
128
128
120
120
112
120
128
120
128
120
128
128
120
128
112
120
112
128
128
128
128
120
120
112
112
120
120
128
128
120
128
120
128
120
120
112
120
128
176
152
112
136
144
120
152
208
184
200
208
144
128
144
144
128
128
120
120
112
128
128
120
112
128
128
120
120
128
128
128
120
120
120
120
112
120
120
112
120
128
128
128
128
128
120
128
128
120
120
120
120
128
128
120
120
120
128
120
120
128
128
128
120
120
120
120
120
128
128
128
120
120
120
120
128
128
128
112
120
112
128
120
120
128
120
128
128
120
120
112
128
112
128
128
120
112
120
112
120
128
128
120
112
128
120
120
128
120
128
128
128
128
128
128
128
128
120
128
128
120
120
128
128
128
120
112
120
112
120
112
112
120
112
120
120
128
128
112
120
128
120
112
112
128
120
120
128
112
128
120
128
120
120
128
128
120
112
120
128
128
128
120
128
128
144
248
120
120
248
192
200
168
136
176
208
264
224
152
232
800
