56688
26456
58424
19104
18808
24296
60744
17992
49536
15840
16584
48560
15952
16696
48584
15672
54472
18936
49048
15888
15664
48552
15704
16176
48608
15952
15824
49336
15920
15480
48544
15688
15760
15984
48504
15584
15552
48448
15672
53648
17064
48672
15944
17072
50912
16744
15904
49672
15720
320208
50184
16584
15600
16048
48328
15712
15600
56632
16968
15944
48744
15704
15680
48552
15712
59160
49568
15728
15616
48752
15928
15800
15784
48504
15736
15752
30392
56920
57640
57520
23360
20680
49504
15920
15696
48480
15936
16008
48800
16048
57032
19248
54280
57056
57736
20960
25072
18736
16392
48360
21240
58328
26800
51568
21688
47784
14680
14856
14256
14816
47000
14856
47272
14568
47424
14304
14832
14160
14808
14184
14776
56776
52256
21616
22792
22496
19856
55120
54160
20168
22352
22032
22744
55992
52064
19360
19720
21736
54464
52600
21760
23048
21736
55144
54384
54688
21144
20480
17032
14280
15096
47184
14680
47464
14416
47616
20256
22368
21864
21024
50920
50648
23944
21792
21304
53904
54024
21200
20544
21336
54528
79464
21944
18488
16608
52008
20168
17912
21504
15992
14736
20704
21008
20648
54328
54368
21160
19648
16112
52512
20048
19824
16320
51368
18216
20864
52080
50032
15696
14952
14184
14816
53616
53704
20416
16600
21456
15008
14336
17824
47648
14432
47760
14216
14808
14160
14888
47056
14696
47288
14488
50984
56072
56272
22480
23024
57416
55696
22544
21576
22600
22064
47600
14592
47304
21376
15248
47952
21136
19392
47608
14344
14880
14256
14840
14176
15064
56376
20992
18248
17072
15016
19648
22592
18664
14408
14816
47176
14504
47400
14408
47616
14256
20288
49792
14448
21856
53592
53424
22184
23480
19088
51928
49328
15376
20568
50376
15248
16320
48720
15312
20816
54504
52880
14768
47408
14256
14792
14152
14776
14224
20352
52328
55248
55968
23536
22584
22896
22712
54064
54120
55152
22720
23136
21072
15976
54504
19288
15440
52440
16856
15200
51040
20104
48504
15144
22680
50216
15240
20640
21624
48704
14488
14760
14128
14720
14112
14752
47096
14472
47416
14344
47536
14208
52736
21632
15816
47648
14240
14776
14136
14768
48016
19784
20136
51696
54552
15312
47552
14296
14880
14232
14808
14192
14832
47216
14584
47456
14560
47760
14336
14880
14304
14816
47088
14680
47272
14448
47488
14208
14840
14232
14816
14200
14800
47080
14624
47392
14480
47576
14256
14800
14200
14824
14192
14832
88072
48584
14592
47688
14424
14920
14344
14928
47200
14848
47336
14584
47520
14352
14896
14368
14880
14312
14888
47240
14704
47488
14528
47600
14320
14872
14344
14904
47168
14792
47280
14584
47584
14288
14816
14240
14816
14248
14848
47200
14632
47496
14552
47680
14344
14856
14328
14880
47136
14792
47360
14520
47640
14400
85048
14776
47384
14448
47600
14216
14768
14160
14800
47008
14696
47184
14480
47432
14256
14848
14216
14784
14208
14784
47048
14632
47208
14416
47472
14224
14800
14200
14792
14176
14784
47104
14576
47384
14448
47552
14240
14776
14248
14992
47296
14568
47344
14312
47600
14184
14744
14128
14720
46928
14632
47160
14408
47392
14200
82904
14672
47280
14424
47456
14176
14784
14192
14752
14152
14792
47072
14536
47312
14368
47576
14248
14752
14136
14728
46952
14648
47136
14456
47336
14312
14840
14200
14744
14120
14728
46952
14640
47128
14464
47352
14184
14760
14120
14760
14160
14760
47024
14592
47208
14392
47440
14176
14784
14240
14752
14144
14736
47080
14552
90216
14200
14728
46896
14664
47072
14504
47304
14272
47600
14168
14688
14088
14744
46944
14640
47144
14448
47360
14224
14840
14208
14760
14128
14736
46984
14664
47136
14440
47352
14208
14816
14200
14744
14120
14728
52112
14752
14744
46952
14672
47184
14392
47352
14224
14752
14128
14776
14136
18784
82920
57736
16128
54712
16608
19936
16328
49424
20920
18424
20672
54144
52112
19952
20984
54336
54336
14864
14848
14232
14808
14184
14816
47120
14608
47400
14472
47544
14208
14832
14232
14784
14232
14776
47120
14504
47392
14368
47592
14176
14768
14136
116479
75024
76144
21432
47152
14576
47392
14408
47600
14272
14776
14232
14792
47048
14688
47208
14512
47408
14280
14768
14224
14808
47480
14616
47312
14432
47440
14272
14776
14232
14752
14152
14776
47112
14592
47344
14440
47544
14288
14792
14184
14784
46928
14720
47128
14536
47360
14312
47584
52216
19192
15256
47064
14664
47176
14512
47408
14312
14768
14216
14744
14208
14728
47120
14608
47288
14424
47416
14272
14784
14336
14720
14144
14728
47152
14552
47360
14408
47504
14264
14720
14192
14720
14240
14720
47192
14552
47416
14440
47584
14288
14768
14176
14776
47040
14688
47176
14544
47360
14360
47608
14288
14776
14200
21808
21672
15040
14272
14872
47128
14600
47368
14496
47584
56544
21104
22888
15488
14280
14824
47104
14576
47400
14432
47528
14296
14736
14272
14752
47008
14712
47216
14560
47424
14304
14816
14424
14824
14360
14816
47368
15080
47408
14376
47520
14272
14728
14224
14816
47040
14760
47720
14584
47400
14248
14768
14320
14752
18088
14792
47120
14504
47432
14576
48088
14696
14800
14312
14816
47128
14648
47424
14792
47576
14328
14776
14248
15288
47136
14704
47128
14472
47432
14240
14800
14176
14752
14136
14752
46960
14760
47128
14456
47344
14240
14856
14192
14752
14128
14792
46960
14680
47144
14448
47368
14248
14840
14184
14944
14336
14992
47128
15312
14840
47136
14480
47384
14360
47632
14312
14760
14160
14784
46992
14680
47168
14496
47416
14264
14864
14216
14768
14144
14752
46968
14656
47168
14512
47376
14248
14792
14184
14808
14120
14752
47056
14632
47248
14464
47472
14184
14720
14128
14752
14136
14736
47040
14624
47296
14448
47472
14200
14800
14216
14752
14152
14784
149801
25320
22128
20888
19936
52336
54488
21576
20608
15272
14296
14832
14216
14736
47104
14640
47264
14472
47472
14232
14808
14312
14808
14224
14800
47152
14608
47360
14488
47544
14288
14832
14248
14768
14160
14784
47216
14584
47424
14488
47584
14232
14752
14200
14792
14224
14832
47184
14520
138616
54184
20520
20640
20688
53696
51688
17576
19344
21040
53328
20552
18016
20280
54384
52536
20520
22360
15144
14288
14912
14240
14888
47160
14640
47464
14560
47624
14264
14904
14264
14920
47088
14800
47280
14528
47544
14368
14968
14352
14904
14248
