546176
430832
410920
416744
414280
415768
473576
381448
414424
412848
418872
418696
374472
402080
408960
726219
326888
319000
322232
286392
408397
417688
856440
859835
361800
348824
351880
343288
347112
415560
380464
384960
795891
296368
321944
318664
333496
325040
322960
318528
332304
415440
657104
418208
382880
381488
569272
412984
533432
452352
729752
413664
351856
291088
295568
419384
905904
599328
418736
380632
440344
321632
340416
318776
319576
318840
321120
319504
372216
482784
421848
413672
536256
377336
425960
387568
402448
326400
288672
285936
287352
286424
369615
330352
289776
287608
285008
289008
337720
322856
320256
288864
324816
291128
288040
286752
285088
285904
284152
288328
288160
371240
323040
443088
284312
411001
357352
504800
343032
320720
335384
410456
374592
533888
430096
377792
409240
414640
374704
412752
370000
369176
428368
376408
408632
404344
401960
389360
417992
454259
320920
317312
320000
317056
320064
332336
319472
317416
316368
334088
287888
285648
343344
899080
414728
408552
415968
476408
399848
319280
327808
287248
286064
285280
355768
295120
286128
288016
283280
287104
328424
409144
409240
379248
412128
379752
410144
415336
379640
415952
405232
382400
339056
368240
376040
401952
401408
402440
430160
513136
377208
411888
412840
2267399
342928
285288
369032
290648
287032
286528
286656
288816
600967
662168
368056
373768
363536
401320
490176
355328
355432
397680
367072
612872
378648
410808
400512
382000
416296
381432
406712
407520
290576
366384
284936
426480
572368
444400
441971
574669
503976
1431128
2170520
366208
422760
476335
363616
284888
284576
288408
287096
286024
334888
319656
317392
317496
319384
318768
318520
322144
422625
345472
288504
285680
285064
287240
286640
417832
314720
318088
319888
316736
320952
321856
411896
317104
320608
318944
318328
321912
318536
319232
394816
318648
318400
322432
319448
319472
320632
402584
319136
318392
320080
318456
319128
318704
318344
370952
285056
287688
287496
285344
284408
289032
340488
320320
320768
350200
317000
318256
354416
446640
328728
317512
322304
319080
320584
319704
403144
318328
322152
318456
317776
319120
319408
318992
407096
283544
288704
284288
289344
287592
286872
381672
430512
427888
362448
368160
336856
436752
289648
283624
289528
287768
287608
286984
438360
290360
286680
287584
283280
286240
287080
288256
345952
286760
288768
286760
288136
283968
289696
510160
296560
287400
286248
367496
287096
428216
321528
317976
319328
318568
315232
317984
314288
434104
285544
285232
288064
284304
286056
283616
436752
288488
285872
288160
287000
386632
285888
405832
321568
327664
319280
321736
318264
322048
379560
285312
284712
283000
287720
283528
286712
288808
294792
286720
289976
287360
285640
285720
288264
422784
320008
319584
318424
319736
317296
321384
414928
533267
284328
287184
321336
318064
283416
318320
315440
317688
318832
319808
319792
319360
326200
399112
353792
341504
316304
320384
318792
509608
412984
392800
319160
320800
317584
322192
416352
317280
321512
319968
322384
286656
286920
350432
321368
317512
316288
322632
318592
437696
348480
286016
283168
288176
287784
286368
286008
283784
368968
288800
285712
285048
283224
287192
287488
458928
323776
319648
318184
315936
320528
316864
409088
318976
317416
316696
318848
317576
315872
318384
420104
319848
322104
319560
317576
322112
321728
376512
286648
282040
283320
285128
286208
287584
288520
378144
385824
318352
320248
318264
321936
321344
416416
284296
320600
317256
318632
315552
321008
418064
289240
286376
285112
286256
321328
320272
318624
438528
285480
287000
282712
289120
285800
411672
318024
319296
317872
318304
317288
319064
332344
289416
288264
286032
287448
330976
338256
282568
797112
909400
364032
283520
353224
576664
286176
287968
286024
287744
285104
330032
315376
316592
319488
320000
321944
318520
409096
317696
320512
317848
321712
317920
314992
321472
409784
320392
320984
318328
319688
318048
319512
430520
319992
315984
320920
319592
320072
400488
414016
350288
318816
318960
319360
318568
321152
383904
318432
319128
318656
318632
317344
319472
316800
369736
285520
286336
282872
285720
285840
283896
378032
286640
284432
286632
331680
320800
319888
319120
410152
321192
315080
318432
321672
321768
317960
750435
327496
342248
336560
319408
316064
419901
321816
329528
318728
319400
318560
312384
353144
339168
320248
321488
287384
285312
286120
288168
537967
326224
321784
318184
319864
322184
318600
488153
434320
402080
323480
319144
321728
484200
287216
361200
288640
287400
288720
287992
509568
322616
287224
288560
283352
287928
289448
379320
321336
322152
319712
322096
319536
322184
368720
285440
286328
286264
288088
284144
284664
286864
300184
321264
318920
316392
321712
320544
317408
409624
316944
320352
316696
317360
321088
317472
317280
494144
319576
322328
319992
322640
318736
363081
292160
284520
321720
284056
287296
286520
321440
413368
319280
320056
318568
318704
317576
317712
417552
319064
319896
321312
316248
318120
321656
317088
401960
320216
318176
320152
321512
318864
319792
429304
287000
322216
317224
319848
320768
319088
365192
318664
318736
319432
316296
322416
322192
320584
536160
374592
347184
284304
287384
284152
370664
288632
285744
555304
285944
283160
283296
434872
355352
290880
285120
288304
287824
285080
415272
349184
286768
282864
287384
286544
285936
423696
319824
286864
287720
284432
286480
285704
289048
295192
285264
289496
285608
286640
284056
286240
451736
320064
318968
343264
320592
317640
321424
365328
321160
319032
321568
319328
320256
318040
318296
323168
319440
321256
321056
317560
318592
320040
544776
336672
285696
283216
285656
285528
285888
446520
286168
286096
288312
287328
288160
285688
494672
321712
317544
322512
318928
319048
321992
471984
320128
319824
318312
314768
321712
316840
318848
330960
318832
319696
321440
318704
319616
320280
444992
319232
284208
286424
287288
320616
319160
512752
418216
379520
319776
317592
321008
591608
420512
361216
422264
288744
287496
291568
287672
286936
321368
318392
319088
319608
329512
427240
440469
483120
742893
1041699
290336
285952
286560
285968
363728
289216
287536
286088
284360
287400
287760
341024
318896
337536
321656
284592
284072
283240
284616
289056
321736
321584
319824
318296
321360
320088
316184
318920
318240
319096
321488
319688
316848
321536
421461
326384
316592
316544
320024
316712
320512
316632
536648
371528
357344
402928
401248
483808
334728
319920
285488
314968
318616
319304
473808
288952
286200
288512
284512
281936
288032
429712
321960
315776
321176
319536
318568
321520
438488
319952
320504
321264
287056
288384
287176
283280
618200
370504
407632
317104
318344
315360
565824
320464
317792
319496
727184
318768
331960
315360
320752
319264
322592
320512
318296
2025779
358960
309168
321640
325648
317936
319520
318200
320424
316448
480288
330736
286408
306952
346560
343920
304064
285408
288456
284648
287304
282072
288608
285424
370376
319280
285032
321000
319208
281488
286064
287000
368200
404432
295096
281824
286720
284376
342136
