12040
2952
2688
3272
2520
2720
2440
1720
35336
2544
1608
1584
2688
34696
1616
2176
2296
1960
1672
3552
1680
34400
34272
1720
1768
2392
2016
1816
1672
2224
2112
2520
2408
1736
2488
2352
2296
2232
2288
2280
2496
35552
2504
1992
1920
2408
2304
2560
2184
2320
2632
2976
2968
2784
2504
1976
2024
2352
2880
2280
2640
2632
2864
2408
2512
2648
2440
2616
2704
2256
2104
2352
2304
35520
2472
35472
2472
2248
2624
35728
2488
35568
2432
2352
2656
2472
2656
2272
2512
2144
2128
2536
35224
2784
2640
2440
2696
2312
2304
2296
2928
2456
2632
2368
2504
2480
2600
2488
2456
2608
2544
2456
2400
2568
2368
2192
2960
2392
2176
2432
2704
1944
1744
1776
2120
1984
1816
2032
2088
2096
1840
1920
1592
1784
1912
2112
1920
1928
1920
2160
1928
1832
1928
1800
34720
1896
2032
1840
1968
2072
1936
1600
34552
1792
1904
1576
1952
1984
1864
1952
2056
2120
2080
1880
2056
2056
2224
2000
1888
1992
1952
1928
1944
2096
2040
1808
1792
2032
2128
2024
1936
2016
1968
1848
1848
1960
2160
2072
1944
1920
2056
1952
1736
1864
35048
1832
1984
1872
1856
1744
1920
1904
1720
1896
2024
2112
2088
2024
1616
1688
1968
2000
2032
1960
2080
1664
2136
1952
2184
1984
1904
2016
1960
1904
1648
2088
1984
1880
1968
2024
1552
1800
1904
1976
1944
1912
1816
1800
1952
2040
1824
1608
1968
1664
1656
2080
1912
1928
1920
1976
1960
1768
34984
1768
1712
1896
2008
1704
1928
1848
35048
1952
1776
1928
2544
2016
1872
1968
34960
1912
1912
2064
1944
2008
1928
1856
1992
2016
2088
1792
1696
1696
1888
1576
1840
1696
1880
1936
1832
1608
1944
1848
1880
1960
2008
2064
1920
1712
1888
2016
1856
1960
2096
1816
2056
2096
1776
1896
1904
1560
1864
34904
1808
1896
1880
1792
1200
1504
1896
1800
1864
1976
34848
1680
1984
1496
2000
1848
1944
1864
1808
1672
1904
35160
2576
2088
1864
1864
2008
2056
1952
1864
1936
1960
1856
2248
35096
1976
1640
1992
1752
1912
2016
1848
1776
2024
1992
1904
2048
1976
1968
2216
1864
2040
1984
1944
2016
2152
1832
1912
2008
1872
1936
2048
1864
1848
2008
2080
2888
1840
2056
1832
2016
1888
1936
1912
1928
1728
2064
2016
2024
1904
2032
2112
1880
2056
2168
1720
2000
1840
1984
2000
1776
1872
2056
1952
2000
1792
1888
1824
1848
1936
2096
1872
1736
1840
1856
1856
1848
1776
2048
1952
1816
2008
1896
1864
2096
2032
1888
1960
2032
2016
1888
1952
1976
2008
1800
1968
2040
1984
1936
1968
2056
2160
2072
1768
2072
2008
1896
1832
2192
1776
1784
1808
1808
1824
2344
1952
2256
2128
1936
1904
1872
1928
1752
1944
1776
2520
1904
1976
1824
1880
1832
1992
1728
1920
2040
35096
1696
1864
1824
2112
1920
1816
2032
34808
1816
1800
1864
1864
1872
1984
1856
2112
2056
1968
1648
1800
1912
1808
2072
2096
1880
1816
2104
1808
1968
1744
1736
1752
1768
1944
34856
2192
1688
1632
1792
1784
1656
1944
2256
2272
1960
1904
1848
1848
1984
2144
2080
1984
1776
1872
2048
34976
2184
2048
2000
2384
1976
1832
2032
2008
1824
1792
1920
1896
1944
1848
1848
34968
1960
2008
1736
1728
1928
2040
1816
35224
2168
1992
2632
2064
34792
1960
1896
1736
1680
2144
1984
2024
35112
2032
1896
1712
2176
1776
2048
1760
35384
2000
1784
1896
1856
2048
1944
1776
35160
1928
1792
2032
2160
1904
1848
2064
34912
1792
1864
2024
1984
1624
1952
1792
1832
2000
1904
1960
2064
1856
1864
2280
1712
2000
1800
1984
2424
2104
1864
1912
2104
1640
1768
1800
2040
2056
2168
1864
2544
34928
1904
1872
1896
1696
1968
2224
2000
35152
1768
1896
2120
1768
1968
2064
2000
35072
1808
1920
1864
2072
1816
1856
1960
2056
2112
1944
2024
2176
2008
2112
1784
1904
2136
1832
34736
1904
2008
1968
1976
2104
1872
1816
34720
1832
1840
1928
2032
2120
1720
2784
2000
1712
2072
1960
1768
2712
2072
1568
1616
1120
1008
1064
984
1008
1000
1528
1552
1888
1776
1576
1616
1560
1656
1488
1216
2080
1656
1576
1744
1376
1520
1536
1464
1448
1568
1512
1480
1624
1168
1624
1512
1256
1712
1856
1952
1376
1152
1056
1080
976
960
960
976
1000
976
976
1000
1048
952
960
960
984
1032
992
992
984
33912
1008
984
976
976
1024
968
976
968
968
1024
976
984
1000
1064
992
984
992
984
1040
992
992
984
984
1040
1000
992
984
1352
1496
1640
1272
1008
984
1336
1224
1072
1424
1448
1488
1544
1336
1128
1304
1096
992
1000
984
1024
984
960
960
984
1016
960
992
976
1320
1208
1072
1760
1576
1800
1496
1440
1208
1104
1336
1496
34992
2544
1424
1296
1656
1784
1168
992
1008
1032
984
1024
992
992
984
1040
1032
1016
1000
1016
1072
1016
1024
1016
1064
992
992
992
1000
1048
1000
1000
992
1000
1048
992
992
1000
1040
1000
992
1000
1000
1040
992
1000
1008
1000
1024
992
1000
992
1048
952
992
960
960
1016
928
928
936
33752
928
912
912
904
992
944
904
1360
1232
1464
1760
1672
1616
1600
1592
1776
1968
1688
1312
1680
1616
1936
1992
1456
1904
3704
2200
1960
1536
1520
34944
1440
1592
34552
1952
1560
1832
1664
1592
1760
1792
1920
1840
1880
1736
1664
1808
1656
1592
1768
1728
1760
1720
1688
1768
1528
1800
1720
1760
1768
1416
1936
1880
1888
1752
1872
2216
1840
1152
984
1720
2328
1104
1648
1248
1048
992
2016
1480
1584
1704
1608
1760
1800
1840
1792
1768
1768
1744
1760
1784
1768
1776
1856
1768
1776
34728
2624
1344
1352
1824
1504
1400
992
992
1816
1408
1528
1680
1128
1584
1872
1896
1504
1752
1248
1608
1632
1808
1904
2104
2128
1952
1888
2024
