26080
13712
10280
42936
10032
10048
10024
10064
9816
9976
10104
42752
9992
9744
10008
9984
9992
9944
9960
42544
9872
10032
14320
42992
10016
9848
9696
9984
9968
9768
9968
42600
9992
10120
10016
9808
9976
42560
42752
9768
9984
9944
10080
10032
10024
42584
42784
9768
9976
12248
10224
10008
9952
9960
42784
10008
9960
9960
9968
9952
9960
42736
9976
9952
9736
9728
9728
9944
42760
42752
9984
9936
9992
9816
9976
13232
46520
14640
42928
9784
9968
10008
9984
9960
10008
42744
9752
10000
9992
9976
9832
9776
9984
42792
9960
9960
10008
9952
9984
9984
55480
46904
13376
9736
42808
14104
46176
13568
10016
10064
9968
10648
45128
11096
41944
8688
41416
8704
8552
8776
8560
41360
8592
8520
8824
8536
41536
8536
8560
8848
8608
41592
8576
48848
9304
41392
8648
8536
8688
8512
41320
8664
8528
8688
8512
8488
8744
8616
8688
8520
8512
8712
8584
8816
8568
8536
8720
8584
8752
8544
8512
8704
8544
41552
8592
8552
8728
8520
41536
8560
8552
8736
8528
41520
8560
8528
8760
8528
41624
8600
8552
8712
8504
41552
8576
8552
9104
8664
8800
8552
41352
8640
8536
8704
8512
41352
8600
8528
8680
8488
41336
8560
8480
8840
8616
41416
8632
8528
8792
13000
12512
42960
8856
8584
8880
8608
41432
8600
8552
8800
8600
41432
8624
8560
8816
8600
41424
8632
8560
8800
8608
41408
8736
8584
8864
8560
41360
8632
8512
8720
8536
41360
8632
8504
8704
8544
41320
8648
8520
8800
8560
41296
8608
8504
8656
8480
8480
8752
8568
8784
8536
8504
8704
8528
8744
8600
8512
8704
8528
41512
8552
8544
8728
8512
41512
8528
8528
8728
8504
41504
8536
8536
8800
8568
41592
14504
11928
8872
8832
8576
8584
8824
8632
8856
8632
8600
8848
8640
8872
8688
8584
8792
8592
41592
8600
8600
8800
8600
41608
8608
8552
8752
8544
41560
8584
8568
8768
8592
41592
8584
8560
8752
8584
41560
8576
8560
8736
8536
41592
8584
8568
8776
8576
41576
8584
8576
8752
8568
41560
8568
8568
8752
8552
41568
8560
8552
8784
8576
41584
8576
8584
8752
8568
41552
8592
8560
8752
8544
41576
8600
8576
20224
41848
8800
41368
8704
8800
8864
8648
41360
8696
8560
13960
48104
14952
14760
8872
8904
8656
8880
8696
8600
8856
8616
41680
8680
8584
8768
8576
41592
8584
8584
8744
8528
41608
8568
8552
8688
8624
41528
8512
8520
8656
8496
41584
8560
8552
8696
8496
41504
8560
8552
8704
8528
41568
41880
8792
8536
8792
8576
8792
8528
8480
8744
8528
41592
8552
8536
8720
8488
41576
8560
8544
12256
42768
8824
8552
8776
8576
41632
8624
8560
8704
8520
41568
8568
8552
8688
8528
41504
8560
8520
8712
8528
41536
8576
8520
8752
8544
41544
8560
8520
8736
8552
41560
8592
8528
8680
8512
41512
8552
8512
8736
8560
41568
8576
8536
8736
8544
41536
8552
8520
8744
8560
41576
8568
8528
8728
8536
41536
8552
8512
8736
8560
41576
8584
8536
8688
8528
41528
8584
8520
8744
8568
41576
8592
8552
8744
8552
47360
12064
9000
8560
8816
8624
8552
8736
8560
41592
8592
8568
8736
8544
41576
8600
8560
8720
8520
41544
8592
8576
8728
8528
41568
8616
8552
8704
8520
41544
8560
8560
8680
8512
41520
8552
8520
8672
8504
41472
8536
8536
8680
8536
41528
8560
8512
8760
8520
43456
10888
9104
8616
41632
8608
8576
8776
8504
41568
8560
8512
8696
8480
41552
8568
8512
8688
8488
41520
8560
8520
8696
8488
41488
8528
8496
12040
41568
8784
8560
8800
8600
8816
8624
8544
8824
8608
8848
8680
8600
9240
8584
8728
8536
8528
8768
8576
41608
8640
8568
8752
8552
41616
8584
8568
8784
8528
41640
8600
8552
8704
8504
41544
8552
8568
8696
8504
41528
8544
8520
8688
8496
41504
8496
8520
8672
8480
41520
8552
8512
8712
8512
41504
8520
8528
8672
8520
41520
8568
8536
8672
8488
41440
8528
8512
8664
8568
10640
9640
8728
41712
8632
8640
8808
8592
8880
8680
8568
8800
8568
8744
8536
8560
8712
8608
8696
8552
41312
8648
8512
8816
8576
41336
8640
8600
8816
8600
41440
8624
8528
10488
12672
11088
45808
13472
10960
44040
11576
11960
44848
13024
12888
43904
13440
43904
11592
14800
47672
14896
45352
15752
15400
47440
15408
15112
51320
15872
15064
47696
15152
14776
15368
15400
47232
15208
15192
47720
15072
14864
47840
15488
14816
15304
15440
47280
15320
15168
47504
15400
15152
47472
14960
14808
15248
15232
47272
13448
11616
45248
13992
12688
13528
14544
46496
13248
14472
44960
13712
13912
11592
13096
45280
14224
14112
56504
13040
13568
46680
13760
15008
14184
15112
47112
11552
14984
46288
15080
15064
47112
14392
13840
15680
15440
46592
14768
13944
47032
13480
14336
15016
15368
47448
15000
15440
45920
15464
13472
46224
15072
14992
14552
15384
43968
13224
14080
13232
13760
47192
12768
14432
47496
15616
15840
45880
15856
15920
47752
15976
15832
46160
57352
17256
14480
13840
14440
47600
14408
15696
47712
15552
15880
47464
15400
15256
47352
15712
15424
48184
16000
15192
47864
15688
47616
15960
15352
47864
15088
15216
48016
15632
15016
15760
15632
46816
15520
15880
47168
12784
13160
44968
9232
41456
8720
8568
8832
8584
41408
8592
8528
8808
8624
41408
8632
8552
8808
8600
41408
8608
8584
8736
8576
41416
8632
8600
8712
8536
41488
8544
8568
8728
8552
41528
8568
8584
8720
8560
41576
8592
8584
8672
8504
41600
8600
8576
8752
8576
41624
8632
8560
8800
8576
8776
8584
8536
8744
8536
8776
8648
8576
8784
8584
8808
8640
8592
8768
8576
8856
8648
8608
8776
8648
8832
19704
13976
12384
15336
47600
15600
11872
45480
14584
14832
47680
15040
15832
47288
13560
15632
47456
14520
15224
47696
15576
15128
48072
15248
14704
15352
15088
47176
15592
15664
46968
15800
15680
47416
15376
15456
47448
14360
14928
47672
15840
14840
47256
15728
14968
54992
16248
15680
47048
15360
14176
48224
14912
14968
48072
16080
14992
48128
15960
17792
47904
14296
14984
48040
15208
14872
14520
13928
45480
