7728
1616
1544
1456
1176
1440
1512
1552
1240
1440
1464
1464
1496
1440
1120
1320
1576
1352
1424
1400
1448
1384
1304
34200
1520
1504
1560
1584
1816
1704
1688
1560
1328
1688
1168
1640
1680
1608
1656
1664
1576
1632
1672
1576
1664
1648
1504
1648
1648
1696
1528
1672
1664
1512
1648
1664
1680
1544
1584
1680
1656
1472
1672
1640
1592
1656
1648
1520
1616
1656
1568
1584
1656
1552
1672
1664
1648
1584
1632
1392
1648
1264
1344
1496
1608
1680
1664
1520
1584
1672
1504
1600
1664
1656
34720
1048
992
992
984
1248
992
984
976
984
968
976
984
928
984
928
952
968
976
984
968
992
920
976
976
968
968
968
976
960
936
936
1160
840
33624
816
824
832
816
824
808
816
816
816
808
808
808
808
808
808
808
816
816
816
816
808
808
816
33600
808
808
808
808
808
816
808
816
808
920
1096
1432
1496
1520
1488
1496
1464
34936
1056
1232
34672
800
808
808
808
800
808
808
808
808
816
808
808
808
808
808
808
800
816
792
808
808
808
800
808
816
808
816
816
816
824
816
816
808
808
808
816
816
816
792
808
808
808
816
808
808
816
808
808
816
808
808
808
808
816
808
808
808
808
816
816
808
808
808
808
816
9752
1144
840
816
808
808
808
816
808
808
808
816
808
808
816
808
808
824
808
808
816
824
808
808
808
808
808
800
808
808
808
824
808
792
800
808
816
816
808
792
808
816
816
808
808
800
792
808
808
808
800
1096
1096
1088
1056
1152
1000
1456
1024
976
960
33992
1128
872
1608
1192
832
808
800
808
808
800
800
824
816
816
808
824
816
816
816
808
816
808
808
800
808
800
800
808
824
800
816
816
808
808
816
808
816
816
800
816
808
808
808
824
816
808
816
1320
1296
1488
1464
1464
1456
1488
808
824
808
800
808
816
808
800
816
808
808
824
1408
904
800
832
816
816
824
808
800
808
1024
816
816
808
816
808
808
800
816
800
824
816
808
808
816
824
808
824
808
816
816
800
816
800
808
800
808
800
800
824
816
808
816
808
808
816
808
33600
816
824
800
808
800
808
800
816
808
816
808
808
800
816
800
816
800
816
800
824
816
816
808
808
800
816
816
800
808
800
808
800
816
792
816
808
808
808
824
816
808
808
816
816
808
816
816
808
816
808
816
808
33784
2008
816
816
808
824
808
808
808
800
816
824
816
816
816
824
824
808
816
808
816
808
824
808
816
792
808
800
808
816
808
800
816
800
800
816
808
800
816
808
1280
1360
808
816
816
816
824
816
808
816
800
800
816
816
800
808
816
824
808
816
808
816
808
824
800
1040
800
840
792
816
808
816
816
816
816
800
808
808
808
816
808
816
808
808
816
816
816
808
808
824
808
808
808
816
808
808
816
808
808
816
808
816
808
33784
824
816
800
816
800
800
808
808
808
824
808
816
808
808
800
808
816
824
816
808
816
808
808
808
816
816
816
808
816
816
808
816
808
808
808
808
800
808
800
808
800
808
816
816
808
808
816
816
800
800
816
808
816
808
816
808
808
33600
816
816
808
816
816
808
816
800
808
816
800
816
816
808
800
808
824
800
816
816
816
808
800
808
832
1392
1864
808
800
808
800
33768
800
808
808
800
800
800
816
808
800
800
800
808
800
800
800
800
800
808
800
800
808
800
800
816
800
800
800
800
33600
792
800
800
800
800
800
800
800
808
808
800
800
808
800
800
808
808
800
800
808
800
800
792
808
800
800
808
800
800
808
800
800
808
33600
808
816
816
816
808
808
816
808
808
816
808
816
816
784
808
816
808
808
808
808
808
816
816
33616
808
808
816
808
816
808
808
816
808
816
808
808
816
808
808
800
816
824
808
816
808
816
816
800
816
808
800
808
800
800
808
800
816
800
816
800
816
800
800
1992
888
824
808
824
816
816
792
808
808
816
816
816
808
808
816
808
816
792
800
792
792
792
800
808
816
816
808
816
808
824
808
816
808
792
800
792
816
808
816
808
808
824
808
808
816
808
808
808
808
808
33608
816
808
808
808
816
816
824
816
808
808
800
816
808
816
808
808
816
808
808
792
808
816
808
808
808
808
808
808
816
816
808
816
808
800
816
816
808
808
808
808
824
800
808
800
816
800
808
800
800
808
808
800
808
816
824
808
808
808
808
816
816
808
808
816
808
808
800
816
808
808
816
816
816
1032
816
808
800
1160
808
816
808
808
808
816
808
808
816
816
816
824
800
1104
1440
35400
1536
1456
1432
1416
1152
1456
1328
1472
1344
1480
1496
1464
1352
1336
1592
1032
1072
1160
1152
1152
1160
1160
34296
1280
1456
1024
1376
1320
1240
1384
1432
1296
1504
1256
1264
1328
1184
1152
1016
1280
1520
1080
1440
1416
1784
1360
1504
1024
1216
1392
1344
1288
1224
1064
1248
1288
1544
1280
1336
1256
1472
1344
1384
1152
1344
1184
1520
