249512
242168
244144
239904
208624
239976
205944
239632
241696
247056
240536
210208
239776
242944
209200
239992
243040
173240
171640
172608
172672
172408
172640
172552
172544
233592
172576
176952
172608
171376
173504
173176
171912
173496
189480
172496
173320
171616
171752
172056
172040
172000
173832
236000
173576
237776
174376
172648
172920
172640
173488
171568
222496
173632
171280
172576
173104
171440
172176
172560
172552
266928
173776
188320
195576
226736
226664
228152
194880
216144
210680
241920
241856
210000
242512
227240
242248
241672
206912
243016
208080
240896
209688
241616
240632
242488
240656
207128
250824
242280
209264
239528
246408
249376
243880
173960
170072
171112
170392
170280
170440
171168
171536
170584
170528
171120
170976
221616
170936
169896
170800
170080
170640
170728
170848
205896
171120
170792
137208
179864
173976
170664
170440
170560
170312
170224
170872
169608
169928
170960
170312
171408
1144632
250160
391712
237424
212128
1019280
203704
199472
246776
345856
231240
246440
173496
169752
170632
178800
232336
172400
170024
170328
170752
179464
170584
320056
1011832
204496
204680
606535
206312
232648
231040
239808
299744
267040
261864
354984
312816
304904
250048
214512
267360
265824
250336
281392
373696
270760
270448
302776
246488
315576
304416
339648
265992
304048
270880
271040
303688
265064
269880
224112
245960
251696
364832
250744
272760
246560
209656
249600
296952
272280
259136
305768
233992
231576
255392
198288
237896
250024
194336
196208
205088
241104
251112
203272
189080
189896
224504
255840
249120
226704
226688
267144
231448
235720
226728
238320
247216
197128
252608
257072
257808
259968
256192
256672
259232
254632
221600
257496
247704
231160
233848
237624
210352
238488
245760
210192
241648
237408
244264
212568
235336
249504
217592
255816
321600
246600
243448
254856
260040
209832
256312
243448
242136
233024
200264
200992
242072
249176
193360
200488
177760
170944
185192
193240
198120
202080
239512
245168
253136
254432
171048
169536
187824
171248
170216
169712
170104
170360
170544
170752
169584
169704
169888
170072
170160
183088
171952
170344
169880
170496
169824
170264
169760
169880
169848
169832
170080
203496
199712
171848
170872
170416
169744
170808
170616
171232
170472
170032
170520
170024
170640
174656
170000
169896
169688
170160
170288
170296
170440
170528
170688
179120
170480
170088
181312
171368
169744
169568
170560
170456
170272
170104
170048
137048
169824
170384
170696
188160
171608
169568
170160
170496
170512
169344
169584
169720
170104
170240
170344
137768
178176
170000
169720
170912
170008
171096
170872
170600
170600
170096
170032
171312
171096
182504
171368
169440
170288
169848
170096
170320
137624
170584
170600
169696
169504
170056
179704
170320
169584
170352
170456
170744
169760
170200
170568
169624
169616
170736
170768
215712
234936
170776
170192
194704
171992
169456
170584
170344
170040
169888
169696
184032
171968
169984
170360
170200
170416
170608
170744
170872
170808
169736
169792
170232
183768
170944
225616
178792
170904
170048
170304
193056
197360
172368
211648
188504
254672
254536
246952
212856
181376
183776
210096
170760
171008
183960
225416
173168
174688
226888
221216
232696
224608
244096
243056
238456
207760
235752
244832
241600
185432
171328
169816
187136
183416
171432
170440
247272
183496
300528
182872
183264
172088
170392
233864
214952
246400
207200
181696
186656
216976
229104
171792
137912
170600
170184
170632
171008
170376
196896
171880
170744
169792
170216
169992
169704
169672
170752
170568
170264
170088
137080
190536
171912
170152
170208
169424
170600
209392
170280
172688
170808
170600
182648
170944
171208
170144
169880
171184
170648
170640
170616
169648
169824
170048
170224
174432
169816
170752
169584
169688
169824
169952
234632
170720
170144
169928
170488
170664
175136
169880
171280
170824
170536
170144
171112
170768
170560
170152
171048
170632
170336
180840
170400
169904
170552
170520
170568
170456
170624
170376
170512
220112
221424
177600
171680
170456
170648
170200
170400
170512
169632
169640
169776
169744
169792
169928
176896
176048
170624
170704
170504
169592
169688
169856
169832
170112
170216
170288
170408
175744
169920
169384
169872
170152
170192
170408
170304
170760
170512
137352
171304
170800
176112
224640
185352
170744
170968
171152
170336
170336
170448
170432
170400
178136
170640
185144
171520
170072
169904
170384
171184
170432
171032
170192
170872
169944
170624
170872
189608
172088
169768
170328
170096
169920
170768
169960
170456
170184
170072
170512
170184
187632
170872
169840
169840
169680
170776
231576
171688
169784
170336
171264
170216
170872
182360
171656
169936
170464
170728
170144
170424
169912
169688
169680
170688
170360
178528
182608
171032
170112
170392
169600
170560
170456
170400
170112
169992
169744
169552
224096
229216
189888
227664
180768
170696
137320
169672
169648
169520
170184
169936
176408
170648
170880
170480
170352
170928
170472
171304
170800
170664
170152
171120
170800
212248
170880
170848
170584
170200
170912
170696
170544
170120
171296
170656
170384
169888
223888
171920
169856
170168
170056
137968
170152
170024
177432
223824
172232
170424
182024
171600
170264
170240
170064
170136
169840
169792
170184
170256
170440
170584
170816
180600
178656
171280
169600
170416
170568
170560
170688
170648
170000
169896
170152
170152
224968
172312
169944
169976
170392
170544
170384
170616
136848
169704
169936
137256
170304
182760
171224
170448
169504
169760
169920
170024
170176
170336
170480
170464
170656
169600
175464
137272
170032
170128
169928
171208
170872
170680
170440
170008
171392
171184
170888
186368
176920
170472
170096
170272
169632
169736
170096
170304
170464
170488
170792
169712
182408
137592
169912
170024
170144
170104
170120
170472
170344
170480
170264
171216
171048
177584
169760
169768
169704
169808
169760
195200
192728
177248
225928
171352
171040
181496
171672
170576
169952
186088
182296
221768
231456
218832
171880
170536
171712
194984
204216
236104
221504
235752
241272
203632
238784
237680
209336
242536
249936
244184
241312
206632
242064
241552
208728
266704
240432
241568
207424
237104
239224
211840
235640
238592
254224
240192
210472
239680
174640
171112
170592
170104
170016
169776
169760
169712
222080
171832
169392
169432
169648
169584
169688
183232
176168
169872
169600
170104
170288
185592
171784
170168
170872
170688
170008
169912
169752
169656
137944
170120
169584
170608
170928
170296
170488
170432
170024
171232
171176
170744
170496
170144
171352
171248
178256
173400
169400
169872
170632
170632
137880
169672
170552
169656
169800
169832
169840
178808
196960
177552
170840
169528
169816
170072
170192
170208
170272
170472
170664
169672
186992
171464
169784
170240
170704
169760
170048
170280
170560
170744
169624
169824
170160
188096
170648
170176
170392
170128
170792
170824
170712
171136
170184
170120
171296
171008
188752
177320
170456
170888
169656
169856
137288
170000
170184
137512
176360
170608
170792
183576
170968
170128
170088
170888
170088
170840
170160
170968
170448
171152
