1680
304
304
280
240
304
232
248
256
288
344
248
224
248
320
232
240
296
224
296
280
264
264
696
312
248
224
344
304
312
264
288
248
304
328
216
288
248
248
240
232
280
256
328
296
296
240
248
272
240
240
248
312
320
232
224
256
264
296
272
248
256
224
328
248
248
240
208
272
280
224
344
216
256
264
216
232
280
248
272
280
328
224
232
248
312
280
232
240
304
224
248
232
256
368
352
312
280
272
280
320
264
288
272
240
248
232
224
232
288
224
264
240
288
288
432
304
272
280
328
320
240
272
304
296
232
280
264
248
296
224
224
224
232
272
288
272
232
224
280
272
240
232
864
264
296
312
248
304
224
240
240
232
224
208
224
224
224
248
216
216
232
232
488
232
224
240
232
240
224
224
232
224
208
240
232
224
216
224
232
216
216
224
224
216
208
224
224
224
232
248
216
216
240
232
216
272
248
224
240
224
216
232
232
208
224
216
232
232
224
224
264
240
232
232
224
224
232
224
248
224
224
224
208
216
224
232
224
224
224
240
224
216
256
216
280
240
232
248
208
224
256
248
216
232
224
232
240
216
240
232
344
232
208
248
224
240
216
224
216
248
232
248
224
208
224
224
224
640
368
248
240
240
216
256
240
248
256
248
232
248
224
208
240
264
232
232
240
224
240
232
232
248
224
232
240
224
224
224
224
224
224
216
224
232
224
232
232
216
232
248
208
224
680
272
232
224
216
224
224
224
264
208
240
216
256
232
224
240
224
320
232
224
224
232
232
216
216
232
232
232
232
216
248
232
224
224
216
216
224
232
240
224
224
216
208
224
216
232
264
232
232
224
232
248
216
240
208
240
216
224
240
240
224
216
232
240
272
224
240
232
224
240
232
232
232
224
240
224
256
272
232
240
232
224
256
224
256
248
232
232
232
232
240
256
216
208
208
232
240
232
240
224
232
280
224
232
240
208
224
232
240
216
232
248
224
232
224
232
224
240
240
216
248
280
232
216
232
232
248
248
224
224
224
240
240
232
224
216
232
224
232
232
216
216
240
232
216
224
224
240
216
232
248
224
224
240
248
224
224
216
224
240
224
272
264
240
232
224
224
33400
232
440
208
232
216
232
208
248
232
216
224
232
232
240
240
248
264
256
248
208
248
240
232
224
224
240
232
224
240
232
232
224
216
232
224
216
224
240
216
216
224
232
224
208
216
240
224
232
216
224
216
232
240
208
232
232
224
240
224
224
232
232
224
216
224
240
224
224
232
232
248
264
224
240
224
216
224
232
248
224
224
232
224
232
232
240
232
224
224
216
240
216
248
256
216
216
240
240
232
224
264
224
232
240
240
216
248
216
216
240
224
264
240
232
208
224
216
216
224
224
296
216
232
224
240
232
216
216
240
240
216
280
240
232
224
216
224
248
240
232
216
368
224
224
240
216
240
224
216
232
224
216
216
224
232
248
224
216
232
240
248
272
248
224
224
224
232
240
224
232
224
232
224
240
208
248
256
216
216
224
224
240
264
224
208
224
248
232
256
224
232
240
216
232
240
240
240
224
216
224
224
280
248
208
224
280
240
232
232
240
224
208
224
240
224
232
232
232
256
216
224
216
224
248
224
232
232
248
224
240
232
240
240
240
240
232
240
224
232
232
240
248
216
224
264
224
232
224
240
232
240
208
232
232
224
232
224
216
240
232
240
272
216
224
232
224
240
224
232
216
232
240
256
240
224
232
232
216
208
216
224
240
232
240
216
248
240
232
264
33384
256
280
264
264
264
248
624
248
264
248
224
272
264
272
216
208
240
264
232
240
216
224
256
216
232
232
232
232
224
232
216
256
224
232
240
248
240
248
232
256
240
224
248
248
264
256
216
232
288
216
216
216
224
232
232
240
240
248
232
216
272
248
256
208
232
216
224
224
208
232
232
240
232
248
248
216
232
232
224
232
224
264
232
208
232
256
272
256
240
232
272
448
264
264
256
256
264
256
272
248
248
256
256
240
256
248
264
240
264
224
216
224
264
232
240
248
248
240
272
248
232
224
232
240
256
248
272
232
256
208
232
224
208
208
768
216
224
240
232
216
408
216
224
232
224
224
232
264
216
248
248
264
232
248
248
224
256
248
240
216
232
232
208
216
240
232
248
232
216
224
328
224
224
224
224
232
240
232
224
248
208
232
240
232
216
232
224
224
224
224
320
224
224
216
224
224
456
448
224
224
248
232
248
224
208
272
256
240
232
232
216
224
208
240
216
232
216
224
256
224
232
216
232
216
216
224
232
248
224
