8488
2488
35632
2416
2376
2336
2360
2376
2328
2384
2336
2360
2352
2352
2336
2328
2360
2352
2352
2400
2360
2352
2344
2312
35584
2392
2328
2416
2328
2368
35520
2336
2392
35568
2392
2784
35544
2344
2392
2416
2416
2360
2368
2360
2416
2344
2352
2344
2328
2360
2344
2384
2376
2368
2336
2320
2344
2344
2360
2336
2344
2320
2272
2288
2280
2272
2272
2272
2272
2272
2272
2280
2272
2280
2280
2280
2192
2272
2272
2280
2280
2272
2272
2272
2280
2280
2280
2576
2280
2272
2280
2392
2368
2280
2280
2272
2312
2280
35296
2296
2272
2272
2280
2272
2280
2280
2280
2280
2272
2192
2272
2272
2280
2272
2280
2272
2272
2272
2280
2280
2272
2480
2272
2200
2208
2200
2272
2200
2192
2192
2264
2208
2200
2208
2264
2208
2200
2208
35064
2200
2200
2208
2208
2264
2200
2200
2192
2256
2208
2200
2208
2256
2208
2208
2208
2256
2200
2208
2200
35056
2200
2208
2208
2200
2256
2208
2208
2200
2256
2208
2208
2208
2264
2200
2200
2208
2264
2208
2208
2200
2256
2200
2200
2200
2248
2200
2208
2208
2248
2200
2208
2208
2248
2208
2208
2208
35056
2200
2208
2200
2208
2248
2208
2200
2208
2248
2200
2208
2208
2272
2200
2344
2280
2288
35920
2312
2288
2288
14983
2296
2312
2264
2272
2384
2296
2264
2288
2312
2296
2312
2264
2328
2456
2200
2200
2320
2296
2272
2248
2200
2208
2200
2248
2208
2200
2208
2248
2208
2208
2200
2256
2208
2208
2208
35056
2208
2192
2200
35040
2200
2208
2208
2208
2256
2200
2208
2200
2248
2200
2200
2208
2256
2208
2200
2208
2248
2208
2200
2208
35048
2208
2200
2200
2208
2264
2208
2200
2192
2280
2208
2208
2200
2256
2200
2200
2192
2264
2208
2208
2208
2208
2256
2208
2208
2200
2256
2200
2200
2208
2264
2208
2208
2200
2272
2200
2200
2208
35056
2200
2208
2208
35216
2200
2208
2208
2200
2248
2208
2200
2208
2248
2208
2200
2208
2248
2200
2208
2200
2368
2320
2280
2488
2248
2200
2256
2208
2208
2200
2264
2192
2208
2200
2264
2200
2208
2200
2264
2200
2208
2208
2256
2208
2200
2208
2264
2200
2200
2208
35056
2200
2208
2208
35064
2208
2208
2208
2208
2264
2208
2200
35048
2192
2208
2200
2200
2432
2208
2208
2208
2256
2208
2208
2208
2264
2200
2200
2200
2264
2304
2368
2288
2304
2288
2400
2568
2304
2272
2392
2352
35304
2456
2440
2344
2320
2312
2312
2304
2288
2328
2304
2304
2280
2296
2280
2464
2416
2368
2496
2472
35280
2320
2408
2328
2512
2480
2512
2376
2408
2520
2344
35688
3328
2496
2392
2432
2552
2504
2384
2384
2496
2392
2680
2328
2416
2440
2392
2320
2432
2360
2368
2520
2368
2616
2400
2336
2552
2400
35488
2400
2352
2528
2352
2760
2360
2400
2496
2360
2656
2440
2448
2712
2352
2360
2280
2352
2312
2688
2368
2304
2344
2344
2328
2424
2352
2384
2344
2360
2312
35240
2304
2304
2296
2336
2296
2520
2560
2552
2368
2536
2272
2264
2200
2200
2200
2256
2200
2208
2208
2280
2208
2208
2208
2256
2208
2208
2208
2400
2200
2200
2208
2264
2200
2200
2208
5272
2272
2208
2224
2336
3280
35056
2208
2208
2200
35064
2200
2208
2208
2208
2248
2208
2208
2200
2264
2200
2200
2208
2264
2208
2208
2208
2256
2208
2208
2200
2256
2192
2200
2208
2264
2200
2200
2208
2264
2208
2208
2208
2256
2200
2208
2200
2256
2200
2200
2200
2264
2208
2208
2208
35064
2208
2208
2200
2200
2248
2200
2200
2208
2264
2200
2208
2200
2264
2208
2208
2208
2256
2200
2208
2208
2264
2208
2200
2208
2264
2208
2208
2208
35056
2200
2200
2200
2208
2256
2200
2208
2200
2272
2208
2200
2208
2280
2200
2200
2200
2264
2200
2200
2200
2264
2200
2208
2208
35064
2208
2200
2208
2200
2248
2200
2208
2208
2264
2208
2200
2200
2256
2200
2208
2504
2608
2280
2312
2336
2320
2792
2360
2336
2320
2296
2336
2320
2392
2360
2320
2320
2336
2360
3168
35856
2288
2296
2312
2304
2312
2312
2304
2296
2304
2304
2288
2312
2320
35240
2320
2312
2320
2296
2312
2304
2344
2320
2360
2296
2328
2320
2328
2288
2336
2304
35224
2296
2328
2328
2288
2280
2304
2264
2304
2376
2392
2320
2288
2296
2312
2328
2328
2336
2288
2312
2360
2368
2312
3144
2456
2384
2440
2448
2432
2416
2408
2416
2376
2384
2400
2392
2416
2408
2400
35304
2392
2384
2432
2360
2424
2408
2392
2376
2424
2392
2384
2400
2400
2384
2424
2408
2432
2392
2384
2400
2384
2360
2424
2376
35328
2392
2392
2416
2384
2424
2408
2400
2376
2408
2416
2392
2400
2360
35344
2392
2392
2416
2400
2392
2416
2400
2440
2456
2440
2384
2432
2400
2368
2408
2408
2416
2384
2408
2384
2408
2416
2408
2424
2440
2424
2360
2408
2424
2408
2424
35320
2368
2384
2376
2416
2384
2408
2408
2400
2432
2448
2368
2408
2376
35288
2392
2400
2432
2432
2400
2408
2368
2416
2336
2424
2376
2392
2424
2400
2416
2432
35288
2392
2416
2360
2400
2368
2400
2376
2384
2376
2392
2368
2408
2392
35336
2408
2400
2392
2432
2384
2432
2416
2424
2424
2416
2392
2400
2408
2416
2432
2424
35336
2424
2392
2384
2360
2400
2392
2416
2408
2392
2352
2424
2368
2368
2392
2384
2400
2424
2368
2376
2376
2400
2400
2392
2392
2352
2384
35304
2408
2384
2336
2400
2384
2424
2416
2424
2376
2408
35304
2384
2440
2376
2408
2376
2416
2400
2432
2424
2400
2424
2408
2432
35384
2424
2416
2368
2376
2392
2424
2424
2400
2432
2408
2440
2408
2400
2408
2408
2440
2456
2416
2400
2408
2392
2400
2416
2424
2408
2400
2400
2408
2400
2400
35288
2368
2400
2408
2400
2368
2424
2416
2376
2416
2344
2352
2368
2384
2400
2424
2384
58200
2400
2416
2400
2344
2376
2408
35296
2392
2408
2648
2368
2392
2360
2384
2376
2408
2456
