428928
405600
367712
378280
366872
367216
367168
400128
447799
409216
399568
399736
399720
417176
367704
367480
367184
400296
407176
400208
400112
367120
366968
376104
366944
367424
367824
367360
367368
367424
367088
366560
432352
366616
367248
367072
366840
366848
399632
407080
401128
400400
411992
415224
424136
418720
414200
381000
412696
409544
377640
378216
413992
465874
412464
414552
374736
366720
409984
409984
391442
404640
424792
401848
400160
400192
400632
406464
400488
367216
367352
367048
375096
366560
366872
367832
399752
408952
399576
399752
399512
367528
414902
367696
367832
399832
399840
404144
400144
400088
403616
399944
445464
367240
367264
366632
400064
400072
407024
399840
400240
400176
367512
366712
439290
432360
399296
400320
399928
400368
418784
399384
400120
367040
367056
399632
438375
367168
367288
367584
366880
367864
380352
366520
534248
375832
371200
366520
430945
367576
400000
399080
400088
367760
412184
366520
366672
367176
367472
367584
385048
366840
366624
367224
367760
367112
399304
472528
399808
367384
367352
366448
366648
374528
366568
367752
429704
367272
367184
373816
366800
367168
366616
366984
367336
407864
367200
399328
399808
400320
367480
423448
367272
366960
399040
399056
399704
447040
367560
367144
367448
367736
367136
367248
376944
367104
367424
367368
367264
367528
378024
366824
367040
366720
367664
399160
412288
367432
400088
400160
400176
405120
418376
368456
367208
366888
366176
399064
412968
366520
399608
399968
399960
400448
366736
411568
399968
367776
367312
366872
366280
380080
367120
366808
367600
367456
399952
477920
400024
366592
367512
367384
367200
466872
402200
408664
400800
401720
371808
840704
409128
400448
399744
415960
399608
400544
400032
399344
400120
367128
410008
366896
367624
367280
366952
366664
374632
366936
366376
399360
400384
400264
410440
400472
367128
366808
367736
367432
373360
367584
366696
434008
399768
400520
399912
403496
399720
367472
367416
367216
367104
444478
426881
367624
366568
367472
367040
380936
367000
367728
367640
367544
367248
411048
366856
367488
400016
399456
400488
409504
400776
400720
400440
366832
366664
373376
367336
369280
367288
366416
367312
367352
406048
366576
400336
400056
433688
367288
373480
367648
367464
366976
366792
367536
418832
366648
367320
367160
399608
399216
437863
414624
414336
453848
415232
415152
565952
412544
380880
414112
413832
472154
383208
415712
415456
381664
411728
414840
399336
400848
422463
369472
366736
418672
399856
400336
367456
367312
367312
375352
367464
366680
367496
367360
367032
405264
366592
400528
400432
399768
400520
400184
405608
366896
367544
367112
367152
366576
395423
414040
413368
378896
412656
414160
405961
367720
366920
367392
366648
400040
410832
367592
399688
404560
400304
428392
376912
366976
367096
366856
366240
400600
409520
367336
399904
399960
400288
366224
366976
405040
399200
399952
366872
366752
366584
417656
399856
367600
366280
366296
367632
374504
367448
367208
367432
573952
409408
378336
400248
366456
367544
367808
366648
377576
367880
366416
367568
367704
399448
406672
400400
399832
399384
366528
367840
373632
367672
366392
367408
432096
399816
404216
400192
400360
366824
366920
367032
367080
373888
367032
367408
367048
399696
399672
404592
399920
367680
367552
367376
374136
375656
366992
367616
367448
367472
367232
399688
401688
400344
399816
366712
367376
366424
417856
366952
366600
367520
367184
367040
373648
367936
367552
400376
399424
400256
406464
400384
400088
367128
367120
367056
373824
366536
367408
367464
399848
399808
566880
407936
367376
367440
367120
399960
404160
399736
399904
367000
366584
367736
382320
367752
366504
367312
366328
367456
384840
366512
367040
366648
367808
372736
456888
366696
367336
399712
399400
400176
516536
399928
399992
399672
399112
367664
410112
366960
367448
367024
366520
367184
374928
367928
366624
367312
399648
400560
400176
439456
367200
367152
366648
367592
367360
410960
366688
367384
399664
400448
400256
409864
408264
399440
406080
434776
399592
411520
405080
400024
399440
400360
400104
438081
419944
379944
401816
366624
366704
424464
400056
399712
367384
367448
366744
372280
367552
367552
367576
366256
399808
413720
367664
366880
367424
399888
400160
399584
407000
400176
399184
366320
367120
367840
372232
367112
367792
367504
366624
399712
405888
400416
399368
399856
367648
402688
404840
366808
366832
366952
367120
367472
367800
474560
399712
366984
367296
366720
367016
374504
366848
366512
367160
400744
399776
407848
400360
400096
400072
367528
366576
371784
370128
372664
524464
375792
399520
410008
399888
400224
366672
367128
366424
377648
405176
405496
399592
400568
399040
409624
400176
367752
367096
367576
367072
407409
399256
400432
367624
366664
366672
380472
367240
367024
367856
366312
367320
399136
402920
399648
399696
367368
366616
366960
508984
400424
366848
367288
366704
367080
446912
399768
399944
430072
367336
366560
436944
399936
408312
399688
366728
366904
509744
400144
399328
366720
366936
367464
376920
366584
366808
366960
367304
400456
598376
367848
367832
367048
367328
400272
402520
399960
676800
367792
366912
400080
403232
400128
400352
366480
366688
366816
369600
366880
367320
399320
399680
399952
402848
405712
367616
366272
367024
367512
366672
400400
399672
366712
366744
366760
367208
369528
366488
400464
399480
3197328
403888
411976
367368
367152
399968
400432
400536
400632
399752
367304
366424
367288
367656
576560
408136
367480
399976
400312
399224
399848
400544
367640
366336
366280
366352
373304
367576
366288
399120
400336
399168
435272
366440
367504
367840
366280
1362888
399696
399728
399320
367728
414648
366520
367664
367928
366328
366320
366240
366816
367056
399984
2641672
366640
367192
399624
1355664
367632
367800
367488
413656
367128
367432
400368
399096
399224
528120
367304
432728
399328
400320
400424
412696
399520
399024
367616
630400
506264
402728
366904
366880
366968
366672
377928
366808
367760
368336
368456
366744
399592
367960
367312
366144
399072
399488
547712
400888
399440
366272
366328
366296
519040
2820128
369512
367520
367776
366712
400320
408960
399064
399672
399928
367384
367752
436824
399760
400000
399480
367256
366968
538624
367032
378208
366872
366616
366992
543128
400280
400424
400432
366288
366280
511944
367088
400192
522000
366824
451312
366752
366248
366280
366256
366264
491560
367616
399584
399072
399168
399176
479072
399144
367728
375808
366728
366384
551512
367000
367504
367632
366920
366296
375728
366424
399208
399184
399064
399072
482960
400384
399912
400280
367688
366712
366384
366864
366832
367312
366616
399672
739816
419024
367712
367360
367072
399416
625824
601248
504272
366720
367128
379288
366736
366672
367808
366920
367096
403776
399496
400368
400040
367384
366984
369440
366320
400288
400280
366792
367184
366760
366968
367208
366656
367848
378080
367936
454888
367656
366528
366784
399496
399472
409224
400024
399960
366720
367440
366320
430840
399544
399184
366664
366648
366888
418976
366712
367224
368080
430520
