67264
58136
58576
24504
24720
57344
58152
56800
57432
23952
25032
24344
24672
57392
56648
57656
57664
24240
24304
24336
57256
56968
57800
58184
24264
24152
24712
57632
58736
24640
24408
57256
58272
57408
24360
24128
23784
24464
57160
58424
57120
25008
24248
57864
56944
57808
24400
24256
24104
27472
25448
23960
57576
58832
23856
24408
24600
64160
57688
57880
25016
23848
23592
57056
57776
57616
57608
58664
24784
24896
58216
24096
26096
24232
24960
24136
56968
57104
57064
57928
57064
24008
23960
24424
24168
58096
57024
57160
57296
24312
23880
23880
24208
57312
57416
56896
57016
56616
57504
57920
24392
24152
24536
24560
57144
58688
56056
56016
55888
23144
23224
23416
56648
55840
55760
22976
23408
23024
33328
23776
203481
23640
23232
23776
23056
56632
56080
55880
23072
24232
23160
23400
56168
56000
55656
23800
23624
23144
56488
55800
56168
22960
23520
23144
23208
56240
55904
56216
24000
23904
93056
56056
56288
23624
23200
24168
23224
57040
56352
56128
23408
23216
24560
23320
56168
56096
56528
23504
23464
23352
56632
55952
56256
23584
23560
23736
23488
56072
55872
56936
23424
23216
23944
23336
55992
92336
24464
23624
23872
23552
56072
56256
55720
23552
23416
23504
56224
56216
23728
23648
23208
56528
55848
56184
23192
23352
23472
56192
55920
55936
55912
24360
23992
23328
56120
55960
56384
55824
24640
23320
56680
56728
56264
23392
23584
24272
23984
56608
56208
56464
23376
23808
23664
24080
56688
56064
55776
22864
23144
23280
23192
55952
55840
22832
23208
23888
23272
56200
57400
55992
23472
23480
23392
23384
56320
64072
188751
23936
23808
23736
56528
56576
57208
56800
23032
23872
23400
23208
55992
56648
142968
24712
23456
23432
23520
57648
56000
55952
23160
23400
26816
23352
25384
25008
23192
58040
188297
25608
24920
24168
58400
56512
57504
23368
24720
23944
24984
24568
57352
58488
56808
58184
24568
23592
23368
57752
56848
57056
56744
56464
23080
23232
23832
58864
56296
55664
22408
22840
55568
55136
23384
24392
55632
22416
22840
55632
55200
22552
22840
55504
55128
22712
22832
55352
22424
22832
55608
55208
22552
22840
55496
55136
22696
22872
55320
22408
22848
55568
55144
22632
22816
55496
55136
22712
22832
55328
22408
22856
55560
55128
22616
22832
24152
55624
55144
22624
22832
55416
55128
23464
24280
55640
55200
22560
22848
55488
55112
22696
22840
55352
22416
22840
55568
55208
22560
22848
55424
55136
22776
22832
55280
22488
22848
55496
55112
22712
23136
55344
22416
22832
55768
55208
22568
29024
23424
24488
55488
55192
22704
22832
55288
22480
22848
55552
55136
22632
22848
55424
55136
22768
22840
55208
22560
22832
55496
55112
22696
22832
55280
22480
22848
55560
55136
22624
22832
55552
55136
22624
23296
55416
55144
22776
22840
55280
22480
26832
25144
55680
55208
22568
22840
55472
55112
22712
22832
55296
22480
55632
22360
22832
55640
55216
22560
22832
55496
55128
22696
22864
55352
22416
22840
55568
55136
22624
22840
55424
55136
22768
22840
55272
22480
22840
55568
55128
22624
22840
59424
56088
56640
23704
24056
23080
56176
56088
56176
23472
24064
23512
56112
56544
55952
23256
23632
23624
23472
56104
55872
55960
23152
23760
23400
23368
56184
56048
23056
23360
23368
23280
55896
56264
23032
24184
23176
27624
56472
55960
55648
23520
23688
23120
55968
56752
56016
22896
23216
23584
56536
55800
56032
23192
23440
23520
56184
56008
55672
22864
23056
23056
55872
55632
22704
23376
23088
23032
55808
56096
23184
23816
23832
23720
82143
56640
22760
22848
55568
55136
22776
22832
55280
22488
22832
55544
55112
22616
22840
55560
55144
22776
22840
55280
22496
22848
86336
22832
55632
23672
55640
55208
22560
22832
55488
55168
22624
22832
59880
56816
55128
22744
22840
55280
22488
22832
55488
55120
22712
22840
55352
22408
22832
55632
55208
22552
22848
55496
55128
22712
22840
55328
22408
22848
55560
55136
22624
23360
23248
56704
55616
22408
22840
55632
55208
22552
22832
55504
55128
22688
24776
24192
55640
55216
22552
22840
55504
55128
22944
22840
55328
22408
22848
55568
55152
22616
22840
55424
55200
22704
22832
55280
22480
22864
55568
55152
22616
22832
55416
55168
22776
55640
55208
22544
23144
55496
55136
22696
22840
55280
22464
22856
24144
56912
55648
22568
22832
55544
55120
22624
22832
55568
55136
22760
22832
55272
22488
22840
55488
55128
22712
22840
55352
22424
22832
55632
55208
22552
22840
55504
55136
22712
22864
55352
22416
22840
55616
55176
22552
22840
55608
55128
22688
22832
89082
23496
77190
57048
1538833
59608
56576
55976
56520
56072
23584
23768
32896
23432
24136
56288
57312
57344
57440
22976
23448
23560
24520
55632
55144
22864
22976
55408
55184
22712
22832
55328
22408
22856
55568
55136
22632
22832
55424
55144
22776
22832
55280
22488
22848
55552
55152
22632
22832
55560
55136
22768
28304
23584
22880
55432
55152
22888
22840
55280
22480
22840
55488
55120
22712
22848
55576
22424
22856
56104
56160
22544
22840
55744
55120
22616
22832
55416
55136
22776
22832
55200
22560
22816
55496
55112
22704
22840
55336
55208
22768
22848
55280
22448
23872
24024
24512
56824
56560
56416
56376
24272
23448
23376
23248
56712
55128
22640
22832
55464
55128
22704
22840
55344
22408
22840
55568
55184
22568
22856
55496
55112
22704
22832
55344
22408
22840
55640
55216
22560
22832
55496
55128
22704
91655
24648
24184
23768
23696
23568
56232
56408
56400
23480
23592
23448
56616
57336
55920
23192
22952
23112
30384
23192
22848
55272
22488
22856
55560
55136
22624
22848
55408
55136
22776
22832
55280
22480
22856
55560
56696
55680
55208
22704
22856
55352
22408
23320
23504
57224
55688
56064
23584
24232
22840
55560
55152
22632
22840
56088
56344
56328
56912
24016
23112
23384
24760
57392
56800
56056
57288
24856
23392
25352
24520
23584
60184
57080
56528
56160
23264
23928
23328
23392
56112
56152
56424
23040
23896
23880
23544
23616
56368
57840
56592
56736
56824
56592
23688
23456
24056
23824
24088
56960
56216
56712
56272
23264
24568
24344
23600
25560
24536
56584
56336
56376
56000
22840
24216
24464
56664
57720
56864
56080
25280
24816
25168
24680
23856
23288
56584
55976
55992
23480
23768
23904
23680
24448
56936
56112
56272
56384
56696
58168
23544
23576
23848
23376
24264
56520
