361760
359840
359712
359384
393000
522581
1226948
359968
396896
380464
402424
373592
399416
410112
403288
364832
393016
401456
359344
359904
360080
359896
360216
414431
356256
355624
388160
355320
363904
355968
355416
388344
355608
355512
395664
355712
388352
356808
442392
391248
404048
404784
404136
360408
439824
360008
360264
359040
361008
398576
356112
355824
355424
357208
403200
395088
364784
359136
391192
361472
357920
359680
359400
358432
357936
395696
360560
363048
412400
382120
395864
359384
359280
359392
370504
392576
393168
360152
360560
363856
391896
359600
358432
357208
395936
359920
358680
360376
392688
396280
358800
391448
392520
358992
366776
358528
360528
361824
364000
363464
363240
365200
362040
359248
362952
359440
392488
512456
359520
358472
391656
357552
358536
373816
359760
360464
390280
357272
360288
396048
357688
361160
360768
362080
360456
363320
362736
361424
360808
356352
361880
361376
365840
362624
362776
361056
360152
360768
373128
361464
361496
362224
359080
355168
393648
357016
355072
355072
355072
394232
359128
369024
370576
370352
370480
369688
359520
376480
358016
389136
355416
387848
355080
387864
361224
359128
355864
387880
359616
362440
364864
363312
369616
355864
355224
355072
355080
360584
387912
355072
387864
355080
387880
355072
394952
355224
355072
355064
355072
355072
358976
387968
355072
387864
355072
387864
355120
394208
355512
355080
355064
355080
355080
355080
392336
355320
387872
355072
387872
355064
387864
362168
355720
355072
355080
419128
387976
355072
394256
355080
387872
355080
387864
355080
392104
391496
355280
387872
355176
387872
355080
392824
355416
355072
355072
355080
355080
355080
416800
388200
355072
387872
355064
387880
355080
401976
355216
355064
355080
355072
355072
355424
355320
387896
355224
388016
355224
388016
418848
355904
355072
355080
355072
355080
355080
414904
387912
355072
387864
355072
387888
355064
412568
388128
355120
387888
355072
387864
367064
355216
355072
355080
355072
355080
355064
360976
388544
355072
355080
355080
355072
355072
365008
356208
355064
355072
355080
355072
355080
365624
388096
355072
387840
355080
387872
355840
357552
388000
355080
387872
355080
387864
408160
355816
387864
355072
387864
355080
387864
411929
356256
355120
355064
355176
355072
355072
390616
355176
355072
387872
355080
387864
374776
355072
355064
355072
355072
355072
387864
372192
355520
355064
355072
355080
355064
355080
362256
355424
355064
355072
355072
355128
355072
358080
355120
355072
355072
355064
355072
396192
356104
355072
355080
355080
355080
355064
404512
355664
355072
355072
355072
355032
355080
413240
355272
355064
355080
355080
355080
355840
356376
387872
355064
388040
355232
387872
417208
361240
358608
355216
387888
355072
387872
374512
355536
387888
355080
387944
355072
355080
357784
355080
387872
355072
387864
355080
394080
355952
355056
355080
355080
355080
355072
394736
355520
387864
355064
409264
387864
355072
395944
355560
355072
355072
355080
355072
355072
441136
357584
355120
355072
355072
355080
448145
367552
367784
367648
367640
400752
485040
356120
355072
387872
355072
387864
361128
357600
417248
401712
418328
366080
415920
422592
369920
378712
421968
402648
421224
419520
367784
364448
401120
401352
401024
434904
367632
367976
400840
400544
401240
406672
368000
367992
367880
367712
367696
430824
356056
355080
355080
356952
397000
396840
413224
405024
404824
404264
361008
402520
526855
406456
413456
412960
413640
406488
378576
372656
381704
413584
413440
408424
377832
371864
381008
413928
413952
413336
375504
373664
359760
357880
387904
373104
355760
355072
355080
355080
355072
355080
438064
355616
387864
355072
387872
355080
519480
360912
355960
355072
355072
355072
355072
472760
355512
355072
355072
355048
355072
455857
355912
387840
355048
387864
355080
387872
368576
355520
387880
355080
387880
355080
486520
357904
355216
355072
355072
355064
355072
449944
355520
355072
355072
355072
355072
474904
358120
355080
387872
355072
387864
355080
484344
355768
355072
355080
355072
355120
355080
357392
355176
355072
355072
355072
355064
538664
361752
355912
387872
355072
387888
442272
355960
387880
355080
387864
355064
387872
440880
355344
355072
355120
355072
355080
481440
358128
355328
355072
355080
355016
355072
396952
355752
387872
355080
387872
355072
387864
506632
355856
387864
355080
387880
355072
480952
355424
355072
355080
355072
355080
355080
553632
355768
355080
355080
355072
355080
443336
388072
355072
387864
355072
387864
355024
486080
355512
355080
355072
355040
355072
445992
356016
387864
355072
387872
355128
387864
440904
355672
387872
355072
387864
355080
469032
356256
356104
355072
355080
355064
355080
427672
355256
355072
355080
355080
355080
416800
355664
355080
355072
355072
355080
355064
462495
356008
355064
355072
355072
355072
355072
510520
524320
464408
355072
387864
355072
455712
355080
387872
355064
387864
355080
608497
541471
362200
359240
388168
427248
464496
360848
355176
355072
355072
390936
357880
355072
355072
355072
355080
355072
444728
355520
387848
355064
387912
355080
387864
579712
355480
387872
355072
387880
355040
526337
356256
355232
355072
356136
355080
362864
387888
355072
387872
355072
387864
355072
395720
355120
387872
355072
387864
355064
387864
357272
355072
355120
355080
355080
355072
355072
360928
355072
355072
355072
355080
355080
357288
355072
355072
355072
355072
355072
355072
390080
355072
387824
355072
387880
355072
355080
403504
388848
355160
387960
355072
387872
355072
471512
355272
355224
355080
355080
355080
497071
394648
355816
355080
355072
355056
355072
436144
388352
355080
387872
362456
357680
471208
405464
403512
404176
364624
363432
503504
356160
355080
355072
355072
355064
355072
502848
355224
355072
355072
355080
355080
443352
355936
355064
355080
355080
355072
355080
435400
355368
355080
355080
355072
355072
496400
357192
355128
355072
355072
355080
355072
468088
355664
355064
355072
355072
355072
431720
388600
355064
355080
355072
355072
355072
489041
355760
355080
355064
355072
355080
476904
357792
355088
355072
355824
356160
355080
366560
356016
387864
355072
387872
355080
522040
364144
388584
355080
355080
355080
355080
482600
355568
387864
355072
387864
355040
476840
390968
355168
387864
355080
387848
355072
478560
388456
355072
387864
355072
387896
355080
357352
355120
355120
355064
355072
355072
448904
356104
355080
355072
355072
355080
355072
443992
355216
355072
355168
355064
355080
497576
356048
355072
355072
355072
355072
355080
480792
355472
355072
355080
355072
355072
360976
357000
355080
355064
355072
355072
355072
613703
357272
355072
355072
355072
355080
370200
367152
366424
366576
399744
399424
406752
399800
366592
363392
355912
355072
355072
393296
417088
403216
417648
412048
404464
425600
374512
373288
422168
397064
415536
414592
407688
395880
399656
399824
366920
370776
367200
367096
367184
399832
399768
399736
369784
367112
366752
366840
359368
388560
362696
355912
355080
355072
355080
364080
360976
405800
