39184
2392
2336
2288
2384
2280
2352
2416
2272
2248
2240
2240
2288
2256
2528
2288
2192
2200
78576
2184
2184
2200
2200
2184
2200
34984
2192
2192
2192
2192
2200
2192
2192
2200
2200
2192
2184
2200
2200
34992
34992
2192
2192
2184
2192
2200
2192
2184
2248
2200
2192
35008
2192
2184
2184
2200
2184
2200
2200
2192
2192
2192
2200
2192
2184
2192
2200
2192
2192
2192
2192
2192
2192
2200
2192
2184
2184
2192
2192
2184
2320
2256
2240
2240
2248
2248
35160
2240
2200
2200
2192
2192
2192
2200
2200
35008
2192
2200
2192
2192
2192
2192
2200
2200
2200
2200
2184
2200
2192
2192
2256
2264
35352
2240
2664
2256
2232
2256
2288
35424
35400
2320
2232
2224
2232
2224
2240
2240
2240
2264
2232
2224
2240
2280
2256
2280
2256
2232
35392
2248
84136
2248
2304
2264
2216
2240
2280
2264
2280
2256
2240
2216
2224
35392
2216
2256
2224
2248
2240
2240
2256
2248
2248
2256
2264
2216
2224
2224
2288
2232
2256
2240
2232
2216
2264
2248
2232
2232
2248
2288
35376
2248
2240
2256
2256
2256
2240
2256
2240
2232
2280
2600
2224
2272
2256
2256
2296
2240
2368
2272
2240
2256
2232
2224
2240
2216
2296
2240
2240
2264
2240
2280
2256
2240
2216
2232
2240
2264
2240
2240
2224
2248
2248
2288
2288
2248
2232
2272
35384
2256
2264
2240
2232
2232
2376
2256
35376
2232
2240
2248
2256
2256
2224
2248
2216
2248
2256
2280
2232
2240
2256
2256
2264
2216
2232
2288
2248
2256
2264
2256
2256
2232
2288
2256
2256
2288
2256
2256
35440
2224
2240
2264
2232
2304
2240
2232
2240
2280
2240
2272
2232
35416
2224
2264
2280
2272
2224
2240
2280
35424
2240
2272
2248
2272
2272
2248
2240
35416
2208
2664
2232
2280
2256
2256
2224
35352
2232
2256
2256
2264
2232
2240
2224
35360
2256
2248
2320
2696
2256
2248
2208
35416
2224
2264
2216
2264
2272
2216
2424
2280
2240
2256
2224
2232
2288
2264
2248
35440
2216
2248
2256
2264
2224
2256
2224
2264
2360
2248
2232
2240
35408
2240
2272
2240
2248
2216
2256
2280
2232
2248
2232
2640
2288
2232
2256
2256
35392
2280
2248
2248
2304
2272
2240
2280
2224
2240
2248
2256
2248
2232
2240
2224
2288
2264
2240
2224
2240
2240
2656
2240
2224
2256
2240
2224
2264
2280
2216
2272
2264
2272
2248
2248
2264
2256
2240
2264
2256
2280
2224
2224
2240
2224
2280
2280
2248
2264
2256
2272
2248
2256
2256
2256
2280
2224
2256
2272
2232
2264
2272
2256
2280
2304
2256
2280
2232
2248
2208
2264
2240
2232
2320
35392
2264
2264
2248
2280
2240
2248
2280
2240
2272
2256
2240
2224
2256
2248
2240
2224
2272
2240
2216
2216
2272
2224
2232
2256
2288
2240
2256
2248
2248
2232
2224
2280
2272
2224
2224
2288
2256
2248
2312
2256
2280
2224
2232
2264
2264
2248
2256
2272
2256
2232
2264
2232
2240
2240
2240
35392
2296
2400
2224
2264
2304
2280
2240
2248
2288
2240
2232
2272
2224
2256
2240
2240
2232
2272
35416
2256
2256
2240
2224
2272
2232
2256
2256
2248
2256
2248
2256
2256
2240
2264
2312
2248
2248
2232
2248
2288
2272
2272
2264
2216
2240
2248
2216
35416
2256
2232
2256
2232
2248
2264
2256
2248
2256
2248
2256
35384
2272
2320
2224
2248
2232
3200
2208
2200
2200
2192
2200
2208
2208
2184
2200
2192
2200
2200
2192
2208
2200
34984
2192
2200
2192
2192
2192
2200
2208
2192
2192
2200
2192
2192
2184
2200
2208
2208
2192
2192
2192
2200
2192
2192
2192
2192
2200
2184
2200
2208
2192
2240
2256
2240
2280
2224
2192
2192
2200
2200
2208
2200
2192
35160
2192
2200
2208
2200
2184
2200
2192
2192
2192
2208
2208
2192
2192
2200
2192
2208
2200
2208
2208
2192
35000
2200
2192
2208
2200
2200
2208
2192
2192
2200
2200
2192
2208
2200
2200
2192
2208
35152
2192
2208
2192
2200
2184
2200
2192
2192
2200
2208
2200
2192
2192
2208
2192
2192
2200
2200
35056
2192
2192
2200
2192
2192
2200
2192
2200
2192
2200
2200
2200
2192
2208
2200
2440
2184
2192
2192
2192
2200
2184
2208
2192
2200
2192
2192
2200
2200
2192
2200
2192
2200
2192
2192
2208
2208
2192
2192
2192
2200
2200
2240
2248
2192
2208
2192
2200
2192
2200
2200
2200
34992
2208
2192
2200
2192
2200
2192
2200
2200
2192
2200
2192
2208
2192
2200
2208
2208
2184
2200
2200
2200
2192
2192
2208
2192
2200
2200
2192
2200
2208
2184
2192
2200
2200
2184
2208
2192
2200
2200
2200
2208
2208
2200
2200
2200
2200
2200
2192
2192
2200
2208
2200
2200
2192
2192
2184
2192
2208
2200
34984
2200
2200
2208
2200
2200
2200
2192
2192
2192
2200
2200
2200
2192
2208
2192
2200
2200
2200
2192
2200
35000
2200
2200
2208
2200
2200
2192
2192
2416
2192
2192
2200
2192
2192
2200
2208
2208
2192
2208
2200
2208
35168
2200
2200
2192
2200
2192
2192
2192
2192
2200
2208
2192
2208
2192
2200
2208
6776
2232
2184
2200
2184
2200
2192
2192
2200
2200
2192
2200
2184
2208
2200
2208
34992
2200
2208
2192
2200
2200
2200
2192
2200
2192
2200
2192
2200
2192
2200
2192
2208
2184
2192
2192
2208
2192
2192
2192
2192
2208
2184
2200
2192
2208
2184
2192
2200
2200
2200
2192
2200
2200
2200
2192
2208
2200
2192
2192
2192
2208
2192
2200
2200
2192
2200
2184
2192
2192
2200
2208
2208
2200
2200
2200
2192
2208
2208
2192
2184
2208
2200
2192
2200
2208
2192
2208
2192
2200
2200
2192
34992
2192
2200
2208
2208
2200
2192
2200
2192
2192
2208
2200
2200
2184
2192
2208
2208
2200
2208
2200
2200
2192
2192
2200
2200
2200
2192
2200
2208
2200
2184
2192
2192
2208
2200
2192
2208
2296
2280
2184
2200
2192
2200
2200
2192
2192
2200
2200
2200
35000
2192
2192
2200
2192
2200
2200
2192
2192
2184
2192
