33240
55856
22616
22576
22544
55752
22592
22672
22600
55744
22592
22560
55768
55720
22664
22584
22680
56048
55832
22672
22616
55752
55696
22648
22608
55784
55744
22560
22584
55704
55736
22520
22584
55616
55800
22608
22608
55776
55696
22592
22576
55656
22640
22584
55768
55760
22536
22608
55720
55760
22560
22656
55184
22344
55128
55144
22336
55128
55136
22336
55128
22336
22344
55144
22344
22336
55136
22352
22336
55136
22336
55144
55136
22344
55192
22336
55136
22336
22344
55136
22344
22344
55136
22344
22336
55136
22336
22344
55136
22344
22352
55136
22336
55128
55136
22336
59472
22344
55136
22344
22336
55136
22336
22344
55128
55224
22264
22320
55104
22240
22320
55120
22240
55112
55040
22240
55112
55040
22240
55112
22240
22320
55112
22240
22320
55112
22240
22320
60968
56232
22240
22320
55112
22240
22320
55112
22248
22320
55112
22240
55112
55048
22240
55120
55048
22256
55120
55064
22256
55112
22248
22320
55112
22240
22320
55120
22240
22320
55120
22240
22320
55112
22240
22320
55112
22240
22320
55048
22240
55112
55040
22248
55112
55040
22248
58936
56360
22392
22344
55112
22248
22320
55112
55056
22240
55112
22240
22320
55080
22248
22320
55112
22240
22320
55112
22240
22320
55120
22240
22320
55112
22240
55112
55048
22240
55120
55040
22240
55112
22248
22320
55112
22240
22320
55120
22240
22320
55112
22240
22320
55344
22240
22848
23024
55184
22248
22320
55112
22240
22320
55112
22240
22320
55112
22240
22320
55120
22240
22320
55112
22248
22320
55104
22240
55120
55048
22240
55112
55040
22240
55112
22248
22320
55112
22248
22320
55112
22240
22320
55112
22240
22320
55112
22240
55112
55048
22480
55120
59504
22616
22664
22720
55680
55752
22528
22600
22872
55832
55608
23016
22584
55648
55688
22480
22576
55720
56232
22552
22536
22560
55648
22400
22600
55648
55624
22552
22544
55808
55648
22456
23016
56056
55640
22424
22520
22552
55664
22544
27824
23520
55096
55040
22240
55112
55040
22240
55280
22416
22424
55112
22248
22320
55112
22240
22320
55112
22240
22320
55120
22240
22320
55112
22952
22536
55120
22480
22712
55472
22240
22320
55280
22256
22320
55112
22240
22320
55120
22240
22320
55112
22240
55120
55216
22608
120280
23072
22392
55112
55040
22240
55112
22240
22320
55120
22240
22320
55120
22256
22320
55120
22704
22320
55112
22240
22320
55112
22688
22824
55120
22240
22320
55120
22240
22320
55112
22256
22320
55120
22248
55112
55224
22240
55112
55032
22240
55120
22248
22320
55104
22240
26752
23792
55192
22248
22320
55120
22240
22320
55112
22240
22320
55096
22240
55112
55032
22240
55120
22248
22320
55112
22240
22320
55112
22240
22576
55112
22240
22320
55120
22240
22320
55112
22240
22320
55112
22240
55112
55032
22240
55112
55048
22248
55112
22240
22320
55064
22240
22672
23624
55128
22240
22320
55128
22240
22320
55112
22240
22320
55112
22248
22320
55104
22240
22320
55104
22240
55104
55040
22240
55112
55096
22240
55112
22240
22320
55120
22248
22320
55120
22248
22320
55112
22240
22320
55112
22240
55112
55040
22248
55112
55056
22240
55288
22248
22848
22448
55528
55584
22552
22632
22512
55712
56064
22712
22472
55192
55136
22240
22320
55112
22248
55120
55040
22248
55112
55040
22248
55112
22240
22320
55112
22240
22320
55112
22240
22320
55112
22248
22320
55104
22248
22320
55112
22240
55112
55048
22240
55112
62936
57192
22320
22320
55112
22240
22320
55120
22248
55120
55040
22240
55112
55040
22240
55120
55040
22240
55112
55048
22240
55112
22248
22320
55120
22240
22320
55112
22240
22320
55112
22240
22320
55120
22240
22312
55120
22240
55112
55048
22240
55112
55048
22240
55120
22240
22320
59440
22440
22320
22320
55120
22248
55120
55048
22248
55112
55048
22240
55120
22248
22320
55112
22240
22320
55120
22240
22320
55120
22248
22320
55112
22240
22320
55112
22248
55120
55048
22240
55112
55056
22240
55112
55040
22240
55112
22480
22320
61792
55960
57064
23728
22320
55120
22240
22320
55112
22240
22320
55104
22256
22320
55120
22240
22320
55120
22240
22320
55112
22240
22320
55120
22240
55280
55112
22248
55112
55056
22240
55112
55048
22248
55112
22248
22320
55112
22240
22320
55112
22248
22320
55288
22240
22320
59552
55952
23496
22320
55120
55040
22248
55112
22240
22320
55112
22240
22320
55112
22240
22320
55112
22248
22320
55104
22240
22320
55112
22240
22320
55040
22240
55120
55040
22240
55120
55040
22240
55112
22240
22320
55120
22240
22320
55112
22248
22320
55120
22240
22320
55112
26136
22968
23616
55088
55048
22240
55112
22240
22320
55112
22240
22320
55112
22248
22320
55112
22240
22320
55112
22240
55120
55112
22240
22320
55112
22240
55112
55040
22240
55104
55040
22248
55112
22240
22320
55120
22240
22320
55112
22240
22320
55112
22240
22320
55112
22240
55120
55784
56768
22312
22320
55112
22240
22320
55112
22248
55104
55040
22240
55112
55048
22240
55112
22240
22320
55112
22240
22320
55112
22240
22320
55120
22240
22320
55112
22240
22320
55120
22248
55120
55040
22240
55112
55032
22248
55112
22240
22320
55104
22240
22320
55120
22240
26168
23520
55112
22240
22320
55112
22248
22320
55112
22240
55112
55048
22248
55120
55048
22240
55112
22248
22320
55104
22248
22320
55120
22240
22320
55112
22240
22320
55112
22240
22320
55120
22240
55112
55056
22240
55112
55056
22248
55112
22240
22320
55112
22240
22320
55112
22248
25960
23968
55136
22248
22320
55112
22240
22320
55112
22240
55112
55048
22240
55112
55040
22240
55112
22240
22320
55112
22248
22320
55112
22240
22320
55120
22248
22320
55112
22240
55112
55040
22256
55120
55040
22240
55104
22248
22320
55112
22240
22320
55112
22240
22320
55112
22248
23104
55960
55136
22240
55120
55048
22240
55112
55040
22240
55112
22240
22320
55112
22240
22320
55112
22248
22320
55112
22264
22320
55112
22240
22320
55112
22240
22320
55112
22240
55112
55040
22240
55104
55040
22240
55120
22240
22320
55112
22240
22320
55120
22240
22320
55120
22240
22864
55256
55048
22240
55120
55056
22248
55112
22240
22320
55120
22248
22320
55104
22240
22320
55120
22240
22320
55120
22248
22320
55120
22240
55112
55056
22240
55112
55040
22248
55112
22240
22320
55120
22240
22320
55112
22248
22320
55112
22240
22320
55032
22240
55112
55040
22240
59048
