3877504
3805624
3909144
4555224
3666720
3634008
3678328
3706768
3639480
3736619
3667760
3672976
3666216
3635616
3648128
4318485
3804736
4015923
3811136
3805240
3839856
3839056
3812184
3727197
3667384
3674208
3666928
3675664
3693920
3697488
3765888
3677360
3677840
3672888
3689224
3794392
3801015
3636504
3633952
3638464
3633272
3678744
3833969
3770456
3686168
3673976
3672072
3637872
3692880
3672920
3714712
3677776
3634248
3730467
3697344
3722408
3770842
3699976
3672240
3675288
3668712
3668024
3668840
3671088
3687208
3678856
3642488
3712952
4131696
4044712
3696104
3709492
3863648
3735304
4403432
4010224
5409111
3780552
3773072
3696152
3781000
3685339
3800416
3802728
3702672
3689621
3725184
3698968
3709319
3794592
3846672
3728705
3740571
3709512
3691597
3757971
3773328
3783854
3739928
3708408
3755384
3719152
3769466
3638312
3654992
3686736
3710886
3701184
3720188
3677488
3709224
3682800
3676744
3667024
3633736
3710102
3643424
3706696
3651840
3637568
3641872
3681184
3681294
3746184
3753152
3859520
3825511
3657616
3765403
3752944
3754557
3882544
3773712
3949411
3800976
3802848
3801408
3797517
3814616
3772280
3894656
3704192
3647776
3635600
3682488
3838160
3743144
3713504
3693456
3701040
3735669
3715883
4381320
3855216
3712440
3636072
3643112
3635720
3708693
3670344
3673368
3683904
3635088
3688926
3634760
3645336
3745093
3703464
3748816
3683947
3671056
3674864
3634632
3640720
3645016
3692640
3672296
3670776
3669880
3687232
3647136
3645960
3639032
3639752
3639016
3633568
3639624
3696952
3720797
3764721
3837304
3834352
3873688
3992032
3981496
3806648
3864615
3893368
3673856
3675048
3688520
3701616
3673768
3668072
3678424
3669200
3634808
3642296
3697291
3712129
3744744
3706705
4070320
3706024
3760064
6570024
4198104
3639384
3641824
4239424
4071288
6373160
3866568
4561824
4659952
3760840
3688528
8412912
3810488
3762352
3853288
3788412
3718288
3701296
3779120
3656572
3751120
4218384
3788288
3727424
3661224
3727144
3708704
3836056
3720312
3710856
3797992
3710888
3874528
3883924
3793356
3688696
3687568
3684848
5934472
3714752
3658656
10853052
3716592
3737216
3633016
3634800
3646724
3723072
3643016
3654496
3694672
3691872
3782552
3762068
3635840
3642568
3693128
3713816
3631680
4117484
3715440
3641952
3822200
3777428
3841872
3665712
3636096
3687044
3695656
3705944
3701880
3758256
3694080
3901924
3694600
3631936
3844208
3669032
3702648
3632008
3631392
3685476
3692600
3713040
6911112
3870476
3930596
3715536
3636672
3641296
3640008
5867368
3634744
3752536
3666704
3710408
3660224
3721120
4967448
3849104
3644640
3710840
3654272
3707864
6980912
3641840
3635608
3867016
3761808
3683968
3858664
3690352
3671232
3842352
3668384
3965464
3636504
3648200
3782680
3695072
3637904
3631432
3702912
3690376
3692632
3831744
3632640
3690872
3678112
3669224
3757488
3710528
3734880
3675080
3716432
3682608
3670416
3734688
3632408
3632576
3637200
3803808
3641472
3700104
3687240
3631584
3669904
4523440
3668720
3672544
3633968
3639096
3696336
6147376
3874656
3631936
3635720
3822368
3706200
3673152
3636560
3639256
3806183
3713553
3679592
3689856
3775456
3746112
3711072
4030712
4051848
3699208
3636144
3707120
3754736
3740136
3669816
3690496
3686944
3680583
3904561
3672944
3825816
3635640
3691951
3697281
3709887
3647152
3637568
3651152
3696440
3660848
3702024
3639376
3843736
3638672
3638488
3793008
3651312
3720224
3647904
3885664
3991192
4170953
3931552
3869104
3717896
3689568
3876599
3813848
3692640
3710984
3677192
3667792
3680784
3701312
3694192
3765984
3636968
3653369
3639928
3631672
3634216
3669096
3788696
3880712
3631576
3672760
3689208
3652088
3645288
3659080
3762536
3705088
4151967
4136280
3998576
3688264
3692968
3634560
3638856
3740681
3639496
3634528
3671816
3664768
3635872
3631608
3633640
3747760
3708880
3636456
3677952
3718568
3631520
3677287
3685944
3687808
3696912
3682688
3678896
3672288
3669072
3780312
3694197
3868315
3696368
3651728
11979377
6795311
3801024
3704752
3781904
4134337
3783968
4002647
3791928
3640624
3793680
3707297
3791200
3698936
3656912
3740072
3714080
3698875
3702048
3683192
3851744
3848469
3691584
3665968
3672088
3631496
3631536
3638928
3661096
3641360
3631504
3650648
3640400
3631448
3631616
3703524
3648640
3700416
3658660
3718028
3639336
3636888
3851367
3723221
3689128
3631648
3703452
3733196
3632040
3643192
3738216
3641192
3810584
3748823
3925809
4032528
3955760
7574032
3671472
3678816
3650256
3635648
3950864
4103704
3779352
3721472
3641608
3635376
3637592
3641584
3646904
3775488
3683584
3744568
3670936
3680472
3672792
3698744
3638232
3642880
3640120
3793552
3697481
3738032
3700680
3648416
3644832
3637336
3645824
3637344
3636800
3649528
3702112
4408608
3706800
3851880
3664456
3631448
3695152
3669624
3667072
3631448
3636768
3637400
3672584
3770400
3636384
3664552
3666792
3703704
3683256
3634352
3634168
3726184
3638344
3654264
4671560
3707408
3636400
5867696
4170080
3756392
3682720
3667576
3718616
3641144
3700208
4618056
3631984
3671592
3664168
3695916
3668368
3766252
3663824
3793112
3645960
3981040
3703792
3705696
3631504
3699464
3640432
3639496
3666872
3667112
3722392
4025896
3684208
3860000
3676640
3664632
3679648
3645904
3634400
3708100
3724612
3639896
3634632
3744144
3711984
3633696
3636464
3800504
3642376
3639688
3667000
3681448
3700808
3643296
3641376
3702752
3708432
3676784
3641056
3718224
3807240
3756368
3664856
3636600
3644024
4749040
6039240
3695104
3834360
3668008
3696640
3730208
3639800
3694768
3777423
3728345
4133183
4021729
3757879
3693904
3637312
3636656
3650120
3635264
3642808
3634456
3696416
3867272
3637728
5110176
3718464
3634840
3634032
3637392
3743415
3733929
3641256
3637184
4070632
3850032
3640480
3636200
3648936
3682280
3693311
4033248
3791665
3673968
3692056
3668288
3687504
3635168
3842560
3852808
4018336
3916136
4881447
3888976
3680808
3641520
3635016
3633672
3705368
3708440
3683344
3676825
3730015
3749937
3689464
3729456
3765552
3682768
3645040
3643104
3646840
3720183
3700344
3809296
3738297
3779072
3648632
3685112
3677992
3671040
3710800
3785120
3653000
3639176
3894751
3686240
3674248
3744609
3678416
3672112
3684544
3675928
3676472
3690600
3693239
3672880
3667424
3750248
3671065
3673688
3631456
3707664
3720584
3668616
3757904
3793087
3800953
3974967
3719769
3728800
3671592
3685352
3714488
3831624
4047168
8203503
3845768
3734648
3807648
3767800
3675649
4018904
3750544
3780744
3707719
3846336
3659504
3778881
3762624
3721056
3776344
3710216
3862656
3638680
3714528
3813800
3722880
3790032
3638008
3892416
3632896
3640592
3700448
3675264
3668240
3632096
3872016
3745192
3811184
3707856
3673696
3638576
3633784
3652784
3668832
3666368
3767936
3673760
4854560
3856928
3704944
3691712
3685784
3779936
3967320
4283120
4048584
3943008
4393480
6919040
3714400
3708296
3750296
3709792
3710623
3639288
3819120
3675240
3687632
3672080
3666912
3675680
3667280
3638360
3684560
3702536
3640800
3646176
3635016
3679536
3698600
3647032
3639848
3634160
3642216
3636680
3639256
3642256
3638784
3690592
3666296
3636728
3636488
3635512
3642584
3694360
3672704
3675904
3674088
3672080
3673384
3671784
3773064
3761728
3646408
3633288
3634328
3645248
3648320
3744211
3644800
3689360
3678488
3894120
3647904
3634592
3691893
3697552
3770175
3706992
3674336
3767944
3635800
3663768
3961361
3979784
3822472
3801656
3800992
3802144
3826712
3688152
3769091
3667208
3831384
3671616
3675128
3790533
3687112
3700248
3637544
3639264
3793768
3742383
3689904
3642048
3716280
3634192
3665952
3672984
3697840
3657234
3737896
3805144
3872904
3750312
3850184
3918904
3861360
3770672
3884280
3747136
3761208
3730232
3793864
3858584
3784104
3877144
3779638
3641256
3636000
3637136
3695929
3801487
3956592
3801040
3804280
3800608
3803352
3825880
3744498
3686920
3636776
3752064
3759440
3802680
3726240
3776536
3997754
3658640
3717029
3635344
3751408
3705200
3714904
3834704
3706072
3784680
3733377
3775400
3761216
3937672
3918080
3656816
3856008
3934360
3862548
3779646
3679728
3672528
3672784
3633912
3637376
3660358
3800400
3875784
3667968
3659376
3849440
3731192
3912544
3797698
3696632
3991592
4084066
3813360
