1520
256
232
224
192
192
192
200
200
200
200
208
192
192
200
208
192
192
248
232
216
240
240
248
248
264
248
240
256
248
232
240
224
240
232
240
224
256
232
232
240
232
224
216
256
216
200
208
200
200
208
192
192
200
192
200
192
192
200
192
192
200
192
192
192
200
200
192
208
200
200
200
200
256
192
192
192
200
200
280
224
208
200
200
200
192
208
192
200
200
208
192
200
200
248
216
200
200
200
200
192
192
264
192
224
216
256
192
200
208
192
208
200
192
192
200
200
200
200
200
192
192
192
216
208
264
232
240
224
224
224
248
200
200
200
200
200
200
192
232
264
288
224
264
248
240
232
232
280
224
216
224
232
248
224
256
256
232
224
232
216
216
272
240
208
200
200
200
208
208
32984
200
208
192
208
33000
208
208
200
208
200
192
280
216
224
216
232
240
216
216
224
224
232
240
216
248
280
264
240
224
216
232
224
232
224
240
248
240
248
240
232
224
224
224
248
264
208
224
240
232
216
224
224
232
232
240
232
232
248
248
232
256
232
216
640
216
232
256
232
208
232
232
240
216
232
288
224
248
224
224
232
248
248
216
248
224
232
33176
224
248
232
240
248
240
232
232
232
248
232
232
232
232
248
232
224
232
232
232
216
240
216
240
216
224
232
224
248
240
256
208
224
216
232
240
240
232
216
216
224
216
224
232
240
224
240
232
232
216
224
232
240
232
208
224
224
216
232
224
224
216
232
216
240
272
216
240
232
240
232
224
224
208
240
232
224
224
248
248
224
216
248
240
240
232
232
256
256
232
232
232
232
208
240
224
232
240
216
224
240
240
232
224
224
224
240
256
248
232
224
232
232
248
224
216
224
232
240
232
232
224
240
232
232
248
216
240
240
232
33680
232
248
240
240
224
248
232
240
256
256
232
232
240
232
232
224
240
232
216
232
256
216
216
33696
232
248
216
240
232
232
224
224
240
224
248
232
232
232
216
224
240
224
240
224
224
232
216
224
224
240
216
224
232
248
184
200
224
264
240
232
240
240
264
240
200
200
200
200
192
200
200
208
208
200
208
208
200
208
208
192
192
200
200
200
192
192
200
192
200
200
200
200
200
232
232
232
232
216
224
240
192
200
192
208
200
264
248
224
232
224
224
216
232
208
232
240
248
248
216
272
224
208
240
224
232
232
216
216
232
232
232
264
216
232
224
224
272
232
240
224
224
224
224
216
224
224
248
344
216
232
232
240
224
240
232
216
208
224
224
208
224
216
264
216
216
232
232
216
240
224
232
248
264
232
224
208
232
232
224
256
224
216
216
232
224
224
232
264
240
224
224
256
240
216
240
224
224
224
224
224
232
224
232
224
232
224
200
224
232
216
216
248
224
216
232
256
248
224
256
248
264
224
216
232
216
232
248
224
240
248
224
224
232
232
416
224
216
224
216
224
208
216
216
224
216
240
224
232
232
216
216
232
224
224
240
224
216
232
224
232
224
224
224
224
232
216
224
224
208
240
232
208
208
208
208
208
208
192
208
208
208
200
200
200
200
200
200
208
192
200
208
192
200
208
200
208
200
208
248
224
240
240
232
248
192
192
240
208
224
240
240
240
224
232
256
248
192
224
208
200
200
224
224
200
232
192
208
192
200
200
208
192
208
208
216
192
192
240
216
208
208
240
248
208
232
240
192
216
232
216
232
240
224
248
232
224
256
264
224
208
200
208
208
208
208
208
200
208
192
192
208
208
200
208
208
200
208
192
200
200
200
208
192
192
192
200
200
208
208
208
192
200
200
208
192
200
200
208
208
200
208
200
200
200
192
200
200
208
200
192
200
208
208
208
33040
208
200
192
208
200
192
192
192
208
192
192
208
200
200
208
200
200
192
208
192
200
200
208
208
208
200
200
208
208
192
208
208
208
192
192
208
208
200
208
208
208
200
200
200
192
200
208
200
192
208
224
232
240
224
232
240
248
240
240
240
240
256
216
256
224
296
248
240
224
232
216
232
232
232
248
256
232
240
264
256
272
240
232
304
216
216
224
216
216
224
200
200
208
192
200
192
192
200
208
200
208
208
208
200
208
192
192
192
192
208
200
33032
208
208
208
208
208
200
192
200
200
208
192
208
200
208
208
200
200
208
208
200
200
208
208
208
208
192
208
192
208
208
192
200
208
208
208
200
192
200
192
200
192
200
200
200
200
200
208
192
208
208
208
200
208
208
192
200
200
200
192
208
200
192
200
208
208
200
192
208
192
200
208
224
224
448
232
248
232
232
232
232
240
232
216
248
