71744
22672
22528
55288
22496
55288
22496
22496
22592
55288
22480
22488
55288
22488
22496
55288
22504
55280
22480
22496
55288
22488
22488
55288
22496
22488
55296
22488
55280
22480
56824
22488
22488
55288
22496
22488
55288
22504
55288
55288
22496
55296
22496
22496
55288
22488
22496
55288
22496
55272
22464
22496
59912
55328
55288
22496
55288
22496
22496
55288
22496
22496
55288
22488
55280
55296
22496
55280
22480
22488
55288
22488
22488
55296
22504
23120
56440
56296
56104
22944
22984
55744
55936
56512
57528
72168
24232
23000
55840
55832
56088
69695
55872
56448
56216
56128
22584
55280
22496
22504
55288
22496
55280
22488
22496
22632
23744
22464
55288
55088
22584
22472
55080
22344
22488
55152
22280
22776
55336
22504
23008
55512
54992
22384
55256
54992
22392
55272
54984
22384
55264
55240
22680
22472
55072
22360
22456
55120
22272
22472
55128
22272
22472
55112
22288
22472
55200
22192
22472
95263
55600
55472
22784
22704
55912
55824
55480
22728
22752
55640
55528
22592
22664
22696
55560
56016
22672
23200
22776
55616
55560
22680
22776
55632
55536
22560
23376
23440
22816
55592
55624
22768
22776
22736
56072
55416
56000
22936
23144
23304
23160
22808
55560
55864
22680
23024
22752
55600
55936
22784
22968
22872
22632
55584
55464
22704
22704
23536
55800
55488
55560
22704
22688
22696
55568
55472
22632
22672
22768
55992
71704
22888
55856
55704
22832
22808
22800
55936
56040
55560
23400
23464
22856
56104
55584
55584
22944
22736
55840
55304
22472
22592
22960
55424
55360
22720
23144
55456
55368
22880
22920
22576
55832
55416
22968
22592
55736
55552
23280
23376
22952
55456
55392
22816
22896
22928
55432
55688
22856
22904
55464
55584
22840
22888
22912
55824
55656
22504
22928
55472
55344
22488
23344
22944
55720
55656
22912
22632
57600
56176
55696
22912
22616
55488
55336
22864
22872
22488
59176
57384
22480
22472
55128
22280
22472
55120
22280
22480
55200
22208
22472
55200
22208
22472
55200
55152
22920
55288
55008
22392
55296
54992
22384
55272
54992
22392
55256
55072
22336
55264
55080
22328
22472
55072
22344
22488
55072
22312
22472
55072
22312
22472
55080
22352
22928
57096
55272
22280
22472
55192
22192
22472
55200
22208
22472
684728
23968
22472
55192
55000
22384
55192
55008
22392
55288
55008
22392
55272
55008
22392
55272
55000
22744
22744
22728
56376
58656
85512
55288
22272
22472
55120
22280
22472
55136
22280
22464
55200
22208
22464
55184
22200
22480
55192
54984
22392
55288
55008
22384
55296
55008
22392
55264
54984
22392
55272
55072
22344
22504
55072
22328
22464
55072
22336
22464
55080
22328
22464
55072
22360
22448
55816
55928
56264
22384
22464
55920
22256
22472
55152
22280
22456
55120
22280
22472
55208
22200
22464
55200
22544
22472
55200
55000
22392
55288
54992
22392
55288
54992
22376
55272
55000
22384
55288
54992
22392
55288
54984
22384
55264
55048
22328
55264
55072
22320
55264
55760
56336
22328
22496
55072
22336
22464
55120
22272
22464
55120
22280
22472
55128
22280
22456
55128
22264
22472
55192
22192
22472
55200
55000
22392
55200
55008
22392
55288
55000
22392
55264
55080
22328
55264
55072
22320
22496
55232
22352
22464
55080
22344
22472
55120
55720
23624
22472
55200
22200
22472
55200
22200
22464
55192
54984
22392
55288
54984
22384
55488
55080
22352
22496
55072
22328
22464
55080
22328
22456
55072
22312
22464
55072
22320
22472
55136
22240
22472
55152
22248
22472
55144
22256
22488
55120
22280
22464
55192
22200
26768
22480
23000
55568
55520
56744
22416
55288
55072
22328
55264
55072
22336
22472
55072
22320
22488
55072
22336
22472
55072
22344
22472
55072
22344
22488
55128
22248
22464
55144
55848
55136
22392
55288
55040
22312
55264
59704
22752
22912
56344
23464
22832
23152
55704
55504
56936
80200
55736
56056
22880
22704
56208
67710
22672
22712
56000
55784
55936
55696
22760
22624
23016
55544
55784
56776
22760
22680
22600
55920
55592
22704
22520
23008
55512
55536
22912
23272
22728
55760
56120
56008
23320
22720
22928
55744
55552
22904
23328
22856
22888
55760
56400
22848
22848
22888
23088
55632
55616
22664
22784
23080
55680
56088
56064
23696
22880
22672
56304
56328
23544
23488
23688
56608
55632
57360
24256
23440
22672
57912
57704
57768
24840
24768
24712
57608
57488
25064
24840
24824
57688
57672
24664
24728
24792
57888
57576
57552
24856
24944
25112
55608
55776
23280
23392
22776
56440
59224
55496
23208
23264
23352
55656
55680
56064
23280
22656
22784
55704
55624
55552
22984
23184
23384
55792
55648
23896
22808
23784
55504
55240
22392
56072
55560
22424
23800
22488
55120
22280
22672
55120
22272
22464
55184
22208
22472
55200
22192
23704
22464
55224
55000
22392
55288
54992
22392
55272
54992
22392
55264
55000
22392
55272
55072
22328
55248
55080
22312
22464
55080
22320
22464
55080
22336
22488
55064
22320
22464
55080
22344
22456
55144
22280
22472
55128
22272
22472
55120
22272
22464
55128
22272
22464
23280
22544
22472
55216
55000
22392
55256
54992
22392
55264
54992
22392
55264
55072
22336
22456
55080
22328
22480
55080
22336
22488
55144
22272
22464
55120
22272
22472
55128
22280
22472
55192
22200
22472
55200
22200
22472
55192
55000
22392
55288
55000
22392
55272
56240
55824
55688
22832
24160
22832
55688
55640
22720
22472
55312
54984
22392
55288
54992
22392
55272
55072
22336
56864
55904
55256
22392
22488
55080
22352
24256
55288
22192
22472
55192
22208
22472
55248
55008
22392
55288
55000
22392
55288
55072
22320
65432
56280
55888
57072
22616
22736
22704
55072
22336
22496
55144
22272
22464
55120
22272
22456
55128
22272
22464
55120
22264
22448
55200
22192
22472
55200
55008
22384
55200
55000
22392
55304
55000
22392
55264
55000
22392
55264
54984
22392
55288
55080
22352
55288
55080
23320
22472
22472
55072
22336
22488
55152
22272
22464
55120
22720
22664
22640
56720
55080
22352
22456
55080
22352
22456
55080
22360
22464
55080
22360
22464
55080
22360
22456
55080
22360
22464
55072
22352
22456
55072
22352
22456
55072
22336
22472
55080
22344
22472
62776
55704
23656
22472
55192
55000
22392
55248
55008
22392
55784
55672
22520
24376
22696
55200
22192
22464
55192
22192
22472
55200
22200
22464
55200
54992
22392
55240
54992
22384
55736
55336
22360
23120
56704
55944
