5592
2200
2200
2200
2208
2208
2200
2208
2192
2208
2200
35000
34992
2192
2200
2192
2200
2192
2192
2200
2200
2200
2208
2200
2192
2200
2208
2192
2408
2240
2256
2272
2304
2232
2264
2200
2200
2192
2200
2264
2248
2248
2232
2232
19327
2288
2224
2224
2296
2224
2240
2232
2208
2240
2240
2240
2240
2232
2272
2232
2264
2264
2288
2224
2216
2232
2296
2248
2272
2280
2336
2320
2264
2360
2336
2352
2304
2256
2240
2464
2488
2432
2464
2512
2448
35296
2448
2512
2448
2488
2440
2512
2472
2240
2344
2256
2232
2312
35208
2264
2272
2224
2240
2240
2256
2232
2232
2200
2192
2200
2192
2192
2192
2192
2200
2208
2216
2192
2192
2200
2200
2200
2192
2192
2200
2200
2192
2200
2200
2192
2192
2208
2200
2200
2200
2200
2200
2200
2200
2208
35000
2192
2208
2208
2208
2192
2200
2192
2208
2200
2208
2208
2192
2192
2208
2192
2208
2192
2208
2208
2192
2208
2208
2208
2192
2192
2208
2192
2208
34992
2192
2208
2200
2200
2200
2200
2200
2208
2200
2200
2208
2208
2192
2200
2208
2200
2192
2192
2208
2208
2208
2200
2200
2208
2192
2208
2208
2200
2208
2200
2200
2200
2296
2224
2256
2208
2208
2200
2192
2200
2200
2200
2208
2192
2192
2200
2192
2208
2208
2208
2200
2192
2208
2200
2192
34992
2208
2208
2208
2208
2192
2192
2208
2208
2200
2192
2208
2200
2192
2208
2208
2208
2200
2200
2192
2192
2208
2208
2208
2192
34984
2208
2208
2192
2192
2200
2208
2200
2192
2208
2200
2208
2200
2200
2192
2200
2208
2192
2208
2208
2200
2208
2200
2200
2200
35000
2208
2200
2208
2192
2200
2208
2208
2208
2192
2200
2200
2200
2192
2200
2208
2208
2192
2200
2200
2208
34984
2208
2200
2208
2200
2192
2208
2208
2200
2200
2208
2208
2200
2192
2208
2208
2208
2200
2200
2200
2200
2200
2208
2208
2200
35000
2200
2208
2200
2208
2200
2200
2208
2208
2240
2232
2200
2200
2192
2208
35000
2208
2200
2208
2208
2200
2208
2200
2208
2200
2200
2208
2208
2200
2200
2208
2200
2208
2200
2192
2200
2200
2208
2208
2208
34984
2200
2200
2208
35000
2192
2192
2200
2200
2192
2200
2200
2192
2208
2200
2200
2200
2200
2200
2208
2200
2200
2200
2192
2200
2192
2208
2208
2200
2200
2200
2208
2200
35000
2192
2200
2192
2200
2200
2200
2200
2208
2192
2192
2200
2200
2200
2200
2200
2192
2200
2200
2208
2208
2208
2200
2208
2208
2192
2200
2208
2192
34984
2200
2208
2208
2200
2192
2200
2200
2200
2208
2200
2192
2208
2200
2200
2208
2192
2200
2200
2200
2208
2208
2200
2200
2200
34984
2200
2200
2208
2200
2192
2200
2192
2192
2224
2296
35256
2192
2192
2200
2200
2200
2200
2192
2192
2192
2208
2200
2200
2192
2208
2192
2192
2208
2200
2208
35000
2208
2200
2200
2192
2192
2200
2200
2208
2200
2200
2208
2200
2200
2200
2192
2208
2200
2200
2192
2208
2192
2192
2208
2208
2208
2200
2192
2208
2200
34984
2200
2200
2208
2200
2200
2200
2360
2208
2200
2200
2208
2200
2200
2208
2200
2208
2192
2192
2192
2200
2200
2208
2208
2192
35008
2208
2208
2208
2200
2208
2208
2200
2208
2200
2192
2208
2200
2208
2200
2208
2192
2200
2208
2192
2200
35000
2200
2200
2192
34992
2208
2200
2208
2208
2192
2200
2192
2200
2208
2192
2208
2208
2208
2208
2200
2208
2256
2248
2264
2192
2208
2200
2200
2208
2208
35000
2200
2208
2200
2208
2200
2208
2200
2208
2208
2192
2200
2200
2208
2200
2200
2200
2192
2192
2192
2208
35000
2200
2200
2208
2200
2200
2208
2208
2208
2208
2200
2200
2208
2200
2192
2200
2200
2208
2200
2192
2200
2208
2192
2200
2208
2200
2200
2200
2208
2208
2200
2208
2192
2200
2192
2200
2208
2208
2288
2248
2264
35152
2240
2256
2232
2240
2248
2224
2272
2224
2232
2232
2232
2240
2240
35160
2240
2240
2240
2232
2232
2192
2208
2192
2192
2200
2200
2192
2192
2208
2200
2192
2200
2200
35016
2208
2192
2200
2192
2192
2200
2200
34992
2200
2208
2200
2208
2200
2208
2200
2208
2200
2192
2208
2208
2200
2208
2208
2208
34992
2192
2192
2200
2200
2192
2200
2192
2192
2200
2200
2200
2208
2200
2192
2200
2200
2192
2208
2200
2208
35000
2208
2200
2208
2208
2192
2208
2200
2208
2192
2200
2208
2208
2200
2208
2208
2200
2200
2224
2208
2200
2192
2200
2192
2192
34992
2200
2200
2208
2192
2192
2208
2200
2200
2200
2200
2208
2200
2192
2208
2200
2208
2192
2208
2208
2208
35000
2208
2208
2192
2208
2200
2200
2208
2200
2192
2200
2208
2200
2200
2192
2200
2208
2192
2200
2200
2200
34984
2208
2208
2192
2200
2200
2200
2200
2200
2200
2200
2200
2208
2200
2208
3136
2280
2224
2288
2264
2200
2200
2208
2200
2200
2200
2208
2200
2208
2200
2200
2208
2208
2208
2200
34992
2200
2200
2208
2208
2208
2192
2208
2192
2200
2200
2200
2200
2200
2200
2208
2208
2200
2192
2200
2208
34992
2200
2208
2208
2208
2192
2208
2200
2208
2200
2200
2200
2200
2200
2200
2200
2200
2200
2200
2208
2208
34992
2208
2208
2208
2192
2200
2208
2208
2208
2200
2208
2208
2192
2200
2200
2208
2200
2208
2200
2192
2200
35008
2200
2208
2200
2208
2208
2208
2192
2192
2208
2200
2208
2200
2192
2208
2200
2208
2208
2208
2200
2200
34992
2200
2200
2192
2208
2200
2208
2208
2200
2192
2200
2200
2200
2200
2208
2200
2208
2200
2200
2208
2200
2200
2200
35160
2232
2216
36232
2224
2240
2232
2232
2808
35632
2224
2216
35136
2224
2192
35008
2192
2304
2232
2240
2216
2224
2288
2232
2248
2248
2216
2224
2272
2248
2200
2200
2192
2200
2216
2304
2224
2192
2488
2240
2288
2248
2256
2272
2256
2256
2240
2256
35144
2248
2312
2224
2256
2288
2224
2248
2248
2648
2240
2232
2224
2232
2248
2248
2232
