375808
359784
359064
424767
398688
362544
395968
363264
397376
364216
395880
362904
403864
362904
396120
362840
363992
405928
397600
396608
359408
359128
397696
362952
359088
359104
359112
391856
407496
359048
359112
391840
359088
399312
392776
394408
359112
362160
359464
366064
363872
365048
364520
827080
541048
367720
359152
398648
360416
369024
363960
418248
396584
445246
396560
364040
417840
404288
382560
445886
402936
365528
365688
364592
359640
428234
362632
359064
391856
358960
396824
392064
359024
361880
391944
359056
440016
360480
396936
391944
359000
366992
362568
361944
359040
391840
365536
359152
391888
358936
359104
359096
359152
357920
390720
357872
357576
520262
398384
398096
359344
357888
390680
435288
359480
390960
357864
357584
390384
357640
437448
396528
391368
358088
357984
357720
368376
358912
390720
357664
357568
390376
357640
366392
358776
357864
357912
358200
357824
361728
360816
391056
357872
363632
364656
364000
465280
397248
398576
397880
397416
364720
363984
363704
362856
363080
395952
407120
362536
363584
363368
362728
363376
401016
396808
396632
362432
363240
363448
368600
396232
396528
395888
395336
396000
400624
362280
363104
363296
363328
363592
362240
415385
395200
394464
394328
394648
404616
361352
362128
362544
362800
362440
368440
359048
357824
390568
357728
357616
357712
366952
358616
390456
357912
357880
357864
362576
440328
361664
358592
390960
358208
358192
360800
391016
358216
358208
391024
358232
367656
358800
391072
358208
358216
391032
358216
366960
391112
358256
358224
394600
358616
375384
359000
358264
391016
358320
358424
358208
424584
391360
358208
358216
358216
358216
399752
391736
359752
363880
364360
365472
407776
364184
365512
364680
365424
358848
553536
359136
358344
391024
358232
358208
396536
361304
358304
358064
358272
358216
358208
429847
363152
361848
362640
363880
396528
405960
395520
362616
362360
363776
363040
371448
359104
357832
390672
357864
357872
357880
364040
358048
390520
357864
357920
390696
433938
359056
390680
357968
357816
390568
357752
365424
391336
357984
357624
390568
357768
368768
364296
365880
364056
363456
363000
370960
403800
406392
415080
414720
381688
379040
366824
398288
396728
394960
358648
358016
361040
390968
357864
360352
391448
357880
405111
359008
357928
390528
357624
357720
390960
358408
357800
390616
357816
357856
390480
362888
358064
390472
357808
357872
357912
357632
411329
359096
358104
390672
357608
357576
478231
360856
358256
357864
357616
390512
357616
361096
358264
390720
357864
357728
390456
368936
362600
363688
359152
357880
390640
357624
361960
390768
357728
360368
391208
357920
365128
358664
390704
357704
357624
357704
357616
397552
394008
362688
361584
359008
357880
397472
358952
357768
390520
357624
357712
357616
366104
361120
505680
358704
357952
390664
372776
363200
362776
362024
358840
391064
368192
358800
391008
358136
358208
390960
358200
360304
358304
390960
358224
358216
391016
424536
391704
358216
358216
391032
358216
358216
393360
357968
358104
358168
358216
358208
365384
391888
360192
357904
390992
358200
358208
398256
390920
358160
358224
358216
358200
398992
391704
358264
358208
390984
358216
358592
399024
391656
358216
364472
360304
390984
533528
358936
358416
358144
358208
358160
358216
360520
358112
391016
358216
358216
391016
364056
358112
397064
410176
362640
362456
368856
359152
391104
358224
358208
391008
358192
366312
358840
391024
358216
358152
358208
363680
365744
360056
368288
362216
391600
358312
372880
366440
368248
368040
361280
358968
385416
362248
359208
391024
358216
358216
396192
393080
358608
359144
358376
391216
426288
391800
358400
358264
391120
358200
358216
400480
358272
358208
393944
391328
358264
384424
358992
358024
390712
357712
357728
357712
366288
358696
390616
357608
357624
390376
365504
358800
358008
357864
357864
390664
357872
373344
363856
358712
390672
357616
358000
402968
391704
362120
358480
357864
358016
358096
402832
361432
391320
357728
357768
391840
402672
358752
357720
390664
357872
357920
357864
362328
361832
523815
392032
359072
385840
414209
397080
360480
391360
358128
358200
401120
358560
358264
358312
358216
358208
471976
472088
417568
423272
497608
362456
361168
358256
358168
390808
358008
358032
408672
358848
358008
390816
358016
357912
390816
424216
395096
391696
358016
358064
390824
371824
358744
358216
390864
358072
358024
358168
442432
870416
363888
368512
372888
359096
358064
390624
357616
357712
390464
369904
359040
358016
357816
357768
390560
357736
394232
358592
357912
357864
357616
357720
406024
364560
359168
390928
357864
357640
357712
361160
358064
357784
357720
357632
651896
395624
358944
358000
357824
357624
357720
407376
364088
358824
357880
357616
390512
358384
360200
358160
393016
359048
357912
390512
436392
358696
390720
357712
357768
357768
435688
449528
418720
402872
364328
359104
403360
391792
358112
358056
390792
358016
358072
438904
391608
357976
358016
358032
358016
489544
391936
358064
358040
390808
358008
466512
363920
358272
358312
358008
358008
390808
449336
361040
536536
358456
390864
358104
393376
432864
413968
359048
390824
358024
435992
391072
358112
358064
358032
358016
530735
391928
390880
357824
357712
357496
379384
358288
357920
357624
357712
390432
357712
368936
358496
390720
357872
357864
357864
360912
390616
357864
357856
390672
357872
357912
414825
358920
357976
357872
357728
390784
357624
394280
391408
362736
360880
358112
390680
445224
359040
358032
393408
358376
436000
693184
402512
422712
360136
357968
437544
393080
358160
358208
390680
358008
358112
503976
358752
390816
357920
357640
357704
445344
358848
357864
357872
390672
358400
357912
417680
358496
390672
357808
357776
357760
365720
359048
390672
357624
357712
390440
357712
394608
358608
357776
390576
357760
390560
430088
358944
928952
391568
357920
386400
359048
390720
358000
357808
390528
357640
453352
391600
358024
357768
390568
357760
435416
359000
358552
357856
357624
357712
390416
437728
361512
358416
390720
357624
357920
442632
378992
359040
358016
390632
357768
398368
391744
358024
357864
390664
357768
357816
438424
358904
358016
357720
357768
390560
433688
372504
366472
361192
358512
390616
357688
360880
390856
358016
357864
390632
357872
428288
358504
357952
390768
357856
357632
358432
360624
358256
357808
357912
357624
390520
433176
358168
357880
357528
390504
357616
432328
690000
397392
398056
391952
358016
362912
358896
391016
358024
358000
390680
444744
359040
390712
358016
358064
390736
358008
360632
896608
359056
357920
390824
462736
612048
359056
358072
390504
428848
359016
357856
390416
357720
357720
357712
363120
358616
390720
357824
357720
390536
454187
391944
358024
357768
390528
357632
425608
358768
358024
390616
357864
357864
390768
364072
357624
390424
357720
357720
357920
434632
392080
358240
357816
390568
506176
429248
359152
396920
501520
391480
358040
357824
358968
357960
390680
357616
390528
357616
402173
391800
358104
423328
390624
357960
517112
459272
393528
358640
357872
357808
