1024
256
232
232
248
232
264
208
256
224
224
248
240
232
248
232
256
224
232
224
288
176
176
184
184
176
184
192
32984
176
184
176
184
176
184
232
216
200
248
176
192
176
200
192
176
184
184
176
176
184
312
184
192
192
176
184
176
184
176
184
184
184
184
176
176
176
184
184
176
176
176
176
184
184
184
184
208
184
176
192
184
184
184
176
280
192
176
176
184
184
184
176
184
192
176
176
184
192
184
184
184
184
184
192
200
200
208
208
208
184
192
184
176
184
184
232
184
176
184
176
32976
192
184
176
176
192
184
184
176
184
176
176
184
184
184
176
184
184
192
176
176
184
184
184
184
184
184
240
192
176
184
176
192
176
184
192
184
192
184
184
184
184
184
184
176
184
184
184
184
192
200
184
184
200
184
200
192
472
224
240
224
200
216
256
248
224
232
224
232
232
240
216
240
256
224
216
224
232
208
200
192
240
200
232
192
184
184
192
184
192
192
240
232
232
232
184
240
216
232
208
232
224
224
176
184
192
184
184
184
184
184
192
200
192
184
184
192
184
184
184
176
184
192
184
184
184
192
184
184
184
192
192
184
184
200
184
184
176
184
200
208
216
248
192
184
192
184
200
176
192
184
192
184
192
184
184
192
184
200
192
184
200
184
192
184
184
184
200
184
184
200
184
184
184
184
184
184
192
192
184
192
184
184
192
232
208
208
736
224
224
208
224
208
216
192
240
208
232
240
232
232
200
232
232
232
216
224
232
216
224
216
208
224
232
232
224
224
224
240
216
224
328
288
208
200
216
232
208
224
200
200
192
216
224
200
208
496
200
232
216
216
280
256
288
200
256
200
248
240
264
264
232
208
232
240
248
232
248
232
240
192
216
216
200
248
256
240
208
208
232
216
240
232
200
256
216
208
208
232
224
240
232
240
256
240
264
232
208
232
232
216
224
256
224
208
200
224
216
216
240
208
216
264
224
224
224
208
232
232
224
224
200
240
208
224
224
208
232
240
240
216
272
216
208
240
224
224
240
216
224
240
216
248
232
232
216
216
224
224
216
256
264
256
216
216
256
200
208
208
216
224
216
216
224
216
208
216
216
264
232
248
248
224
208
216
208
232
248
248
216
224
272
224
288
248
224
208
200
200
240
200
248
248
240
248
272
224
232
216
240
224
240
208
216
232
216
224
224
224
200
248
216
256
224
200
216
232
232
224
224
248
240
232
208
224
232
296
240
272
248
240
224
200
224
224
232
240
216
224
240
272
208
232
208
216
224
224
208
216
192
248
208
224
200
232
216
208
216
232
256
224
240
248
216
208
256
216
288
216
208
296
264
240
248
208
216
208
216
224
216
208
208
232
224
280
240
288
240
232
248
240
208
232
224
224
216
240
208
248
248
240
240
208
216
208
224
240
200
216
200
240
216
280
224
208
33160
224
224
208
224
224
232
224
208
216
240
216
232
240
208
232
224
216
216
216
200
216
216
208
240
200
192
632
224
240
240
208
256
224
248
200
240
224
200
240
200
224
232
232
200
264
216
232
208
208
248
200
208
208
208
224
240
208
224
208
224
216
224
232
272
288
232
216
240
216
216
240
248
232
232
216
224
208
224
224
240
264
208
200
216
216
200
232
248
224
232
224
224
208
240
216
208
200
208
224
208
208
200
200
200
216
208
224
224
232
232
272
208
280
208
216
208
200
224
208
232
224
224
224
216
216
240
248
216
232
248
200
232
224
224
232
208
208
232
216
232
240
208
200
224
208
200
216
248
224
224
208
216
264
216
208
224
224
240
264
224
288
296
240
232
224
224
224
200
232
232
216
232
216
208
224
224
232
288
280
232
296
256
240
216
208
192
224
224
208
200
216
200
272
216
240
208
216
248
208
208
224
224
232
232
216
208
208
216
216
232
224
208
224
232
33168
232
216
208
208
208
200
208
216
208
224
264
248
216
240
208
224
232
224
200
208
240
224
216
232
248
200
224
200
216
200
208
256
232
224
216
232
224
224
208
224
224
240
200
224
208
216
216
208
216
216
240
208
200
248
224
240
224
240
192
208
224
216
216
240
216
200
200
224
216
240
224
33312
248
264
208
208
248
224
216
216
240
216
224
240
240
208
264
232
216
240
248
248
240
232
216
232
208
208
256
680
216
216
224
216
760
224
208
208
224
232
248
264
208
248
248
208
232
240
240
216
224
232
232
224
224
224
208
232
232
240
216
232
240
224
240
232
256
208
232
256
224
232
208
208
248
256
248
224
232
256
272
232
232
224
224
224
280
240
232
