16400
2232
2240
2280
2280
2208
2240
35128
2248
2240
2264
2536
2344
2240
2200
2216
2224
2328
2352
2328
2344
2320
2320
2320
2320
2368
2344
2368
2344
2352
2360
6048
2344
2320
2328
2336
2328
2376
2328
2344
2336
2320
2320
2304
2312
2336
2368
2312
2328
2312
2336
2336
2336
2320
2296
35240
2208
2376
2344
2344
2368
2328
2352
2352
2328
2328
2328
2368
2336
2328
2344
2312
2336
2320
2328
2328
2344
2328
2328
2344
2328
2320
2336
2320
2352
2328
2320
2336
2328
2328
2336
2264
2320
2328
2384
2344
2328
2336
2336
2328
2320
2328
2312
2336
2328
2312
2336
2320
2344
35248
2296
2360
2264
2328
2360
35224
2344
2328
35248
2328
2296
2384
2320
2360
2312
2320
2328
2328
2320
35256
2304
2344
2352
2296
2336
2352
2376
2320
2320
2400
2336
2312
2304
2264
2344
2344
2336
2344
2304
2344
2336
2336
2352
2368
2312
2336
2336
35256
2344
2304
2328
2320
2344
2328
2328
2336
2352
2336
2312
2376
2320
2320
2352
2352
35232
2328
2352
2320
2328
2336
2312
2360
2344
2352
2336
2352
2360
2336
2352
2336
2336
2320
2344
2320
2312
2344
2328
2392
2344
2352
2360
35264
2328
2344
2344
2344
2344
2336
2328
2352
2368
2304
2328
2336
2320
2344
2320
2352
2312
2376
2344
2320
2344
2352
2200
2240
2216
2224
2264
2240
2320
2320
2384
2336
2344
2352
35264
2352
2360
2328
2336
2336
2352
2328
2344
2336
2344
2344
2360
2336
35224
2312
2352
2328
2328
2352
2336
2320
2336
2312
2376
2336
2336
2344
2344
2328
2352
35248
2328
2304
2320
2328
2336
2336
2344
2328
2304
2376
2344
2336
2312
2288
2376
2344
2312
2320
2336
2344
2344
2360
2344
2352
2328
2328
2344
2304
2368
2320
35248
2352
2328
2368
2328
2328
2320
2296
2312
2320
2328
2320
2312
2312
2336
2304
2344
2320
2360
2320
35288
2328
2360
2360
2304
2344
2360
2336
2360
2296
2328
2320
2344
2344
2344
2320
2320
2304
2360
2352
2360
2312
2384
2304
2320
2360
2336
2296
2320
2304
2320
2304
2352
2320
35224
2336
2376
2336
2368
2344
2312
2392
2360
2304
2336
2336
2328
2344
2320
2344
2376
2336
2312
2344
2352
2336
2304
2336
2352
2352
2328
2312
2368
2312
2344
2312
2344
2328
2336
2336
2336
2344
2320
2352
2360
2320
2336
2344
2320
2344
2336
2320
2312
2352
2304
2320
2344
2344
2304
35232
2312
2320
2352
2312
2328
2360
2336
2360
2352
2320
2328
2368
2344
2328
2312
2336
2328
2344
2312
35240
2344
2304
2320
2320
2336
2312
2320
2320
2336
2328
2320
2312
2328
35208
2320
2312
2312
2328
2280
2312
2336
2328
2320
2328
2304
2312
2320
2336
2328
2360
2328
2312
2328
35232
2336
2288
2280
2344
2320
2304
2344
2320
2328
2360
2336
2304
2376
35296
2328
2304
2312
2352
2344
2312
2304
2328
2312
2296
2312
2312
2376
2344
2336
2368
2344
2384
2352
35224
2336
2312
2352
2312
2352
2320
2336
2312
2320
2336
2360
2312
2312
35208
2344
2344
2408
2344
2344
2376
2320
2392
2320
2352
2360
2320
2344
2352
2312
2368
35216
2328
2344
2336
2312
2312
2360
2328
2792698
2528
2264
2256
2232
2248
2232
2280
2256
2200
2264
2232
2232
2240
2272
2216
35376
2232
2248
2264
2208
2256
2312
2232
2248
2248
2248
2256
2248
2272
2272
2264
2256
2232
2256
35376
2232
2256
2224
2256
2240
2264
2232
2240
2248
2232
2256
2256
2232
2224
2288
2240
2272
2248
2248
2264
2256
35440
2248
2272
2256
2232
2256
2248
2208
2256
2272
2272
2224
2224
2272
35352
2240
2240
35384
2264
2216
2200
2216
2216
2208
2240
2216
2624
2240
35376
2248
2240
2256
2224
2240
2256
2640
2248
2240
2240
2224
35392
2232
2240
2240
2232
2640
2240
3048
2240
2224
2264
2240
2240
2256
2216
2216
2240
2272
2632
2232
2240
2240
2216
2232
2224
2256
2224
2248
2224
2632
2240
2240
2232
2208
2216
2224
2232
2248
2232
2248
2240
2224
2248
2232
35392
2224
2232
2296
2240
2240
2240
36152
2256
2632
2232
35368
2248
2248
2240
2232
2232
2240
3120
2272
2264
2248
2216
2256
2216
2248
2224
2232
2240
2224
2224
2248
2224
2216
2216
2232
2256
2280
2240
2240
35336
2248
2248
2232
2264
2280
2288
2296
2256
2272
2240
2224
2240
2232
2248
2240
2264
2240
2240
2232
2248
2280
2224
2616
2264
2240
2272
2232
2248
2248
2264
2280
2240
2240
2240
2264
2248
35368
2264
2232
2280
2280
2280
2232
2232
2248
2240
2280
2272
2232
2272
2264
2216
2216
2512
2256
2256
2248
2240
2224
2272
2240
2280
2232
2264
2256
2272
2272
2280
2248
2232
2224
35400
2264
2232
35392
2272
2256
35360
2240
2280
2280
2240
2232
35392
2232
2272
35360
2264
2240
2288
2248
2224
2216
2288
2248
2248
2272
2264
2224
2264
2264
2240
2232
2264
2232
2264
2240
2272
2248
2224
2232
2352
2280
2240
2240
2240
2272
2240
2240
2296
2248
2256
2232
2264
2200
2224
2280
2248
2232
2240
2240
2224
2240
2296
2264
2224
2208
2240
2248
2232
2256
2232
2240
2232
2216
2240
2224
2256
2248
2224
2240
2240
2240
2240
2256
2280
2224
35376
2256
2240
35344
2264
2240
35424
2240
2232
35368
2288
2240
2240
2256
2224
2232
2208
2232
2240
2264
2248
2200
2248
2272
35408
2240
2248
35376
2240
2256
35360
2224
2240
2240
2240
2272
2232
2208
2296
2256
2272
2264
2240
2264
2232
2272
2240
2272
2272
2280
2256
2392
2256
2232
2232
2272
2264
2232
2280
2240
2240
2272
2264
2224
2288
2272
2264
40952
2264
2256
2232
2224
2240
2232
2272
2272
2224
2240
2240
2232
2240
2224
2264
2632
2224
2224
2232
2216
2208
2224
2272
2224
2224
2240
2208
2320
2280
35408
2224
2272
2248
2248
2248
2240
2216
2216
2232
2280
2248
2232
2240
2264
2248
2248
2288
2256
2224
2288
2248
35376
2232
2664
2280
2272
2240
2256
2248
