416824
363400
394952
362144
378192
362400
395320
394944
362144
362152
362136
362112
394952
362144
362120
420016
407680
369064
402160
370016
369200
401664
402024
403600
411984
419872
402016
402168
369304
411360
441208
402624
369552
401952
362152
394952
394936
362160
362160
375400
397360
365728
362160
362048
402744
394952
362144
362128
362160
402904
394952
362136
362144
362144
394952
394944
362152
362144
362136
394952
405400
362152
362144
362144
394944
401496
395320
394936
362152
362152
425712
362152
362152
401032
394960
369480
362160
362152
362152
394944
362144
374312
404176
620744
412368
409568
404760
446136
373656
517296
477184
470792
371952
368328
405456
369528
372232
370880
401960
400688
478656
402416
445688
371288
369928
401832
481768
400352
394944
362144
362152
362312
421361
362152
362136
362160
362144
394960
404880
394952
362136
362152
362152
362136
394968
406256
395176
362616
362144
362256
395368
399416
394936
433456
362120
394952
394936
364888
362080
362160
362152
394904
394936
362144
369680
362656
362160
397584
394960
362152
427160
394984
394944
362144
362160
362160
399120
394968
525440
362824
362792
362848
399000
395272
394936
362048
362160
362144
405168
366856
362128
394952
394936
362160
362168
436880
395344
362144
362032
362160
362144
397944
394952
362144
362160
362160
362144
394960
397728
362144
362152
362144
362136
394864
397648
362144
424344
395224
362144
362176
367408
362168
394960
394944
362152
363856
362152
372128
362152
394960
394936
362144
362144
367984
362144
394936
394936
362144
362144
362152
362072
394952
394960
362376
362112
362152
366336
394936
394952
362144
362144
362152
371040
362144
394960
394944
362144
362160
362144
679239
362152
394952
394960
362144
414520
362160
362088
362152
362144
394952
394872
396600
362096
362104
362144
362136
394944
408512
394832
528184
368048
400456
401032
474272
402912
369560
366888
362152
362176
429152
394952
394936
362096
362160
362144
481729
394952
394944
362144
362152
362160
375856
362144
394960
394960
362136
362144
372448
362160
362144
362152
394968
362072
362136
373984
362168
362136
394960
394960
362144
391304
362144
362144
362144
362144
394960
409120
394896
362152
362152
363216
366000
437776
362320
371048
362840
402512
364120
407224
362152
426304
362128
362136
394952
401152
394944
362136
362136
362160
362152
394952
406744
374608
407160
406568
407336
377032
407376
406936
373928
374000
374072
414192
406944
406704
374288
374056
407120
410440
406336
406600
373752
374024
406472
578881
394936
394944
362144
362168
362144
573736
398024
362144
394952
394968
362096
772952
395304
394824
362144
362144
362160
362152
362160
394888
394960
362112
362152
365312
512464
363328
362144
362160
362144
398160
394840
362144
362144
362160
362152
395024
394888
362152
362168
362152
394960
394936
401640
362144
362160
362160
394944
394944
365192
362144
362168
362144
394960
362136
362152
370088
362152
362152
394960
394952
362144
381400
362144
362168
362144
394936
394944
365088
362160
362152
362144
394968
362072
362056
450480
362136
394912
394960
362152
362144
365160
362144
394960
402800
394920
362152
434520
394880
394944
362144
362152
362144
394944
465647
362152
426144
362144
362160
362168
366624
362152
362144
362152
394944
523136
366064
364864
362152
362136
362160
395384
403064
394952
362160
367648
363472
362136
371632
364936
366600
489928
362128
362144
373160
362080
362152
394952
394952
362136
367992
362160
362152
362144
394840
394952
362112
413752
408152
423392
423704
423408
444808
456096
386768
423360
423168
426232
483760
416584
426440
423672
424656
387528
418704
405160
365400
362144
362144
371296
362136
362152
362104
394952
394944
411272
394944
362032
362152
362040
362144
401440
394936
362136
362152
362160
487760
371456
367264
362152
362144
362160
394952
394960
403224
362144
362144
362160
362144
394968
402776
362152
362072
362176
362040
394952
400096
398224
394936
362144
362160
362136
394840
401232
394904
427416
394896
394912
362144
366976
362168
362904
367000
368424
367944
494288
399616
370120
367720
362160
362152
370656
362144
426752
362144
362152
362152
403920
363696
394960
394944
362136
362168
362144
402528
394952
394824
362144
362152
362152
368800
362144
394952
362160
362152
365360
370096
362160
362112
394944
394912
362152
362168
370216
362152
394960
394968
506168
411424
407528
371744
371648
362144
362152
366576
363216
362152
394944
394936
362136
362136
370736
362168
362152
394960
394864
362136
368496
362144
362176
394960
394952
362136
362152
474064
362144
362152
362160
362144
401136
401400
394928
362144
362056
362152
362136
401504
394944
362144
362152
421144
362136
368088
362152
362160
362144
394960
394936
362144
370600
362104
362144
362136
394920
394944
494881
362144
362144
394880
394920
362144
371320
362152
362136
362144
394960
394976
362144
362152
362144
362144
394912
362152
362144
514776
423512
362152
362136
394960
394944
368872
362144
362136
362152
394896
394928
370312
362072
362104
362144
394832
394944
362040
418840
362152
362152
362152
362152
394912
397736
364672
362136
362144
362144
362152
398032
394944
362136
362144
362136
362144
394960
403224
362136
362152
362144
362144
394960
415767
362144
426048
394944
362136
362152
375304
362144
362032
394952
394960
362136
362152
366856
362176
362152
394944
394968
362144
374128
362144
362152
362144
394960
394960
410472
394944
362144
362112
362160
362128
394952
404544
394928
362144
362144
362168
757177
362224
394872
394944
505888
394944
404144
394944
362152
362160
362080
394864
398400
362144
362072
362152
362136
394912
394888
416136
394944
362144
362152
362144
368528
451216
425896
425224
419168
425328
416200
486488
425288
454504
416832
423784
375864
368176
362144
362168
362160
394952
401784
396064
397056
362144
362152
362072
362144
404264
394920
394944
362136
362152
362160
403608
394904
394968
362144
362152
362152
362144
364304
394968
394936
362160
362160
362144
403880
394904
394952
362144
362152
425624
415816
394960
394936
362072
362152
362168
374696
362144
394952
394960
362064
362144
362144
411424
394944
394944
362152
362160
362144
411464
362096
394912
394936
362144
362144
372288
362152
362152
362136
394960
394936
362136
371352
432832
362144
394976
362104
362128
372264
362152
362144
362144
394968
362168
371920
363784
362816
362144
362104
394960
362144
494288
411216
410448
379144
409744
481584
410328
411632
377320
409192
413768
483400
476320
409480
377456
376752
408848
519880
409176
409496
405696
462887
441360
362144
362144
394952
394944
362144
372120
365816
362144
362152
362184
394952
394928
404024
362160
362152
362160
362144
394952
404008
394832
402584
398296
410552
410176
380840
411976
401064
410328
362184
362136
403112
404032
395040
394936
426128
394912
400864
397168
394936
362168
362144
362136
362064
401976
394936
362144
362152
362160
362152
430745
362168
362144
394952
394928
362144
375600
439504
362144
362144
394944
394896
415464
394816
362120
362152
362144
362144
394952
491136
394936
362160
362152
362136
362136
406640
394952
394936
417400
370800
376560
493288
395192
362448
