75344
56120
23968
22888
55544
22688
55504
87624
22680
55488
22696
22688
55488
22704
55496
22688
22704
55488
22696
55488
22696
56208
55832
22744
55536
22744
55576
55528
22744
55536
22736
55496
55528
22704
55496
22784
55488
55512
22760
55488
22744
55544
55504
55632
22704
22792
55496
22696
55496
22688
22736
55496
22704
55528
22704
22704
55504
22760
55496
55496
22696
55488
22696
22704
55528
55592
22760
22752
55544
22760
55544
22752
22792
55584
22784
55536
55544
22752
55544
22784
55552
55496
22784
55552
22744
55560
55536
24408
55608
22784
22744
55552
22752
55544
22760
22784
55544
22744
55552
55536
22744
55552
22744
22752
55536
55832
56840
55400
22384
22688
55272
22312
22672
55344
22264
22696
55480
55080
22488
22680
55208
22376
22696
55264
22312
22664
55328
22256
22664
55416
55056
22536
55496
55104
22480
22688
55200
22384
22664
55272
22304
22672
55344
55072
22600
55440
55016
22552
22672
55200
56032
22744
24200
22696
55128
22456
22688
55272
22304
22696
55320
22256
23440
23168
56008
56224
56896
22792
23656
24944
56280
55840
56576
22728
23448
22704
55272
55104
22592
55952
55392
22488
22664
55272
22312
22672
55344
22256
22648
55400
55056
23576
25632
22688
55400
55064
22528
55480
55088
22480
22664
55272
22328
22680
55304
55048
22696
55304
55112
22536
55488
55136
22456
22688
55272
22304
22680
55392
54976
22600
55480
55096
22480
22680
55200
22384
22680
55272
22320
22672
55400
55720
23248
23464
23640
56784
55912
56624
23552
23448
23184
55680
55712
55800
23080
23120
55640
55864
22584
23176
23152
55640
55520
23128
22792
22816
55576
55552
24720
23312
22784
55832
55496
23072
23184
23128
55680
56176
22976
23104
60080
56136
55840
22928
23192
23104
55632
55368
22728
23120
56160
55664
55760
23096
23128
55688
55888
23024
25344
23168
55656
55568
55944
22616
23160
56040
55504
22504
23128
23136
55712
55992
57256
22848
23064
23048
56424
55728
23152
23048
23384
56040
56696
55784
22792
23168
22976
56080
56160
55864
22800
22992
22912
55904
55784
55768
25368
23024
22880
23104
55904
55592
22800
23064
22960
56136
56112
56016
22736
23168
23464
55936
55720
55864
23096
22952
23184
22800
57688
56056
55648
22752
23336
23288
56120
55496
23224
23728
24352
23280
57704
57648
58448
58152
58072
58576
57312
23088
24792
23032
55768
57376
55952
22992
22888
57992
55752
56184
22752
23080
22920
58536
55776
55832
23088
23272
22928
55912
55696
22800
23312
22792
56240
55760
55696
22832
23136
23128
55592
55464
22760
25680
25584
23752
55760
55672
55864
22904
23048
23464
57152
59160
57224
57688
23568
23176
23104
56008
59200
55656
22712
23000
23072
56000
55872
56376
23312
22944
22936
55864
55680
22672
22920
22960
55864
55656
55976
22856
22928
55872
55712
23056
23352
22800
56040
55832
55704
23000
23128
23072
55952
55752
55848
22960
23080
23952
23096
56000
55808
56152
22816
23536
23112
55960
55680
22704
22920
22952
55816
55728
22696
22936
22904
55832
55672
22912
23216
22896
23288
57336
55768
55488
22848
23088
23224
55768
56096
23416
23192
23336
57736
55760
55640
95601
26112
24088
25240
58016
56072
58056
58064
56136
24440
25288
23304
23120
56088
56344
55792
22792
23376
56304
57064
56656
22792
24024
23880
23376
56032
56040
56536
23720
22952
23936
56288
56152
55840
22704
57072
23744
22784
22680
55272
22320
22664
55328
55064
22624
55440
55024
22552
22680
55200
22384
22696
55328
22264
22680
55400
56240
23088
22944
22704
55416
55056
22536
22672
55200
22392
22672
55280
22328
22664
55368
54992
22600
55488
55096
22480
22664
59024
55544
22488
22680
55200
22384
22680
55264
22304
22672
55416
55064
22536
55488
55096
22488
22912
22688
55200
22384
22664
55272
22312
22680
55344
22256
22688
55384
55064
22544
22696
55200
22384
22672
55272
22312
22672
55344
58912
24264
22728
55384
55064
22552
22656
55128
22464
22664
22688
22688
56192
56536
22328
22680
55328
56000
22592
22936
22824
56736
56280
23200
56296
55800
23600
23696
23504
23144
56528
55992
23312
22824
23464
56000
57776
22896
56936
55720
22904
23896
22904
56248
56440
55848
22712
23520
24072
56824
55984
56912
23184
23392
23384
56544
56256
57496
22800
23576
23016
56408
57032
56680
22824
23064
23312
56264
56144
56880
22696
25416
23216
56432
268216
24624
23920
24168
23632
56704
56040
57016
24008
23480
23216
24112
56560
56760
56320
22960
23112
56048
55992
55872
23392
23904
23416
23368
56320
56160
56464
23056
22816
22752
56656
57024
23288
23392
23224
22864
56288
56144
56616
22984
23328
56376
56056
55928
22696
23024
22880
56176
57056
56208
23272
22784
22816
22960
56080
55872
22992
22808
23168
56296
55808
22960
23272
22832
56000
55904
56192
23008
23760
22976
62696
55872
55648
22904
23328
23776
56728
55768
22584
23248
23264
56648
55768
22888
23240
23488
56576
56184
55784
22736
22792
55976
56176
22568
22808
22768
55952
55736
22568
22776
22808
56440
56208
23200
23264
23480
56544
56248
61704
22672
22840
22784
55792
56512
23840
23304
56568
56904
55904
22840
23056
56184
56016
55848
22992
23056
56176
56056
55832
22912
23088
56160
56376
55896
23336
23032
56176
55968
55912
22952
23040
56200
56376
22816
23048
23048
56160
59712
56296
22760
23040
23048
56552
56000
22840
23040
23072
56184
56104
22896
23016
23056
56256
55992
22712
22984
23016
56104
56376
22832
23048
23024
56200
55968
55880
22928
23032
56160
56008
22752
23088
23000
56136
56000
55872
27752
23488
57184
56624
55808
23600
22960
56584
56224
56400
22968
23296
23272
56160
55960
55728
22704
23600
23040
56088
100896
68208
56744
23752
23880
24008
56528
35030
25536
23792
23296
23120
57112
65544
56568
57568
22736
23864
23344
55488
55032
22560
22696
55816
23032
23208
23576
22696
55432
55072
22496
22664
55200
22384
23640
22888
55848
55968
22680
22688
55368
54984
22952
23352
23288
56584
55680
55976
22768
23056
23240
56128
59896
56144
56312
23056
23216
23104
24184
56408
55968
55936
22720
22672
55800
57056
57328
23032
22688
56240
57280
55904
22872
23416
23352
23200
56032
55736
55784
22824
24072
22984
56872
56760
55920
22896
23080
23408
23224
56656
56240
22904
23144
23472
23352
56472
56104
55936
23008
23424
24064
23104
55944
55848
55848
22872
22928
23080
55992
55976
55832
23088
23224
