928
232
200
208
200
200
200
200
208
200
424
192
200
200
200
200
208
208
192
200
208
208
192
192
192
200
208
208
200
200
208
208
208
200
200
208
208
192
208
200
200
200
224
208
200
224
208
208
200
208
208
192
200
208
208
208
200
192
192
200
192
192
200
200
200
192
208
208
200
200
192
208
200
208
208
272
192
200
200
208
192
208
200
208
200
208
192
208
192
208
208
200
200
200
200
200
208
192
200
200
200
192
200
192
200
200
200
208
192
256
208
33040
208
200
200
200
208
208
208
208
200
200
192
208
208
200
208
192
208
200
200
200
200
192
200
192
208
200
208
200
208
200
192
240
208
208
192
256
208
208
200
200
200
208
192
200
200
200
208
200
208
200
192
208
192
200
208
208
200
192
208
200
200
200
200
200
208
208
200
208
200
200
216
200
208
208
240
208
240
248
232
264
264
272
256
232
240
240
208
192
200
208
208
208
208
200
208
208
216
208
200
208
200
216
208
200
208
208
208
208
216
208
208
200
200
200
208
200
200
216
200
208
208
200
208
192
192
200
200
208
208
33032
200
208
216
208
208
200
200
208
208
208
208
216
232
248
240
208
192
208
208
200
208
216
208
208
200
208
200
200
208
208
200
200
200
208
208
208
200
208
200
200
216
208
208
208
200
200
200
200
208
216
208
208
208
208
208
208
208
200
216
200
200
200
208
216
208
200
208
200
208
192
200
208
192
200
208
208
200
216
208
208
208
208
208
200
208
208
200
208
200
208
208
200
216
208
200
200
208
208
216
200
208
216
208
208
208
208
200
200
200
208
208
200
208
208
216
200
208
208
208
200
200
200
200
200
192
208
192
208
200
200
240
224
248
232
232
232
216
240
208
192
208
192
200
208
208
200
200
208
200
208
208
200
200
192
208
200
200
200
232
216
240
200
192
200
208
208
200
208
208
200
192
200
208
200
208
192
192
208
192
208
200
200
208
192
208
208
200
208
208
208
200
200
208
208
208
216
192
208
208
208
192
192
208
208
208
208
200
208
208
208
208
208
200
200
208
208
200
208
192
200
200
200
208
200
208
200
200
200
208
208
200
208
208
200
200
208
200
208
208
200
208
200
200
208
192
200
200
208
208
200
192
208
200
208
208
192
200
208
208
200
208
208
216
208
200
192
200
200
200
200
208
208
208
192
208
200
192
200
200
208
200
208
208
208
200
200
200
200
208
200
200
208
200
200
200
208
208
208
200
208
200
200
200
208
192
208
200
33000
208
208
208
208
208
232
240
224
224
200
208
200
208
192
192
208
192
200
200
200
208
208
208
200
200
208
208
200
192
200
200
200
200
200
200
32984
192
208
200
208
208
200
200
208
208
200
208
192
208
208
192
200
208
192
200
200
200
208
208
200
208
208
200
200
200
208
208
208
200
208
208
208
208
208
200
208
208
208
208
208
200
200
200
200
200
192
33008
208
192
200
208
208
200
208
200
200
208
208
208
208
200
200
200
208
200
208
208
208
208
208
208
200
200
200
208
208
200
208
208
208
208
208
208
208
200
208
208
192
208
200
200
200
200
200
192
200
192
192
208
200
208
200
208
208
200
200
208
200
200
200
200
208
208
208
208
200
200
208
208
240
224
208
208
208
200
208
208
208
208
200
208
192
208
200
200
200
192
200
208
208
208
192
208
208
192
208
200
200
208
208
200
208
200
208
224
224
232
224
256
240
232
224
208
192
200
200
208
200
192
200
208
200
208
208
208
208
208
200
208
200
208
200
200
200
200
200
208
192
200
208
200
200
200
208
200
200
208
192
208
200
208
208
208
208
200
200
192
200
33000
208
208
200
200
200
208
200
200
208
200
208
208
208
208
200
200
200
208
216
208
208
200
192
208
192
200
208
200
208
208
200
200
200
208
200
208
208
208
208
208
208
200
200
200
192
208
272
216
224
232
256
216
224
256
224
208
240
216
208
216
240
240
216
224
224
232
240
240
240
248
224
216
216
280
272
240
216
232
208
232
240
224
232
224
232
248
216
232
224
208
248
232
232
224
224
224
232
232
224
232
256
232
256
248
224
232
224
224
248
232
224
224
256
264
264
288
248
280
264
256
224
256
256
208
256
272
264
264
256
280
272
232
248
264
256
248
272
256
224
232
552
272
208
224
224
240
224
224
224
232
224
216
240
248
232
232
224
240
256
288
256
288
248
248
248
216
224
224
240
232
232
224
224
232
240
240
224
232
224
208
232
248
224
232
240
248
208
208
232
232
240
224
280
224
208
224
216
224
216
208
216
