5691280
404056
399864
400872
452024
367984
400600
399832
399984
399552
399712
366944
367056
422984
367184
367760
367568
367920
399912
367456
366848
367800
368752
400352
408304
400424
400168
400280
367744
516016
400488
399696
367504
369072
375600
367232
367256
400968
400504
2550744
504392
452664
373608
367192
366920
367648
415736
693864
401784
400192
400352
413272
400344
368208
368648
367176
380384
367152
368360
401704
400160
414912
399760
367536
367232
367288
400200
367376
399680
399488
366768
367416
367136
367000
366600
367440
400064
412976
400288
366880
366752
367000
459224
366680
399864
399520
366592
500112
400328
367376
366552
465088
366808
367600
367416
366840
366616
537632
368648
367856
400440
402664
399208
407728
399792
400352
401416
366944
366632
555720
400296
399760
366936
367136
367128
433520
399736
399488
400336
416952
399840
412624
399952
399688
399272
400280
366968
570880
366928
367640
367128
399528
399216
505520
367584
400600
399320
399712
400256
435304
367320
367000
367680
367184
400320
408944
399312
400144
399960
399600
366640
367832
377744
367592
367152
401064
399920
400000
434752
367880
367240
367112
366736
366776
798016
607304
399760
400400
495952
400520
399856
366560
367472
367128
367080
399480
399392
399192
400488
366720
367008
1584728
401888
366704
441872
367120
366904
367040
367072
399728
428712
367520
366720
366776
366920
399824
428912
367832
367640
367736
367528
367592
393504
367824
366552
366520
367592
367536
367232
430664
366936
367688
366856
367032
367640
426936
400304
4277648
481976
400016
399808
367008
367096
366808
457944
367536
367472
368248
367288
382632
374416
367560
367616
366680
366976
367552
603939
366976
367248
367016
366608
400392
435824
367160
367736
367688
367400
367616
495877
400048
400424
367248
366920
366712
382088
366856
367576
367224
366416
367608
439643
401080
400232
399528
366776
367064
376960
366552
366736
366960
367312
367544
430000
366552
366616
366968
367240
367480
367560
366912
399456
399704
399928
400040
367456
445560
367504
367488
366984
367544
399832
411032
400048
399888
399592
400496
400344
433909
366648
366536
400424
399440
400760
417432
399424
399816
400344
399704
400512
367000
413691
400416
399688
366976
373152
409472
399944
400024
400024
367336
366920
366952
369528
366464
367632
366632
399376
399600
402936
400144
366536
367016
367440
366752
435928
399856
399752
399744
366936
367184
452469
711832
402288
400232
399952
367368
404856
400960
400360
399480
366960
366696
442088
417216
406464
367456
399752
399592
566144
367880
367416
366896
400072
406744
403136
400472
400080
400112
399488
366656
434947
367568
367624
367896
399448
399248
409928
400376
400576
399712
367464
366800
375560
367080
366856
366992
367088
367264
403144
400632
399408
400528
400440
367696
367576
369864
366720
366664
366904
366656
399504
402272
399904
399608
366872
366968
366920
429845
399488
399688
366832
520416
367152
394683
366736
367048
366744
366632
367784
423893
366936
400224
399344
399320
399680
411280
399488
400408
366680
366888
367072
367088
404592
400464
400096
399816
366800
367640
416712
400368
367840
367608
367264
367024
422707
400512
399864
367136
367056
366816
374744
367560
366600
366840
367168
400224
403384
400088
399352
366840
366968
367376
367656
433968
399992
399816
399856
367504
367344
375304
367384
367400
367368
367488
469029
367760
366608
366760
367112
367064
367208
399320
399616
399320
366600
366816
367176
428488
399952
591221
479936
406776
395600
403800
405520
411704
368176
367656
379728
367544
367440
366688
366784
366872
375432
369256
367592
366824
367520
399304
404840
403728
367784
366760
367704
430992
400336
366632
366656
366680
366592
371184
400248
400456
399848
399616
366896
366928
414048
400384
367344
367448
367648
366544
380304
419048
377328
366800
366504
366840
553288
369448
366992
399736
399984
400056
408312
400328
400256
400432
369864
445984
482184
399576
399384
366640
366776
366696
453048
366408
366688
367416
366776
367440
416000
366768
367040
367672
399488
400552
421288
377008
408656
399656
400176
366640
418096
399600
400232
366984
367696
367232
425112
366968
367056
366608
367384
367008
382800
368072
366984
366760
367720
367296
373480
375032
367040
366976
366880
366648
366648
421192
367632
367104
366952
366880
399456
414816
366592
400320
400304
400384
400168
493936
400032
400408
366720
366320
366976
418416
366648
367488
367440
367176
367176
375416
369200
367304
366992
366776
367736
367360
371040
367640
367472
367200
367088
399704
414296
367552
399736
399616
399400
366536
499635
399664
399720
400096
366736
366888
380128
366512
366728
366752
366896
367088
431360
399536
367640
366776
367016
367168
375152
366944
366712
366840
367160
367088
367296
370784
366632
399680
399744
400376
399656
444616
367080
366784
367248
367640
367256
375568
367240
367552
399312
399704
400248
505400
400640
399464
399432
399536
366832
498781
479528
416240
367840
367464
366744
500976
526280
434024
408312
367024
572344
368152
366856
366992
402320
370920
405955
368024
366528
366928
366920
367008
413608
367456
367544
366536
399384
399888
454685
450864
400352
399296
399696
400120
415304
399776
399080
366160
367608
366784
449344
371976
367496
367240
367656
366760
414296
417659
400016
399248
367800
366648
366976
376336
367168
367480
367728
366576
399432
431864
366840
366680
366688
366880
366728
407664
367176
400264
400304
400392
399424
435505
451992
399712
399680
400064
399440
415296
399480
400464
400464
367792
367608
372856
367624
366640
366760
367152
367224
367416
383896
367504
367112
366896
366856
366752
405720
367656
399800
399624
399464
399256
424728
400264
399808
399808
399480
367824
409696
400320
367464
366680
367192
366440
367152
372768
367624
367352
367800
366864
367480
374904
516456
400368
367528
366560
366848
428536
399464
399488
399936
367680
366872
436583
400288
399840
399960
400216
400344
540685
367480
367240
367584
399712
400024
416352
400304
400160
399832
399304
400344
454627
367088
367232
400008
400344
399400
407536
399936
400064
367480
366624
366592
366904
400432
399424
366440
366720
367072
367480
375720
367272
367016
367192
367216
367392
553293
366536
367048
367544
366928
367664
385448
367360
367360
367616
366616
366848
377096
367128
366448
366976
400152
399224
418232
366760
399544
400120
400560
399688
413376
401344
399736
399792
400344
400424
367264
404672
400520
367696
366472
366752
367216
378944
367640
366400
366576
366896
366896
406744
366728
367840
400424
399504
399720
407048
399456
474144
400360
366672
367232
373872
366712
367496
367488
367472
367792
372008
367336
367552
366912
367360
399224
399840
422408
374752
371016
367008
366976
366992
379040
366664
366912
367736
367456
367464
539179
367384
400400
400496
400360
400120
516880
367320
367720
367848
400424
399560
410088
399328
399712
367256
367808
366768
472129
429496
399448
399112
400304
366560
413936
399304
367080
366816
366560
367568
442552
367840
367720
366528
399240
399600
406696
399600
400184
399552
400480
366536
366496
408640
399680
367552
366560
366432
366552
373752
