9360
2456
2320
2272
2320
2328
2280
2280
2280
2280
2616
2280
2280
35112
35072
2200
2280
2272
2272
2272
2288
2280
2272
2288
2272
2272
2288
2280
2280
2272
2272
2272
2400
2504
35376
2424
3192
2408
2400
2352
2320
2344
2376
2368
2320
2360
2392
2384
2376
2448
2392
2384
2400
2344
2400
2432
2392
2400
2448
2344
2352
2368
2360
2352
35352
2400
2392
35264
2384
2400
2352
2352
2360
2328
2328
2520
2344
2496
2368
2512
2416
2464
2400
2392
2328
2352
2344
2344
2344
2480
2360
2336
2368
2360
2376
2376
2504
2360
2352
2528
2392
2448
2448
2312
2360
2408
35280
2504
2344
2360
2400
2424
2352
2376
2376
2376
2528
2344
2336
2360
2328
35456
2336
2352
2320
2320
2352
2336
2632
2288
2320
2384
2360
2304
2288
2320
2336
2368
2312
2416
35464
2328
2384
2344
2320
2360
2736
2360
2328
2336
2296
2352
2328
35464
2400
2320
2472
2312
2344
2360
2360
2320
2376
2344
2320
2328
35472
2480
2312
2296
2312
2344
2336
2352
2368
2336
2376
2296
2360
2408
2368
2328
2304
2344
2328
2344
2352
2312
2344
2344
2416
2712
2336
2296
35488
2328
2352
2360
2408
2336
2376
2320
2384
2328
2592
2288
2368
2328
2320
2336
2920
2376
2320
2408
2360
2344
2328
2352
2336
2408
2424
2344
2504
2360
2344
2384
2328
2344
2320
2312
2328
2352
2456
2312
35448
2320
2344
2288
2312
2320
2376
2336
2376
2320
2392
2328
2320
35512
2352
2720
2304
2496
2328
2784
2320
2368
2744
2360
2392
2312
2304
2304
2296
2360
2352
2336
2328
2320
35512
2360
2320
2368
2336
2864
2344
2368
2280
2376
2344
2352
2416
2336
2328
2344
2336
2424
2336
2384
35464
2400
2368
2400
2320
2384
2336
2304
35472
2312
2360
2336
2368
2360
2376
2368
2328
2344
2368
2384
2320
2320
2288
2392
2320
2344
2536
2440
2336
35416
2320
2360
2384
2304
35464
2304
2776
2328
2328
2320
2288
2344
2320
2360
2288
2344
2408
35448
2472
2328
2344
2816
2736
2312
2352
2360
2376
2344
2280
2248
2360
2320
2336
2368
2320
2352
2384
2360
9224
2368
35528
2328
2392
2344
2352
2352
2400
2360
2304
2320
2336
2352
2360
2648
2400
2328
2328
2296
2320
2352
2352
35448
2328
2312
2312
2472
35400
2360
2288
2520
2360
2352
2288
2376
2344
2360
2328
3120
2328
2312
2320
2336
2336
2328
2328
2344
2352
2344
2344
2288
2336
2320
2360
2328
2352
2368
2336
35448
2344
2376
2336
2320
2336
2352
2336
2344
2360
2344
2344
2320
2320
2312
2304
2312
2320
2336
2344
2312
2760
2384
2320
3104
2400
2312
2344
2304
2344
2328
3208
2352
2328
2776
2312
2296
2296
2320
2280
2320
2368
2352
2376
2360
2328
2384
2360
2376
2360
2320
2328
35456
2328
2320
2344
2344
2288
2336
2320
2328
2320
2320
2328
2344
35448
2320
2352
35440
2336
2328
35480
2344
2336
35480
2328
2360
35496
2352
2320
2344
2352
2352
2344
2552
2336
2352
2328
2352
2328
2328
2328
2312
2336
2336
2352
2328
2328
2336
2336
2360
2376
2296
35504
2320
2304
35432
2304
2288
2312
2312
2296
35408
2280
2320
2304
2296
2288
2320
2328
2296
2304
2312
2360
2328
2304
2304
2336
2304
2296
2312
2336
2288
2312
2320
2304
2344
2336
2328
2320
2312
2344
2352
2880
2368
2384
2304
2328
2344
2344
2344
2328
2360
2328
2336
2336
2320
2336
2328
2320
2320
2312
2312
2352
2312
2312
2368
2296
2336
2312
2328
2312
2320
2296
2320
2336
2312
2352
2344
2296
2328
2328
2320
2320
2320
2312
2368
2344
44928
2320
2328
2384
35544
2408
2320
2368
2728
2336
2312
2320
2328
2328
2336
2336
2344
2352
2320
2312
2320
2352
2320
2320
2312
2336
2344
2384
2312
2304
2296
2320
2320
2400
2344
2328
2312
2320
2344
2320
2344
2776
35456
2376
2312
2352
2312
2344
2360
2296
2312
2336
2328
35920
2384
2336
2320
2320
2320
2320
2312
2312
2328
2336
2392
2344
2360
2368
2360
2320
2360
2320
2352
2288
2760
2984
35528
2328
2288
2320
2488
2352
2400
2336
2288
2296
2288
2288
2304
2328
2304
2320
2336
2320
2376
2328
2336
2336
2304
2344
2344
2344
2312
2352
2320
2320
2304
2336
2320
2320
2320
2304
2288
2336
2304
2328
2304
35424
2360
2344
2328
2344
2344
2456
2352
2344
2328
2320
2344
2312
2320
2320
2344
2336
2312
2352
35456
2352
2400
2288
2392
35416
2336
2888
2288
2312
2376
2288
2320
2400
2344
2304
2360
2320
5968
2320
2272
35440
2784
2336
2400
2264
2272
2280
2272
2264
2288
2272
2272
2320
2272
2320
2272
2352
2272
2280
2280
2664
2328
2288
2304
2288
2280
2264
2288
2280
2264
2288
2344
2288
2264
2304
2280
2664
2272
2304
2280
2280
2712
2280
2280
2272
2320
2280
2280
2384
2384
35432
2264
2320
2272
2272
2320
2280
2264
2304
2312
2288
2288
2280
2272
2280
2272
2272
2280
2280
2280
2280
2656
2680
2264
2264
2328
2272
2344
2344
35440
2272
2280
2288
2288
2664
2280
2288
2272
2288
2272
2280
2272
2288
2280
2304
2272
2272
2264
2272
2272
2696
2320
2272
2272
2264
2288
2288
2264
2280
2272
2280
2272
2288
2352
2304
2744
2296
2336
2304
2272
2328
2280
2280
2320
2304
2336
2280
2280
2264
2656
2312
2288
2656
2264
2280
2264
2280
2264
2280
2272
2688
2304
2288
2312
2288
2280
2328
2320
2304
2432
2312
2296
2264
2352
2328
2336
2336
2464
35464
2424
2392
2344
2328
2336
2384
2336
2344
2408
2312
35504
2496
2336
2360
2384
35416
2344
2304
2312
2344
2264
2264
2208
2208
2208
2256
2208
2200
2200
2248
2208
2208
2208
2256
2200
2200
2208
35056
2208
2208
2200
35048
2200
2208
2208
2200
2256
2200
2208
2208
2264
2200
2208
2208
2272
2200
2208
2208
2272
2200
2208
2208
35056
2208
2208
2208
2208
2248
2208
2200
2200
2264
2200
2200
2200
2264
2192
2208
2200
2264
2200
