66160
24760
57344
57600
56952
62912
25584
26176
23336
55744
24120
23848
56184
57856
23040
55736
22936
22936
55896
22928
55760
22920
55720
22944
58160
23120
55752
22944
22936
55744
22920
55712
22968
55728
22920
22928
55728
22936
55736
22968
55728
55736
22936
55728
22912
60600
23104
55720
22920
55728
22920
22928
55736
22944
55728
22912
55728
22936
22920
55776
22928
55712
22936
22936
55736
23080
55704
57552
58320
24736
25224
24224
23936
57800
56024
57992
57144
56000
22984
22928
55728
22880
55672
22888
61856
25160
56496
22904
55688
22880
29344
57808
56760
57752
56880
57792
24648
24832
59784
58568
26072
111864
98275
25696
27040
23816
23944
57064
57064
57152
22984
23496
23688
23592
56632
56616
56216
22896
23448
23792
23768
56720
60048
57528
56768
23192
23832
23800
23712
23888
23784
56608
56456
56584
56720
24544
102608
23856
24888
57080
56480
56736
56856
56248
24064
25272
24128
24088
57280
57040
56680
24504
24072
23888
60216
57040
56208
55920
24808
23608
23136
23984
58640
56552
56512
58224
23840
23808
24208
24304
56784
57208
23464
23496
24288
24344
56544
56776
56880
56736
23816
24304
23984
23888
56424
56800
22424
23488
24224
56296
57824
56480
23408
23592
24008
23832
23552
57200
56136
56872
22904
22848
55584
55120
22624
22832
55744
58280
61456
56792
56488
56520
23512
23792
23480
23744
56928
56528
56648
58640
24336
24360
24152
56960
56624
56928
23632
23800
23984
24560
57672
55488
22672
22840
55208
22568
22832
55352
22424
22848
55488
56720
23312
23896
22944
23800
25776
56408
183325
26256
56824
56216
55904
23864
24008
23536
56176
56024
24008
23736
23728
56288
81264
23824
24048
23752
23336
23960
56504
56032
56632
23192
24240
23784
23960
23360
57080
56440
56424
56448
23728
23856
23672
56672
56584
56384
22896
24104
23448
24256
56896
56816
56976
23464
24088
23576
56152
56000
22984
23920
22840
55464
55064
22768
55640
55144
22632
22848
55352
22424
22840
55496
55072
27984
22840
55416
22352
22840
55560
55072
22704
22840
55224
22560
22832
55424
22336
22848
55560
55072
22704
22848
55280
22496
22848
55432
22344
22840
55576
55144
22624
22848
55280
22488
22840
55424
22336
22840
55576
55072
22704
22840
55280
22496
22848
55432
55144
28128
24264
22840
55280
22488
22840
55496
55072
22768
55632
55192
22568
22848
55352
22424
22832
55496
55120
22704
22816
55208
22568
22840
55344
22424
22840
55496
55136
22704
22848
55208
22560
22840
55352
22424
22840
55496
55136
22704
22840
55208
22560
22848
58728
55760
22616
22848
55408
22344
22840
55560
55040
22704
22840
55280
22488
22848
55576
22336
22848
55584
55112
22624
22848
55352
22424
22832
55496
55120
22704
22840
55216
22568
22848
55424
22344
22848
55576
55072
22688
22840
55280
22496
22840
55432
22352
22848
62016
55424
22472
22848
55568
55136
22624
22848
55280
22480
22840
55472
55072
22768
55632
55144
22624
22848
55344
22432
22840
55488
55064
22760
55632
55216
22560
22832
55344
22432
22848
55496
55112
22704
22840
55208
22568
22840
55360
22424
22840
55496
55120
22704
61160
55632
55136
22688
22840
55208
22560
22832
55504
22392
22840
55584
55040
22688
22848
55288
22480
22848
55424
22344
22840
55568
55072
22704
22840
55280
22488
22840
55432
55136
22760
55568
55136
22624
22832
55280
22488
22848
55424
55128
22760
55568
55112
22632
28000
22952
55496
55072
22776
55640
55216
22568
22848
55352
22424
22848
55488
55136
22704
22840
55216
22560
22848
55352
22432
22840
55496
55136
22704
55632
55208
22568
22832
55344
22432
22848
55496
55112
22704
55632
55208
22560
22848
55352
22424
22832
55496
55880
23552
57104
55480
55192
22824
22832
55208
22560
22840
56264
55560
55088
22616
22840
55280
22488
22840
55472
55056
22768
55632
55136
22616
22832
55352
22424
22840
55488
55144
22704
22832
55208
22568
22848
55424
73248
56816
55744
23024
23664
56280
57008
56024
23168
24920
23968
22832
55280
22488
22840
55488
55072
22768
55640
55136
22624
22848
55496
55120
22696
55632
55216
22568
22848
55352
22432
22848
55560
55048
22704
22832
55280
22496
22840
55568
22352
22848
24248
55688
55144
22632
22840
55280
22488
22848
55416
22352
22848
55616
55128
22624
22840
55336
22432
22848
55504
55072
22760
55632
55136
22616
22848
55360
22424
22840
55496
55056
22768
55640
55208
22560
22848
55352
22432
22848
55536
55040
22688
22840
55264
26032
22952
22840
55280
22488
22832
55416
22344
22840
55560
55072
22704
22848
55280
22464
22840
55576
22352
22832
55568
55136
22624
22848
55280
22488
22848
55432
55136
22760
55560
55136
22624
22840
55344
22424
22840
55496
55072
22768
55640
55224
22576
22840
55352
56824
22624
22832
55352
22424
22848
55496
55144
22696
22832
55208
22560
22848
55408
22336
22840
55560
55120
22624
22840
55280
22488
22840
55424
22344
22848
55568
55136
22616
22848
55280
22480
22840
55464
55072
22760
55640
55144
22632
22848
55352
22432
22840
63856
55792
55136
22704
22840
55208
22568
22848
55360
22424
22840
55488
55144
22704
22848
55208
22568
22840
55352
22424
22832
55496
55136
22696
22840
55208
22568
22848
55352
22424
22848
55496
55136
22696
22832
55208
22568
22792
55488
55080
22776
55640
55216
22568
33008
55704
55320
22464
22840
55472
55072
22768
55640
55136
22624
22840
55352
22424
22840
55496
55112
22696
22848
55216
22568
22840
55400
22344
22848
55568
55136
22616
22840
55280
22488
22840
55480
55064
22776
55640
55152
22624
22840
55344
22424
22840
81896
22944
55416
55144
22768
55608
55136
22624
22840
55352
22432
22848
55488
55144
22704
55640
55208
22568
22848
55352
22432
22840
55536
55048
22704
22840
55288
22488
22840
55424
22352
22840
55552
55072
22704
22848
55288
22480
22848
55424
55136
22760
55616
80440
55680
55064
22688
22840
55288
22488
22848
55416
22352
22848
55568
55136
22624
22832
55336
22432
22832
55504
55072
22760
55640
55208
22568
22848
55352
22424
22840
55560
55048
22704
22848
55280
22480
22840
55496
55056
22768
55640
55216
22560
22848
55352
22424
65768
22424
22832
55568
55112
22616
22840
55280
22488
22840
55424
55176
22768
55616
55136
22624
22840
55328
22432
22848
55504
55080
22760
55632
55208
22560
22848
55352
22424
22840
55544
55072
22704
22840
55288
22472
22848
55576
22336
22848
55576
55104
22616
57072
