640
240
248
240
208
248
240
240
240
264
240
224
232
232
240
232
248
248
256
240
232
256
256
248
224
256
288
224
248
256
224
240
232
256
248
240
232
240
240
232
232
240
240
216
248
240
256
264
264
248
256
248
224
232
232
248
248
264
264
256
224
240
248
248
256
240
272
232
224
224
232
248
240
256
240
240
248
208
248
240
216
216
224
256
240
240
256
240
240
240
248
232
224
216
248
240
256
240
240
264
264
248
224
240
240
240
256
240
232
216
192
208
200
192
200
200
200
200
208
208
208
200
200
200
208
208
192
200
192
200
208
208
192
200
200
192
192
200
208
200
192
192
192
192
208
192
200
192
200
200
200
200
200
200
192
200
200
200
200
200
200
208
208
200
200
200
200
200
200
192
208
200
192
192
200
208
208
200
208
208
208
208
192
192
208
200
200
200
192
200
208
208
208
192
208
200
192
200
192
208
208
208
200
256
248
224
256
240
248
232
232
256
240
248
248
224
232
224
232
232
240
208
232
224
216
232
232
224
232
232
232
248
248
240
240
232
240
256
224
224
240
232
240
248
232
224
224
240
256
224
208
248
248
216
248
240
224
232
224
232
224
232
232
216
216
33344
232
208
240
224
224
248
232
216
240
264
240
248
240
232
224
240
232
240
224
232
248
216
256
240
240
248
232
232
240
256
232
232
224
216
232
216
216
232
232
240
248
240
224
208
224
216
240
240
224
224
232
232
232
240
224
232
216
232
232
224
216
224
264
232
224
224
240
232
248
248
240
240
224
248
224
224
224
240
232
232
240
224
232
256
240
248
232
240
232
216
240
232
232
272
280
248
224
240
240
216
240
224
216
232
240
240
248
224
224
240
224
232
208
224
248
216
248
240
240
240
640
792
240
240
240
232
264
240
240
224
232
224
232
216
224
240
232
232
240
216
224
184
200
208
200
200
200
200
208
192
192
192
200
208
192
208
200
192
208
200
200
200
200
200
192
208
200
208
192
200
200
200
192
208
192
200
200
200
192
208
208
192
200
200
200
192
208
208
200
192
208
200
200
200
200
192
192
200
208
200
200
192
208
200
192
200
200
200
208
200
192
208
208
192
200
200
200
200
208
208
200
200
200
192
200
208
192
208
200
208
200
192
208
200
208
208
192
200
208
208
208
200
192
200
208
208
208
192
200
192
200
200
208
192
192
208
192
200
192
208
200
200
192
200
200
200
208
200
200
200
208
200
208
224
248
240
240
240
216
248
224
224
232
192
208
200
208
192
208
200
208
200
208
200
208
208
192
208
208
192
192
200
208
200
200
208
200
208
200
208
192
208
192
192
208
208
208
200
192
200
208
192
200
192
200
192
208
200
200
208
192
192
192
192
192
200
192
232
248
216
232
232
240
208
232
232
240
208
208
192
208
200
192
208
200
200
208
208
192
200
208
208
208
192
208
200
200
192
200
208
208
200
208
208
192
200
200
192
200
200
192
208
208
200
208
208
208
200
208
200
200
208
192
33000
192
208
208
208
208
200
208
200
200
208
232
256
272
232
240
232
200
216
232
232
224
224
224
232
216
264
240
224
232
224
216
224
224
224
232
240
232
216
240
216
33376
216
232
216
224
240
232
232
216
216
232
232
224
224
248
224
232
240
224
248
224
224
224
240
216
224
216
208
216
232
232
264
256
264
272
240
224
232
232
224
232
264
232
224
280
320
232
224
216
264
240
224
240
224
232
208
224
232
240
208
216
264
248
304
216
256
288
240
232
224
280
240
264
256
240
216
248
240
256
240
232
240
264
304
248
256
264
232
232
208
216
216
216
232
224
224
240
232
224
224
232
216
256
224
232
232
224
224
240
232
224
264
240
256
232
224
232
224
240
224
248
256
208
232
240
224
216
224
232
224
216
224
232
224
216
224
360
240
216
240
224
216
240
224
216
224
216
216
216
248
232
216
224
224
224
456
224
224
224
256
240
224
216
224
256
232
232
224
216
232
232
232
232
256
224
248
232
224
224
232
216
216
208
224
264
264
256
280
232
240
216
248
216
248
232
312
232
224
240
224
240
224
240
224
240
240
216
224
224
240
216
216
264
240
224
288
288
304
224
264
224
240
240
224
256
216
232
224
224
232
248
232
232
312
232
224
216
232
232
248
224
232
224
224
224
240
216
240
248
256
288
288
232
232
248
264
240
216
232
240
224
240
224
33352
280
240
224
224
232
232
224
240
256
216
240
224
248
240
224
224
232
216
232
224
216
216
296
248
240
216
224
232
240
200
216
248
232
272
216
232
