12624
2264
2224
2232
2224
2616
2232
2240
2216
2224
2192
2192
2200
2232
2200
2192
2200
2200
2192
2208
2200
2200
2192
2192
2200
2192
35000
2192
2192
2192
2192
2200
2208
2200
2200
2192
2200
2200
2200
34992
2192
2200
2200
2256
3216
2304
2192
2200
2240
2208
2208
2200
2208
2192
2200
2192
2200
2200
2200
2208
2200
2200
2200
2192
2200
2200
2192
2200
2192
2192
2192
2200
2200
2200
2208
2208
2192
2200
2208
2200
2208
2200
2200
2200
2192
2200
2208
35000
2192
2192
2200
2208
2192
2200
2192
2192
2200
2192
2192
2200
2192
35008
2200
2200
2200
2208
2208
2224
2200
2192
2192
2248
2240
2216
2192
2192
2200
2200
2208
2208
2208
2200
2192
2200
2200
2192
2208
2208
2200
2192
2200
2200
2200
2192
2200
2200
2200
2200
2200
2200
2208
2208
2200
2200
2208
34992
2192
2200
2208
2208
2200
2200
2200
2200
2192
2208
2200
2200
2192
2208
2200
2200
2192
2208
2200
2200
35000
2208
2200
2200
35456
2280
2248
2208
2208
2208
2208
2200
2208
2208
2208
2192
2208
2200
2200
2200
2200
2200
2200
2208
2200
2200
2208
2192
2200
2200
2200
35000
2208
2208
2192
2200
2208
2200
2200
2200
2200
2208
2208
2208
2200
2256
2216
2248
2200
2200
34992
2208
2208
2192
2208
2192
2208
2208
2200
2208
2208
2192
2192
2192
2208
2200
2208
35000
2200
2208
2200
2192
2200
2192
2208
2200
2200
2200
2208
2200
2200
2192
2200
2192
35008
2200
2200
2192
2208
2200
2200
2200
2200
2208
2208
2192
2208
2192
2192
2200
2208
2192
2192
2200
2208
2200
2192
2200
2200
2208
2200
2208
2200
2208
2200
2192
2200
2200
2208
2208
2200
2192
34984
2208
2208
2192
2200
2192
2208
2192
35232
2232
2664
2192
2208
2208
2192
2192
2208
2200
2200
34992
2192
2200
2200
35000
2200
2208
2192
2192
2200
2192
2192
2192
2208
2208
2208
2208
2200
2208
2208
2200
2200
2200
2200
2200
34992
2208
2208
2208
2200
2192
2200
2200
2200
2200
2200
2200
2208
2192
2208
2208
2200
2208
2208
2200
2200
35000
2192
2192
2208
2200
2192
2192
2200
2200
2200
2192
2200
2192
2200
2200
2200
2208
2192
2192
2200
2208
34992
2208
2208
2208
2200
2192
2200
2192
2192
2200
2208
2200
2208
2200
2192
2208
2208
2200
2200
2200
2200
35000
2208
2200
2200
2192
2200
2208
2192
2208
2200
2200
2208
2200
2192
2192
2208
2200
2192
2200
2200
2192
34992
2208
2208
2192
2208
2200
2200
2288
3256
2208
2208
34992
2208
2192
2192
2200
2192
2192
2208
2208
2192
2200
2208
2208
2192
2200
2208
2200
2192
2208
2200
2200
34984
2208
2200
2200
2192
2192
2208
2208
2208
2200
2208
2200
2200
2200
2208
2208
2192
2200
2192
2200
2208
2200
2200
2208
2208
2208
2200
2208
2192
2208
2208
2208
2200
2200
2200
2200
2200
2200
2208
2208
2208
2192
34992
2200
2208
2200
2200
2200
2200
2200
2200
2200
2208
2192
2208
2200
2208
2208
2200
2192
2200
2200
2200
2200
2200
2192
2200
2200
2192
2208
2192
2200
2192
2200
2200
2200
2192
2208
2200
2200
2192
2208
2200
2200
35000
2208
2208
2200
2208
2208
2208
2200
2200
2192
2200
2208
2200
2208
2192
2200
2208
2192
2200
2384
2224
2248
2192
2200
2208
2192
2200
2208
2200
2200
2208
2200
2208
2200
2192
35000
2200
2208
2208
2208
2192
2200
2200
2200
2192
2208
2192
2208
2200
2208
2192
2200
2200
2208
2200
2208
2200
2200
2200
2208
2200
2200
2208
2208
2208
2208
2200
2200
2192
2192
2200
2192
34992
2208
2192
2200
2200
2192
2192
2208
2208
2208
2200
2200
2200
2192
2200
2208
2192
2200
2200
2208
2208
2200
2208
2208
2200
34992
2200
2208
2208
2200
2192
2200
2208
2200
2192
2208
2200
2200
2192
2208
2192
2208
2192
2200
2200
2208
35000
2200
2192
2208
35000
2200
2200
2200
2208
2216
2224
2224
2224
2248
35160
2248
2960
2664
2224
2224
2632
35136
59895
2256
2224
2280
2256
2240
2272
2272
2216
2280
2280
2248
2256
2256
2272
2232
2216
2240
2248
2240
2240
2312
2256
2248
2256
2272
2256
2256
2272
2232
2272
2232
2232
2232
2256
2224
2224
2208
35376
2256
2224
35360
2232
2248
2248
2264
2256
2232
2248
2648
2232
2312
2304
2272
2296
2816
2296
2232
2224
2216
2216
2224
2256
2288
2224
2240
2224
35384
2240
2640
2264
2240
2224
2224
2240
2248
2224
2232
2208
2264
2224
2224
2232
2224
2232
2240
2200
35064
2200
2208
2200
2208
2208
2200
2208
2208
2192
2192
2200
2200
2192
2192
2200
2208
2192
2200
2208
2208
2208
2208
2208
2208
34992
2200
2208
2200
2200
2192
2208
2200
2208
2200
2200
2208
2200
2200
2208
2200
2200
2192
2208
2200
2200
34992
2200
2200
2200
35008
2200
2192
2200
2192
2208
2192
2208
34992
2208
2208
2200
2192
2208
2208
2200
2208
2200
2208
2208
2200
2192
2200
2208
2208
2200
2208
2208
2208
2200
2200
2208
2200
35000
2216
2232
2224
2208
2200
2200
2208
2200
2200
2208
2208
2200
2208
2192
2264
35440
2288
2272
2248
2264
2240
2248
2192
2200
2200
2200
2208
2208
2200
2192
2200
2208
2208
2192
2192
2200
2200
2192
2200
2208
2200
2208
2208
2208
2200
2200
2200
2192
2208
34992
2200
2200
2200
2200
2200
2208
2192
2192
2192
2208
2200
2208
2200
2200
2208
2192
34984
2200
2208
2200
2200
2200
2200
2208
2192
2192
2192
2200
2208
2192
2200
2208
2192
35000
2200
2200
2200
35000
2208
2200
2208
2200
2200
2200
2200
2200
2192
2208
2200
2200
2192
2200
2200
2200
35000
2200
2200
2192
2208
2192
2192
2208
2192
2200
2200
2200
2192
2200
2192
2208
2200
2192
2272
2256
35384
2192
2192
2200
2208
2200
2208
2200
2192
2200
2200
2200
2192
2208
2192
35000
2192
2200
2192
2192
2192
2200
2192
2200
2200
2192
2192
2200
2200
2200
2192
2192
2200
