68888
57704
22816
55904
55816
56104
23120
23328
22808
55944
55912
22816
22760
55976
55968
55960
22880
22832
56008
55960
22832
22808
56432
22744
22784
55984
56264
22760
22896
56008
56040
27968
22752
22856
55952
55992
22840
22832
55944
56016
22872
22840
55752
22840
22848
55960
55920
22864
22800
55576
55384
22504
55288
22536
22488
55280
22488
55336
22488
22488
55328
22544
55288
22504
22504
55288
22488
22544
55336
22544
22632
55336
22488
55280
55336
22496
55384
22592
55320
22544
22544
55344
22536
22584
55384
22544
55328
22544
22536
55288
22496
58984
55424
22496
22488
55288
22496
55336
55336
22496
55328
22488
22544
55344
22544
23216
22472
55264
55056
22392
55288
55152
22360
55296
55120
22336
27352
56216
55256
22280
22464
55264
22272
22696
55312
55064
22384
55288
55128
22304
55264
55136
22336
22472
55120
22328
22472
55120
22328
22464
55200
22704
22688
55432
22272
22464
55264
22280
22688
55296
55048
22384
55472
55152
22352
22472
55144
22560
22472
55448
22520
22888
23816
55448
55064
22392
55280
55048
22384
55272
55040
22384
55272
55048
22392
55608
55136
22360
22472
55144
22352
22760
55600
55552
55472
22904
22464
55256
22272
22440
55272
55064
22392
55288
55048
22400
55288
55064
22408
55288
55128
22328
55272
55128
22320
22576
73976
22904
55600
55688
22952
22512
55968
55752
22808
22568
22928
55512
55728
24136
23448
22960
55512
55424
22912
22920
22512
55760
55680
22536
22576
55592
55384
22592
23240
23160
55560
55864
23192
23176
22808
56016
55792
55416
22544
22560
23144
55488
55376
22528
22576
22968
56200
55808
55352
22576
22560
22600
55760
55728
56408
22384
55288
55128
22344
22472
55144
22352
22504
55120
22328
22488
55200
22256
22472
55200
22280
22464
55272
22272
22472
55272
55056
27384
24032
55264
22280
22472
55272
22280
22472
55272
55072
22392
55264
55056
22384
55272
55064
22392
55288
55144
22560
22472
55144
22336
22472
55200
22280
22472
55200
22280
22472
55272
22272
22472
55272
55072
22392
55288
55056
22392
55288
55120
22344
55288
55128
30112
23792
22472
55200
22272
22464
55200
22248
22472
55272
22248
22504
55264
55064
22392
55264
55056
22392
55296
55120
22336
22472
55120
22344
22472
55144
22568
22776
55192
22288
22488
55200
22240
22472
55272
22240
22472
55272
55040
22392
22704
55536
55456
23512
25472
23592
55272
55072
22392
55288
55056
22392
55288
55128
22336
22488
55120
22328
22472
55128
22312
22472
55120
22336
22464
55216
22280
22472
55200
22280
22448
55192
22272
22472
55272
22280
22472
55272
55064
22392
55288
55072
22392
55288
55048
22376
55256
55128
22336
22464
55912
56880
22344
22480
55192
22248
22472
55200
22248
22464
55272
22272
22472
55432
55064
22368
55768
55416
23256
22608
23016
55888
55488
55728
23080
23744
22496
55144
22360
22496
55176
22280
22464
56608
55720
55768
22864
22840
55760
56464
22288
79422
22472
55152
22336
22496
55200
92720
55288
22264
22472
55272
55072
22376
55288
55040
22392
55272
55144
22352
22488
55128
22312
22512
55152
22360
22472
55144
22352
22488
55200
22248
22464
55200
22280
22440
55200
22280
22440
55248
22280
22472
55272
22272
56912
23224
22496
22480
55128
22328
22472
55128
22328
22464
55216
22280
22472
55200
22272
22472
55192
22272
22704
55272
22280
22472
56160
55816
56192
22760
23696
22832
55936
56776
22640
22792
22840
55856
56048
22624
22792
22784
55944
55720
22824
23376
83224
582816
22968
22800
56024
55512
56176
22744
22664
22808
56064
56016
55432
22616
22736
22688
55600
55352
23016
22704
22696
22816
55664
56328
22840
22760
22552
55584
55920
22584
22752
22944
22832
56472
56280
55488
23136
23640
23080
55912
55760
55528
22776
56864
23216
22992
56344
56224
56320
23208
22816
23840
22784
55488
56736
56376
23160
23152
23320
23256
56096
55464
22592
23352
22832
55944
55456
55296
22488
22520
56120
55600
22528
22688
25048
22656
56968
56472
55880
23632
22640
22552
55480
55640
22816
22816
59560
55832
22464
22776
22576
55776
55720
22656
23016
55976
55680
55568
22800
22680
22760
55640
55512
22632
22784
22872
55512
55328
22680
22824
22712
55712
55744
57496
23792
23824
23064
55528
55728
22536
22568
23616
55600
55464
58976
22848
22784
22568
55752
55336
22792
22664
22880
55336
55656
23048
24136
22544
56088
55656
22472
22552
22560
55944
55928
23024
22656
22616
55568
55640
23232
22880
55472
55408
22576
22584
22544
55456
55288
22568
22536
55624
55328
26032
22560
22552
55944
55632
23128
23064
22968
55872
55712
23128
22520
55464
55768
22376
22560
22752
55944
55880
23040
23048
55808
55504
22720
22800
22752
55696
55496
22776
22736
55672
55648
22624
22736
22792
55704
55552
22720
22784
23208
55688
55528
22760
22768
55720
55584
22624
22768
22744
55680
55504
22752
22696
22792
55576
55544
22752
22760
22728
55616
55528
22784
22736
55848
55488
22688
22760
22792
55592
55896
22760
22744
55704
55504
22672
22744
22752
55704
55520
23080
22920
22712
55992
55584
22720
22784
22760
55552
55528
22864
23072
55640
56048
22696
23288
23560
56216
55880
23776
23152
23096
55880
55896
23056
22976
55984
55904
23144
22528
22504
55480
55312
23000
23216
55744
55680
23064
22904
25592
55456
55352
22416
22536
22528
55520
56008
23112
23128
55992
55800
23112
23184
23280
56064
55864
23160
23120
22552
55400
22416
22520
22536
55784
55872
22960
22560
55480
55376
22392
22528
22544
55696
55432
22784
22752
22648
55976
55448
23016
23256
22760
22744
55672
55776
22432
22680
23360
56280
55968
55680
22568
22632
22784
55968
55752
22856
22560
22872
55424
55720
22600
22936
23032
55432
57264
56224
22648
22632
55600
55568
55584
22696
22856
55544
64680
56032
55768
22696
22552
55888
56544
22336
22464
55272
22280
22472
55264
55072
22392
55288
55040
22392
55272
55088
22360
55288
55128
22336
22496
55136
22336
22488
55120
22328
22464
55192
22248
22456
55192
22240
22472
55200
22248
22496
55200
22272
22472
55272
22272
22912
23624
55264
55064
22944
22712
22728
56336
22256
22488
55272
55064
22392
55256
55072
22392
55288
55056
22384
55256
55040
22392
55272
55048
22376
55264
55104
22352
55288
55128
22352
22496
55128
22336
22464
55120
22328
22464
55128
22320
22480
55120
22328
22488
63376
57016
22384
22496
55264
55072
22392
55296
55040
22392
55264
