400008
359400
359152
358824
399560
359088
358848
391648
358848
365160
391904
358856
358808
391592
358840
361032
391944
358944
358904
391688
365704
359152
391688
358896
358832
358848
360432
359000
391664
358800
358848
474007
395416
429120
588264
401888
364808
365280
396896
361600
402960
364448
359544
365120
396120
422511
363856
363168
395176
364168
363496
392152
359088
358840
358840
379672
359152
391600
358704
358704
396696
359056
358992
391568
358848
391616
362720
358704
391488
358728
358848
363120
358992
391536
359144
359136
391744
363184
359128
391928
359144
359008
405064
362784
362472
359144
391936
405368
359144
359104
391752
358992
399408
363544
358896
358688
357664
390464
357512
363192
358352
390768
358256
357952
390312
362816
357808
390400
357520
357672
390456
357664
435840
363920
364568
391872
358256
357672
395496
390616
357520
357672
357664
357656
357672
396208
391920
358072
358224
390712
357936
364048
399112
391896
358248
362648
359136
391960
394376
358552
358096
515656
358312
357656
404824
391456
358056
357672
390168
357680
363416
360368
391040
357968
357616
390472
357664
362312
390768
357512
357680
390472
357664
363520
359208
390752
357520
357672
390320
357672
363160
391344
357664
357664
390448
357672
357672
360576
395776
358656
362776
361368
361424
366816
359184
397032
397632
359320
394744
364944
404856
360120
367528
365128
397768
400304
396600
398160
370592
359816
367160
368128
453425
502184
522407
364736
401472
396720
363344
370256
371880
361832
358944
401104
391456
358448
357520
390480
357672
362720
360816
391776
358072
357528
390320
357664
373464
358400
390504
357664
357680
390464
362960
360200
358184
390624
357672
357520
390472
421352
391640
358072
357816
390472
357672
362264
391448
357624
357520
390472
357672
357520
397192
358456
357968
357968
357976
357976
392032
390776
357616
357520
390480
357672
357656
402048
358464
357960
390616
357520
357664
390456
364056
358504
357856
357528
360024
365104
424504
359480
358160
390464
357616
357616
390400
364712
358400
357472
357624
357664
390464
400216
359088
357368
390464
358024
357824
390760
366424
358960
360512
391104
357864
357672
424904
400992
396096
359048
358448
357912
358024
374888
360872
363000
359000
391152
357912
423216
391936
358064
357376
390456
357664
369512
364976
364872
363200
358840
467936
369448
365904
358800
396232
397520
358832
357672
404520
391200
357520
391920
357784
358112
398152
391720
363328
361528
358408
357976
357968
359576
357528
390752
357960
357976
390768
368256
358704
358152
390328
357608
357672
357960
366880
357976
390624
357968
357976
390336
362144
361032
358264
390560
357952
357968
390768
363056
357768
390456
357952
357664
390464
361464
357968
390320
357664
357592
390464
357664
393296
359144
358360
390464
357968
357952
391408
358456
357864
357920
357904
357912
357920
438640
391496
357968
357960
390704
357968
429392
361320
358504
390864
357904
358072
390752
468312
359168
366488
364192
363120
364440
371712
371872
375960
415832
415976
456392
365440
366208
365480
361560
358560
467696
396824
358640
357672
390408
357672
357672
412344
391536
358312
358256
391056
358256
439432
390760
358256
358264
391072
358272
358256
442072
358768
358208
357920
358008
357920
481304
391712
358216
357912
390952
461472
516129
359160
391400
357720
357960
390312
357672
397336
358704
357896
390744
357664
357664
396440
358856
357968
357656
357672
365272
365568
363488
358264
390456
357672
357672
390472
364568
358360
390168
357672
357536
390464
357648
370120
358952
391248
357664
357672
390408
363472
369544
364760
358848
358160
357520
357664
374704
370248
360368
358608
359584
365272
358992
357968
357968
390448
357664
357664
397312
391104
357960
357960
357528
357664
377400
359072
498648
359152
390464
357520
361248
394648
391112
358016
357656
390472
357672
366976
391312
357512
357656
390768
357816
357672
401416
391480
357656
357616
390400
357616
369360
359112
390704
357896
358240
390744
357664
369936
358712
390312
357824
357520
390464
365200
358952
357672
390480
357672
357664
357680
364336
358112
390168
358064
357672
390424
361344
362496
357960
390752
357520
357672
390464
364488
358408
390176
357512
357672
390456
357664
359952
358120
390336
357664
357672
357664
364904
367848
361416
358792
357384
357520
357664
373184
358992
391008
357664
357584
390464
367360
358888
357968
390776
357968
357520
357680
370584
358312
358064
357960
357528
390456
404408
391864
358056
357664
390480
357672
357672
405592
391552
357816
357808
357672
357672
362080
392192
358888
364664
357672
390320
357672
371176
358552
390472
357672
357520
390464
362976
359088
357968
390464
357672
357664
390456
363120
359472
474112
359144
357664
390320
429608
366296
357664
358264
357520
390464
357672
361648
358648
390408
357664
357664
390472
417440
391808
358160
357680
390464
357664
357672
396536
358696
357624
390464
357672
357680
396472
391896
358016
357680
390480
357664
357672
405416
391464
357576
357672
390176
357168
365672
390776
414848
405752
366472
373904
381624
359064
358008
395376
392160
358160
357520
475744
363496
396248
395696
399264
402376
414104
374920
414384
414552
405224
364992
360976
358744
358464
391016
358064
357960
398632
357912
358056
390752
358064
357960
402496
393200
390720
358048
357968
358064
357912
368208
416232
511408
391360
357968
361736
533592
366208
359152
361376
391496
357968
367256
358560
390472
357520
357664
390464
361552
361856
363816
362248
363992
364104
363168
397528
397120
394456
391104
357968
357968
411040
391448
357672
357960
390760
357968
361784
358984
357816
357672
390440
357520
357656
409536
358704
357976
357952
357968
357520
357664
400040
391888
357608
357656
390456
357664
420600
398808
361904
391592
358408
357824
399096
358088
357672
357816
358256
358216
358216
421664
391392
358208
358256
391000
358256
358064
357960
358016
357920
358016
357920
357984
399216
391440
358072
357920
390728
357896
358024
397856
357920
357912
390816
357912
358064
396888
358112
357912
390808
357912
358016
390696
367120
358680
358024
390840
358112
358064
400552
394576
358208
357672
390456
357976
358256
399760
391648
358232
358264
391064
358256
358264
402648
358120
357656
390464
514328
358360
408384
390952
357672
357672
390768
358208
366080
358992
391120
357968
358216
358064
357952
363848
390856
357912
358064
390760
358072
357968
396776
391392
358104
357968
390872
358064
365440
391256
357920
358064
390688
358064
357976
406520
371416
359232
390968
358064
357960
420296
366176
358696
390416
357664
357984
396752
361016
358280
358144
390912
358256
358536
399848
358704
358200
358248
358264
358264
358256
540903
359096
358264
357960
357976
357960
373384
358408
357424
357520
357672
421680
362312
358936
358216
357976
357672
357672
357680
363928
358848
401936
391304
357520
357672
357640
360640
358104
357672
357664
357512
390464
438314
362552
362664
361952
368968
358656
371296
358696
390720
357968
357960
390752
357920
363112
604192
358696
357968
390768
361856
366080
358592
357808
390448
358040
357664
402144
409424
365968
361968
391752
357808
368520
358952
