1440
328
264
240
248
248
224
240
248
224
264
264
232
208
240
240
272
264
224
224
256
256
248
256
248
248
240
240
240
264
240
264
224
256
240
232
232
256
248
256
232
256
240
240
240
224
240
248
232
232
248
248
248
240
232
240
224
264
256
248
288
232
232
248
240
264
256
240
33184
232
240
232
240
248
272
248
248
264
232
224
240
264
232
248
240
248
256
240
240
248
248
256
240
232
240
240
256
264
232
248
248
264
240
232
240
264
248
248
264
256
264
264
232
240
248
240
264
248
256
248
232
208
200
200
208
208
192
208
192
208
200
208
208
208
208
208
192
200
208
200
192
208
208
208
200
200
192
264
192
200
200
200
192
208
200
208
208
192
208
208
33008
208
232
216
208
200
200
200
200
208
200
208
200
200
208
208
200
208
208
208
200
200
208
192
208
200
200
200
200
208
200
208
208
200
200
208
216
208
216
208
200
200
200
208
200
216
208
208
192
208
208
200
208
208
192
216
208
200
200
200
208
208
200
208
208
208
200
200
200
200
192
208
200
208
200
208
200
200
200
208
208
192
200
208
208
208
208
200
208
208
208
200
208
208
208
208
208
208
208
208
200
208
200
200
200
200
208
208
208
208
208
208
192
192
200
208
208
208
208
208
208
200
208
200
200
200
200
192
208
208
200
208
208
208
200
192
200
200
208
200
200
200
208
200
200
200
200
192
200
200
208
208
208
200
208
232
280
224
216
208
208
208
208
208
200
208
200
208
192
208
208
208
200
208
208
200
208
192
216
200
216
200
200
208
200
200
200
200
208
200
208
200
208
208
200
208
208
208
200
200
208
208
208
208
208
208
208
208
192
208
208
208
208
200
208
208
208
208
200
208
208
208
200
200
200
208
200
208
200
200
208
192
208
200
208
208
208
200
208
200
208
208
200
200
208
200
200
208
200
192
208
200
200
208
200
200
208
208
208
208
200
200
200
208
192
208
200
200
200
248
224
200
208
200
200
200
200
208
200
200
200
208
208
208
200
192
208
200
200
208
200
208
208
208
32992
200
200
200
192
208
200
200
224
216
272
224
256
240
216
224
216
216
224
240
232
256
224
232
408
232
248
216
232
232
232
240
232
232
240
232
256
264
240
232
232
288
248
232
240
232
232
256
232
232
240
256
232
248
272
232
224
280
232
232
256
232
224
216
240
232
224
248
208
216
232
720
256
224
240
224
224
216
224
216
224
232
248
208
192
208
216
216
224
240
232
224
224
256
232
232
216
208
224
224
240
264
232
240
272
248
216
256
1552
232
240
232
200
208
208
208
208
200
208
208
200
200
208
200
200
208
208
200
208
208
208
208
200
200
208
208
200
208
208
200
208
208
208
192
192
200
200
200
208
200
200
192
208
192
208
200
208
208
192
200
208
208
200
208
208
208
208
208
208
208
208
208
200
208
208
208
200
208
208
200
200
208
208
200
192
200
200
200
208
200
208
200
208
200
200
208
200
200
200
208
192
208
200
208
208
200
200
192
200
200
208
200
200
192
208
200
200
208
192
208
208
208
200
200
200
200
192
208
192
192
208
200
200
208
208
208
208
208
200
192
208
208
208
208
192
200
192
192
200
200
192
208
208
200
216
232
224
248
224
224
224
640
224
224
240
232
240
208
264
240
232
216
216
232
232
232
232
248
216
216
224
824
224
216
216
33344
232
216
1144
224
224
256
216
216
232
224
248
208
216
224
224
608
312
256
232
216
216
216
216
216
232
232
216
232
240
240
224
240
224
224
208
224
216
224
232
232
256
216
240
224
240
224
240
248
240
224
232
208
208
200
208
208
200
200
208
208
200
200
200
192
200
200
208
216
208
216
296
224
208
208
208
200
200
208
264
248
224
248
256
248
264
216
232
272
240
248
240
248
240
232
240
240
232
232
272
216
224
240
224
256
224
232
216
216
216
224
224
240
224
224
224
224
232
232
224
216
264
216
208
248
224
232
216
232
240
224
232
224
216
224
216
216
248
208
240
224
240
224
280
224
224
232
232
208
224
224
208
256
232
256
224
232
224
232
232
224
216
216
224
232
240
216
208
232
264
216
240
224
232
224
224
256
224
240
256
256
248
256
224
232
240
248
224
224
224
224
240
224
232
240
216
240
224
216
232
216
224
232
216
232
272
240
232
224
216
216
232
216
200
208
192
208
208
200
192
192
208
200
200
208
200
200
208
208
200
208
208
192
200
200
200
208
208
208
208
208
208
200
200
192
208
208
200
200
200
200
208
200
200
200
192
208
200
208
200
200
