543241
408240
418024
419008
421648
425656
408712
372800
586504
416000
427760
379320
572784
425736
378304
423816
410400
407816
376608
412584
412360
453224
410616
384320
379616
406232
412216
366776
366664
366552
366968
418696
367072
367136
400080
400432
412048
399720
367112
366888
367464
407832
369064
378504
400544
400128
367088
400344
400056
366920
366944
366632
811712
378992
430304
412976
411208
410208
373720
409352
606032
375928
370912
408856
376040
1134703
368056
366584
439272
400192
400216
399864
366568
367512
400288
400192
401160
366992
366784
371144
368280
401784
400264
400072
444896
368456
368224
401760
402336
442824
401048
367736
367704
367712
455457
366536
367528
399792
399488
400512
411880
400144
399712
399320
400328
400056
408032
400312
366632
367416
367272
367032
379944
367544
366960
366784
366744
366680
372648
367872
367064
367680
367256
399992
400408
407976
366792
399488
399848
400440
399552
409248
412920
399720
404536
400104
400280
751960
409576
401416
400984
366784
419280
400344
399280
400008
366952
367456
377888
401000
366464
366728
367464
366920
367344
403136
376504
367296
366488
367264
366480
370664
367544
366600
367072
367504
366592
390360
417536
379472
366608
367800
367440
423120
400376
366488
367104
366768
367472
383312
406448
400664
400072
399512
367560
499224
400640
399432
400152
367144
366600
415624
366528
367408
366936
371536
446415
435584
399488
399504
399272
367464
367416
412608
366744
367528
367344
367304
367160
375064
367640
367512
367400
367432
400456
400416
402864
399816
399952
366936
366768
366608
428040
399176
399728
366720
367704
367472
376488
367448
367264
366880
366864
368200
945888
403552
504289
412640
413392
381312
367608
366264
366632
367920
424528
401240
399992
366640
367056
366960
376576
366856
366672
367656
367384
367232
457736
368880
368768
366872
367640
367144
377152
378456
413872
405000
366560
399824
416128
382056
415976
383152
413624
415024
487359
367704
367048
367888
368128
367184
426601
406880
410592
376240
408096
400824
419736
371912
411520
409896
380952
411288
381352
410640
407696
376952
406280
417928
421928
509984
429143
367728
366936
445817
413816
371312
367680
367032
367512
432968
366720
367584
367040
367664
367000
375688
366760
367160
367656
367376
367616
405784
367200
400088
400408
399912
400384
506144
377888
406736
401104
399816
400648
845127
403520
366944
399416
399344
403144
399368
400336
367504
367240
367248
370224
367528
367728
366760
367576
367432
400224
410312
400112
399752
399832
399920
367144
370208
367192
367432
367440
367608
367320
434432
400056
399776
366496
367400
366928
425785
379240
366424
366880
367736
367640
381328
400320
366752
367720
367256
366800
367744
370224
367464
367520
367120
367440
366472
377048
367336
367728
367120
366976
400312
406776
399984
399416
399320
400232
367224
409080
399752
367608
367424
367336
367240
368104
368984
366944
367712
367288
366880
367112
521144
479528
426944
376456
409768
423712
367464
366776
367336
367152
366672
418904
366888
366960
367912
366880
367784
379272
367600
367680
369448
375752
367224
513968
437495
400288
399432
399856
400392
409120
399440
399800
367712
367240
366888
376896
367960
367520
367336
367112
366952
366864
373176
367664
366896
367584
366624
367104
414416
367672
366752
367408
400168
399928
413952
399320
400128
401256
400480
400000
500992
399560
399720
399312
367344
366504
375944
367528
366784
366816
367664
367736
370504
368120
367688
367096
366512
400184
399472
401904
400336
400144
367576
367024
366992
369552
367296
367600
367608
367528
400280
402880
400200
400168
399824
367168
366984
367032
367096
366824
399792
366592
367688
394953
367360
367160
366632
366952
367000
374520
367760
366960
367720
367080
399408
407240
395216
415568
379784
409536
411040
584264
408496
381936
761704
375056
406448
378112
367200
367504
366936
367368
379480
367208
367736
366952
366440
367232
373544
366832
366672
367592
367128
400552
410184
367352
366552
400088
399904
399440
435792
407840
399376
400176
366976
366560
416688
399800
366728
367624
367328
367056
379208
366672
367656
367328
366784
367560
367472
412856
367520
366256
367472
399680
400392
414560
399968
400056
399408
400216
399568
445400
366792
366776
367240
366776
367592
383736
368344
367824
367608
368528
368720
438752
369544
366872
367800
366728
367592
429103
367736
366440
400080
399544
400480
429168
456160
368024
373688
366976
367872
416824
400536
366904
367608
367152
366536
382904
604208
410216
410576
411864
410688
503808
413848
701664
409256
373976
368864
367080
367536
366816
367880
366760
374640
372544
407464
404960
405128
407640
399760
399392
367320
367712
367128
462680
368136
367760
368608
367408
367176
461184
366832
366816
367616
367416
367200
428800
367144
367368
367592
367296
367888
367064
411592
375872
375712
409048
405704
422672
408808
405704
406304
375984
374576
428336
380048
411152
405888
376496
408104
482200
414552
378656
409064
411664
390224
407496
408280
407112
377192
367448
461608
369480
367576
367720
367592
366568
420192
400312
400352
367096
367680
367304
366712
373920
367304
367304
366472
367264
366832
466112
366976
367400
366792
367584
367296
381680
366984
367560
366944
367800
367488
376312
367176
366808
400648
400288
400168
445664
409264
400136
400144
366592
367216
412128
366608
367304
367152
367648
367296
749944
413136
400408
399552
400328
367296
374328
366680
367240
367168
367136
367656
418527
367760
366288
367712
367688
366928
421448
366640
366992
367728
367432
366984
422345
367864
367296
367600
366880
400392
422119
367712
367024
367600
367336
366672
412504
367712
367304
399720
399872
399744
400512
562425
520832
443624
375848
404416
420264
378296
410576
410320
376648
421160
377704
409392
406664
376864
376640
506712
377048
408200
408928
375928
410536
445247
400040
400600
399952
366368
367736
416040
366944
583152
400872
399960
366952
437528
368216
367520
368416
400696
401096
413176
375336
367072
366824
367568
367576
713769
530032
406576
376840
408776
400312
400600
367216
366376
367688
367088
368088
399800
400464
400480
400016
400432
440184
367624
367816
366808
367896
366960
441064
399616
399496
400320
366920
366272
437592
366984
399400
399920
400280
399384
428760
367024
399944
399440
400592
400016
408312
400176
367208
366728
366616
367600
432360
399544
399616
399656
367096
367336
366488
366632
366560
367152
366832
367704
367176
465888
367216
367624
367280
367024
366480
370216
367376
367016
400488
399936
399504
1277033
411520
374696
406008
424544
405784
408048
374552
404664
406408
629544
372176
407384
376000
373728
425648
374928
405864
407912
375448
408496
408536
366552
367072
366600
400360
400000
747864
369608
367696
367872
366848
460384
366808
367288
367616
367488
367432
412392
367064
366672
366992
367208
400168
473896
402200
399392
399480
399664
367120
367488
410136
407384
373584
367632
366848
367376
371992
367112
367352
366880
367168
367840
377544
367024
367312
367320
367096
366456
476208
400176
399592
399864
367672
366552
500568
405296
399360
399224
399568
367080
411056
400376
403536
367600
