37272
35624
2504
2384
2424
2392
2432
2464
2432
2408
2360
2440
2400
2424
2392
35560
2536
2440
35536
2488
2456
35496
2392
2392
35560
2408
2384
2416
2432
2416
35576
2408
2408
2888
2408
2352
2360
2296
2304
2320
2304
2304
35104
35096
35144
2352
2320
2280
2352
2376
2320
2344
2328
2336
2336
2336
2360
2336
2368
2360
2320
35160
2336
2360
2304
2368
2360
2328
2320
2344
2320
2312
2328
2320
2344
2344
2344
2344
2336
2336
35152
2304
2352
2352
2336
2296
2328
2304
2352
2344
2336
2336
2352
2352
2344
2456
2376
2320
2320
2344
2360
2296
2344
2312
2336
2312
2368
2360
2344
2352
2352
2344
2336
2424
2352
2344
2304
2360
2384
2344
2416
2272
2264
2272
2264
2264
2256
2272
2256
2264
2344
2736
2312
2312
2384
2280
2256
2256
2264
35056
2264
2264
2272
2264
2248
2256
2264
2256
2248
2256
2264
2256
2264
2256
2264
2264
2272
2256
2272
2256
2256
2264
2264
2256
2264
2264
2272
2264
2256
2272
2256
2264
2256
2256
2256
2272
2264
2256
2272
2264
2272
2264
2264
2272
2264
2256
2288
2408
2320
2320
2352
2368
2360
2344
2248
2248
2256
2272
2256
2272
2256
2264
2256
2256
2272
2264
2264
2272
2264
2264
2264
2264
2264
2256
2264
2256
2272
2272
2248
2248
2248
2256
2248
2248
2248
2256
2264
2264
35064
2264
2264
2264
35064
2256
2264
2264
2256
2256
2264
2264
2256
2272
2264
2256
2264
2256
2264
2352
2392
2376
2272
2264
2256
2256
2264
2264
2256
2264
2272
2272
2264
2256
2264
2272
2256
2256
2272
2264
2264
2272
2264
2264
2264
2264
2272
2256
2272
2264
2264
2272
2264
2256
2264
35072
2280
2280
2264
35072
2264
2264
2264
2272
2264
2272
2264
2264
2264
2264
2264
2264
2264
2264
2264
2280
2272
2264
2280
2264
2264
2272
2272
2272
2264
2272
2280
2264
2272
2264
2272
2264
2272
2264
2272
2280
35056
2264
2280
2264
35064
2272
2280
2272
2264
2272
2264
2272
2264
2264
2272
2280
2264
2264
2272
2272
2272
2264
2272
2264
2272
2264
2280
2264
2272
2264
2264
2264
2264
2272
2264
2280
2272
2280
2264
2264
2272
35064
2264
2264
2272
35056
2256
2488
35312
2536
2392
2320
2328
2296
2392
3304
2272
2272
2264
2256
2256
2256
2256
2248
2256
2280
2272
2264
2264
2256
2288
2272
2320
2272
2296
2328
2456
2296
2288
2344
2272
35080
2272
2256
2256
35232
2304
2496
3088
2392
2304
2320
2376
2576
2424
2312
2320
2272
2368
2392
2328
2360
2360
2320
2320
2352
2304
2400
2312
2368
2344
2304
2368
2352
2784
2352
2320
2336
2336
2288
2424
2448
2304
2336
35184
2312
2352
2368
2288
2312
2344
2384
35224
2352
2216
2328
2304
2320
2704
2344
2360
2384
2416
2328
2328
35256
2336
2344
2328
2320
2352
2368
2328
2384
2344
2392
2616
2312
35296
2312
2360
2328
2320
2344
2296
2304
2352
2368
2312
2320
2280
2272
2296
2376
35272
2328
2320
2368
2360
2440
2384
2360
35248
2336
2352
2392
2304
2344
2352
2384
2376
2360
2560
2416
2288
2328
2744
2496
2360
2368
2336
2384
2336
35240
2392
2312
2336
2328
2360
2368
2312
2328
2336
2312
2352
2344
2344
2344
2800
2400
2376
2304
2376
2336
2352
2376
2344
2328
2304
2288
2344
2320
2304
2344
35208
2312
2328
2304
2296
2304
2344
2344
2696
2320
2344
2312
2392
2896
2864
2360
2296
2264
2312
2408
2384
2360
2384
2320
2328
2432
2384
2456
2336
2360
2416
2368
2424
2336
2360
2336
2328
2328
2392
2288
35608
2280
2272
2320
2312
2320
2272
2312
2384
2352
2296
2304
35640
2328
2320
2288
2320
2376
2504
2320
2384
2272
2312
2304
2272
2304
2376
2400
2384
2352
2352
2400
2360
2360
2464
2392
2360
2336
2336
2384
2368
2336
2952
2352
2384
2368
2448
2344
2400
35248
2424
2272
2288
2296
2288
2336
2264
2296
35256
2336
2288
2336
2288
2312
2280
2256
2248
2288
2288
2256
2272
2280
2280
2264
35072
2264
2272
2264
35064
2896
2280
2312
2360
2288
2328
35240
2328
2336
2328
2304
2344
2368
2328
2312
2336
2320
2352
2336
2296
2464
2336
2304
2312
2264
2296
2280
2272
2328
2280
2552
2336
2440
2456
2344
2392
2432
2576
2248
2256
2256
2264
2264
2256
2264
2272
2264
2256
2264
2256
2264
2264
2272
2264
2272
35064
2272
2256
2264
35104
2248
2264
2256
2256
2264
2264
2256
2264
2264
2256
2264
2264
2272
2248
2248
2248
2248
2264
2264
2264
2272
2264
2256
2256
2256
2256
2264
2256
35064
2264
2264
2264
35064
2272
2264
2264
2264
2248
2280
2320
2320
2424
2360
2352
2328
2272
2272
2256
2256
2264
2264
2256
2264
2264
2272
2272
2256
2264
2264
2264
2264
2272
2272
2264
35576
2304
2352
2296
2288
2264
2304
2288
2296
2408
2288
2264
35056
2256
2264
2272
35048
2256
2256
2256
2256
2248
2256
2256
2256
2272
2256
2256
2272
2256
2264
2264
2272
2256
2264
2248
2264
2280
2272
2264
2256
2256
2256
2256
2264
2264
2272
2256
2264
2264
2264
2256
2272
35240
2264
2248
2248
35056
2248
2256
2256
2248
2248
2256
2248
2256
2248
2272
2264
2264
2256
2248
2248
2248
2248
2256
2256
2248
2256
2248
2248
2264
2264
2256
2256
2248
35048
2248
2256
2256
2248
2256
2256
2256
2248
2264
2248
2248
2264
2248
2264
2256
2256
2256
2256
2264
2272
2264
2272
2264
2264
2264
2264
2272
2272
35056
2264
2264
2272
2264
2392
2312
2328
2368
2344
3088
2296
2344
2392
2312
2328
2672
2312
2336
2320
2376
2352
2336
35232
2344
2304
2296
2368
2344
2344
2320
2320
2312
2280
2320
2472
35272
2328
2328
2376
2400
2328
2320
2352
2304
2392
2328
2320
2328
2304
2408
2392
2304
2328
2368
2328
2336
2304
2304
2344
2328
2296
2312
35240
2312
2296
2360
2368
2368
2352
2440
2320
2432
2352
2336
2328
2288
2400
2352
2296
2288
2376
35224
2288
