30568
57992
23672
23512
23920
23368
56672
57368
56360
56376
23536
23352
56448
56280
56896
23688
23296
56216
56208
23376
24880
24104
24944
24328
24488
24232
24856
24320
24312
24992
26008
24200
58224
27872
34415
24528
24984
68847
58608
57576
25280
24552
101808
56616
57496
58416
57696
57240
57728
25000
24856
24552
24992
24912
24200
24840
25984
109042
81295
26016
23576
23344
56592
56480
23400
23728
23824
56920
25624
58264
57864
60072
56768
57088
69056
68282
25672
24912
135184
58352
57864
57296
57264
57064
56752
24064
23584
25168
56864
58032
57120
57984
57552
56872
57816
25736
57560
57096
57480
57520
57816
25584
25480
24944
32872
56928
23792
23064
57424
71751
57952
23336
23440
23112
56800
58064
56208
22888
23256
23920
25112
56480
56184
58736
23488
23080
23152
56208
55912
22648
23072
23016
23128
56000
56024
22824
23504
22992
23200
23488
57640
58576
56312
56080
25440
24064
25376
23160
56896
56384
57904
23672
23528
23272
56264
55968
56448
81489
23976
22848
55872
55112
22624
22832
55288
22480
22848
55424
55136
22760
55640
55768
24432
22824
55616
55136
22624
22840
55352
22416
22848
55496
55064
22768
55648
55184
22560
22840
55352
22432
22848
55536
55760
58016
23768
23280
23120
56624
56144
22872
23792
23560
23112
55872
56376
22800
23048
23768
56048
55776
22736
23104
23152
56104
55832
56064
22888
23488
55984
56000
56088
22968
23880
24464
56664
56056
55752
23064
23864
23104
61080
91160
24664
23416
35090
56512
68815
24272
56648
55920
55832
23360
23304
23272
23944
56600
58392
55920
23080
23160
24784
24320
57088
56968
56992
23648
23080
23208
23152
56200
60528
62120
56640
23960
23200
23088
23296
55936
55888
55656
23112
23080
23176
56096
57040
56320
55968
23304
23552
23592
23392
23376
57688
56096
56368
25328
23600
24160
24232
57312
58728
56888
55680
24304
23320
23336
59816
56056
23384
23704
23848
56256
56224
56000
23312
22936
23104
56592
55968
23216
23208
23704
56944
56080
56016
23152
23576
22984
56464
55824
23160
23280
23288
56088
57184
23464
23432
23280
55776
55472
23480
23976
22920
55744
66568
56608
22976
23352
23296
56376
56000
56320
23144
23632
23672
56144
55896
23032
23304
22912
56144
55840
23552
23784
23464
56536
57400
56512
23200
24536
23504
56056
55960
55736
23936
23296
23352
56752
56600
56208
23952
23720
23168
23600
56104
55976
55872
24584
24808
23600
23872
56072
55904
55544
23176
23216
23328
55896
55712
23768
23112
23568
24440
56088
56080
23176
23272
23080
23640
56072
55688
59816
23424
23528
23048
23968
57992
55704
61512
56520
23288
23912
22992
56320
57816
56312
58096
24848
27744
25744
25752
25384
25616
25248
56328
57736
56072
56120
23016
23904
23392
56224
56296
56200
23560
23344
23192
23224
56320
55992
23720
23192
23856
24752
55952
74944
24344
57304
56208
56640
22880
23528
23624
23144
56712
55816
56456
23112
23536
23760
23560
56336
56136
56048
23520
24008
23592
23312
23104
57128
55864
55920
23824
24232
23904
23448
56408
56488
56104
23496
23416
23776
23840
55696
55144
22624
22840
55352
22424
22848
55504
55120
22696
22840
55208
22576
22840
55352
22424
22840
55552
55072
22704
22840
55272
22488
22840
55424
22344
22840
55568
55072
22704
22848
55208
22568
22832
55344
22424
22832
55576
55056
23616
23696
23128
23136
55888
56096
22944
23288
23496
56208
56232
55696
23304
24336
24600
55984
55864
56456
22960
23696
23104
56104
56192
55896
23352
24664
23160
56904
55824
56224
25336
25096
25960
23920
23056
58072
78520
26344
25248
25552
56552
57112
55496
22768
55632
55216
22568
22840
55352
22424
22848
55496
55112
22704
55640
55208
22568
22856
55352
22424
22832
55560
55064
57184
55488
22624
22840
55328
22432
22848
55496
55784
23456
23888
23728
23256
56192
56568
55896
22904
23728
23528
56872
55768
56072
22744
23840
23664
23168
55984
57016
56232
22968
23384
23392
56272
56136
57040
55800
23656
23352
23280
24296
56368
56368
55792
23800
23528
23328
23472
24008
56128
56384
55920
23048
24384
24096
23200
56496
56608
55944
23200
23952
24376
23456
56192
56048
55752
22768
23080
23488
23552
57048
55768
56856
24568
23832
23360
56664
56336
55736
22912
23200
23176
27360
56136
55944
55648
22848
23000
23040
55840
55576
22664
22976
23024
56336
55792
55752
23016
23248
23568
23632
55936
55920
55848
23424
23080
23608
56064
56200
56672
24048
23640
23152
23080
55784
55656
23232
23248
23224
23944
23720
56392
55768
56408
23232
23224
23192
56136
56016
56048
22896
23224
23088
56432
55784
56160
23376
23728
23160
55928
56192
55720
22936
23136
23488
56016
55856
56136
22800
23080
23112
55920
55680
55584
22960
23096
23248
55984
55672
23376
23920
23184
23680
56336
55768
55624
23472
23912
23576
56008
56160
55664
23000
23840
23448
55976
56416
22704
23000
23304
23080
56664
56080
22984
24184
23112
25264
57048
56312
56048
56600
24216
26808
23416
23728
59392
56112
56872
23024
23840
23704
23840
56984
56040
56392
56840
23624
24328
23608
56592
56120
56576
56000
24176
23688
25352
23280
56088
57080
55992
57096
24376
24424
23432
23112
56200
56088
56544
56480
23088
23328
23472
56920
56128
56200
23424
23184
23896
57016
56848
55872
56376
22824
22960
23984
56040
55832
23344
23536
22952
56160
56224
55720
23776
24024
23488
56192
55920
22736
23688
23368
23904
22936
57072
55840
56128
23320
23840
23408
56112
55808
56192
25808
24944
23832
23384
56152
55888
23808
23472
24088
23064
56584
55784
23192
23064
23304
56872
56144
56056
23152
23304
23496
56728
55960
56664
22944
23000
22976
56536
56136
23152
23376
23256
23408
56376
56320
56080
23424
23536
24048
56616
57208
55488
22920
23160
55880
55656
55496
22864
23544
55904
55696
55488
23184
23944
24096
56832
56080
23216
23816
24248
22936
55736
55576
55920
22656
23696
23760
60360
56848
55920
22936
23664
23208
56048
55760
22960
23256
23240
56056
55744
23264
23160
23240
56104
55904
22728
23192
23216
56136
55928
55744
23096
23240
56128
55880
55760
23096
23264
56136
55936
55720
23112
23176
56208
55968
56200
23024
450183
221152
25592
24048
23544
23488
56848
217408
24008
23624
22952
59680
56000
55584
23312
24520
23768
24024
56176
56320
23144
22960
22968
55904
55568
22672
23176
24648
56632
56104
56064
23456
23600
56536
56240
56680
23488
