1112
288
240
240
224
288
240
240
240
232
240
216
344
232
264
296
232
208
216
216
200
272
216
272
216
224
224
256
288
232
208
240
232
208
256
208
232
216
200
240
224
232
240
232
232
216
288
232
232
224
240
248
264
232
240
216
232
240
192
176
176
192
184
184
184
192
176
176
184
176
184
192
184
184
184
184
176
184
184
184
184
184
184
192
184
184
176
184
216
192
176
176
192
184
192
184
176
192
184
192
192
176
184
184
184
176
192
176
184
184
176
192
184
176
176
192
192
176
192
184
176
272
176
176
184
184
176
176
176
176
184
184
184
176
176
184
176
184
184
176
192
184
184
176
176
176
176
192
184
192
200
184
184
200
184
184
192
176
184
184
184
184
216
240
176
184
184
176
184
184
192
192
184
184
184
184
200
192
184
184
192
192
192
184
184
192
176
184
192
192
184
192
200
184
200
176
192
216
216
192
184
200
192
184
184
192
192
200
176
184
192
192
192
184
184
184
200
176
192
192
192
192
184
176
184
192
184
200
184
192
184
184
192
192
192
192
184
200
184
184
192
184
192
184
184
184
192
192
176
192
200
184
184
192
192
192
192
184
192
184
192
192
192
192
192
192
192
184
184
192
184
192
184
184
184
192
200
192
184
176
184
184
184
184
184
184
192
192
192
184
200
176
192
192
184
192
176
192
184
184
192
176
200
184
192
184
176
184
184
184
184
176
184
184
192
192
240
216
232
216
248
184
184
192
192
192
184
192
184
184
200
184
200
176
192
192
192
192
176
192
184
176
184
33032
184
192
184
192
200
176
184
192
200
192
184
192
184
200
192
184
184
184
200
184
184
184
184
192
184
192
192
200
184
200
184
192
192
192
192
184
176
184
184
192
192
176
184
192
184
200
192
192
192
184
184
184
192
200
184
192
176
192
192
192
184
184
184
192
192
192
192
184
192
184
192
184
192
192
184
184
192
184
184
192
192
200
184
192
184
184
192
176
184
192
184
192
184
184
184
200
192
184
176
184
184
184
184
184
184
192
192
184
176
184
192
200
200
192
216
200
224
232
200
216
224
216
216
272
240
232
232
512
200
208
208
216
224
192
176
200
184
176
200
184
200
184
184
192
184
184
184
192
192
192
184
200
192
192
192
184
200
184
192
192
176
184
200
192
176
184
184
184
184
200
192
192
184
184
192
192
184
184
184
200
192
192
176
184
184
184
184
184
184
200
192
192
184
184
184
176
192
184
192
192
192
184
184
184
192
192
200
192
192
192
184
184
176
184
184
200
192
200
192
184
192
184
184
192
192
192
184
192
176
200
184
184
192
192
184
192
184
192
184
176
192
184
192
176
192
192
184
184
176
200
200
200
184
184
176
192
184
184
184
184
192
184
192
192
184
192
184
192
184
176
192
184
184
184
184
184
184
184
200
232
224
176
192
176
184
176
184
192
184
176
176
176
184
192
184
176
192
184
176
184
176
184
184
184
192
184
176
176
184
184
176
176
176
184
176
184
184
184
176
176
176
192
176
184
176
176
176
176
192
192
192
192
176
184
176
184
184
176
176
184
192
176
176
176
176
184
176
184
192
184
184
184
184
184
184
184
192
192
184
176
32976
176
176
176
184
192
192
176
192
176
176
176
176
176
176
176
176
176
184
176
184
184
176
192
192
184
33008
192
184
184
184
192
192
184
184
176
184
184
184
184
184
184
184
184
176
176
176
176
176
176
184
176
192
184
192
176
176
176
184
192
184
184
184
176
176
176
184
176
184
176
176
176
176
192
192
176
176
184
208
192
264
232
232
232
240
232
256
248
240
232
240
240
208
216
248
232
248
240
240
232
232
224
248
240
240
224
200
256
224
208
240
200
232
224
232
216
240
232
680
216
216
208
216
224
232
216
248
200
216
208
208
216
224
216
216
224
240
232
232
224
232
248
216
208
248
224
200
216
216
232
224
248
208
216
216
248
216
216
232
224
232
6168
240
232
216
232
248
232
248
240
232
248
232
232
33360
224
616
224
216
216
240
208
240
232
208
248
216
208
208
232
208
208
224
208
224
200
248
232
216
272
200
240
232
232
224
248
232
224
232
216
232
216
208
240
208
200
216
248
208
224
216
232
216
224
272
240
232
256
216
248
216
232
224
264
232
216
216
240
224
232
224
256
224
216
256
224
240
224
208
224
216
216
232
232
216
288
216
224
232
208
224
280
224
216
232
232
216
232
240
208
248
232
216
224
232
216
232
240
240
232
232
240
216
240
216
200
216
272
232
216
224
224
240
200
208
200
