372176
442768
401240
367320
369688
400712
12697664
368520
402192
368720
400992
401272
541632
401992
368248
400960
400712
729440
402856
368208
401592
403728
368096
402360
368616
443392
400848
367560
401944
382960
400880
367664
400592
400288
441024
369160
401416
367792
367672
475384
368080
370744
401096
368368
401272
445392
375000
408920
454496
411272
375184
404984
401768
454584
401392
368016
402216
369176
367408
401904
369272
399784
439704
366848
399808
367912
367912
477008
367320
367784
400952
450600
400960
518736
366680
400264
388320
556968
370160
404152
368000
405696
581288
368752
368640
404304
370416
402064
372592
407264
371624
379960
413288
404448
375096
369664
442640
405168
404240
402448
368120
370720
444152
403216
404704
368408
367776
367688
371224
402376
402024
368824
369848
441560
371496
402728
401960
371560
368392
450640
402800
401920
368968
370504
401672
479392
403864
362384
394912
428344
362144
449592
394920
395624
362152
367432
370160
442792
518160
400312
367616
374472
406416
396088
362144
362056
362144
394928
394864
436880
362496
362136
394944
394944
362136
374344
363136
368616
362152
362400
362328
484049
372800
364928
362144
362160
394936
489400
406768
386968
425032
424776
424272
479108
400464
394936
362144
362160
362144
460764
424712
425696
423376
435744
495064
401968
394960
394936
362144
362152
380336
368784
401264
362152
362144
362136
368312
409672
362152
394944
394928
362144
362144
370104
362144
394944
394936
362032
362144
369304
365136
362152
362144
395080
362144
362064
371272
362136
362136
514448
367712
414480
394928
362144
362120
362160
394912
398984
394960
362048
362144
362144
362144
394928
402472
394952
362136
426008
394864
362144
442928
362152
394944
394816
362144
362152
396293
362168
362056
394888
362144
362152
369088
362152
394936
394936
362152
363712
362136
447256
394896
394936
362096
362152
362144
402128
394944
394944
362152
420216
362152
429960
394968
394928
368400
362136
362144
362152
394864
394936
362144
362152
362144
394936
398056
362144
362144
362136
362160
394944
397776
362160
428520
394848
362144
362152
362136
410088
362152
394936
362144
362144
362144
374608
362080
394928
394864
362144
362144
365008
362152
394944
394912
362144
362144
362080
421304
362160
362160
394952
394904
362128
365016
362144
394944
394936
362096
362144
362160
397320
394952
362160
362152
362144
394944
414107
400688
366832
362152
394936
394936
416669
394936
362144
362144
362152
402696
402736
394944
362160
362136
362144
362152
394928
397528
362136
362104
362072
394944
394944
365056
362160
362144
394944
501136
394944
485619
369280
368824
403056
400864
402248
451064
370912
364456
362152
362152
362152
418725
362072
394936
362152
362144
362144
368464
362112
394944
362152
362144
362152
362144
446059
398384
399984
394848
362152
362152
442808
362072
394944
362136
362144
362144
435737
394944
398848
362136
362064
362136
424960
362144
362136
362152
362160
394944
394936
426208
362152
394952
394944
362144
362144
374576
362152
362152
394928
394944
362144
504160
394976
362136
362136
362152
394944
435744
408928
409296
409448
376832
375880
442416
409088
436096
362136
362144
394880
410104
389104
413712
421872
423720
414296
13690943
371904
368832
402080
412944
368488
405328
400480
400584
368536
370560
401096
400632
401704
367952
367528
400760
409616
367896
367288
400712
427224
362144
367888
362136
394824
394936
362152
362144
362144
367568
394936
394936
362152
362152
362152
507728
365824
367152
400808
399944
400808
371424
367776
401248
401272
367568
368064
371104
400376
401320
367896
368840
368272
405600
401472
366744
367256
366528
400312
362208
394992
362136
362144
425856
404280
362152
362160
362144
394928
394952
401936
362144
362152
362144
394944
395024
362144
367264
362152
362144
394904
394952
362152
497312
396568
394976
362392
370584
362152
370248
362088
425504
362144
362152
362144
379016
366432
366688
366120
362144
362144
367736
362160
362136
394944
402712
362136
528144
367896
399352
397408
394944
362152
362152
364968
362048
362152
394944
362056
362144
370200
362144
362144
394936
394936
362152
369632
362144
362152
394912
394944
362144
362144
369056
362152
362144
394944
362144
362136
377912
362096
362136
362136
394936
394912
367896
362144
362152
362144
362144
394936
362136
368096
362160
427080
362144
362152
362152
369640
362144
394848
394936
362144
362056
368880
404448
373072
368552
362120
362144
367608
363344
394936
394944
362144
362160
362136
401888
394944
394936
362144
362144
362152
399429
395208
362048
362144
362072
362136
406816
362152
395576
395184
362152
362168
362152
565112
394896
362328
362112
362168
362120
479048
394936
362088
362136
362144
362144
397968
394888
362144
362144
362152
406128
365432
394840
394944
362160
362080
362136
394936
397752
362144
362144
362152
362152
395008
364904
362136
362144
362160
394944
394864
362136
362144
362144
362144
362144
394944
394944
410464
394928
362152
362144
362152
394848
402896
394888
362136
362152
362160
394952
405656
429328
362144
362144
362160
394936
394936
404256
362144
362152
362144
616351
415032
367888
362048
394904
362136
362040
362152
370328
362128
394936
394936
362144
362096
367800
362144
394936
405176
402144
410760
455349
362160
362152
362152
394944
362144
414216
401216
362152
362152
362152
362136
394936
425944
362152
394944
394904
362136
362144
367608
362152
394832
394952
362152
362144
382900
362136
394928
394936
362120
362160
362144
472295
394952
394944
362096
362160
362152
401560
394928
394944
362136
362144
362152
401184
394856
394936
362160
362112
362056
394944
404704
394944
362152
362152
362136
362128
411344
394944
435208
362080
362088
394936
402304
394944
362128
362152
362912
370224
362920
363544
362144
362136
362152
394880
394944
488592
362144
362160
394936
394944
362144
381920
401768
395040
362216
362376
362160
374400
362192
394928
394952
362160
362160
372624
366560
362152
362128
394936
394928
362144
456304
394928
362144
362152
362152
394936
480480
398872
399792
366584
366344
367424
402472
400064
399696
366480
367072
365176
463217
362144
361944
362056
362160
394928
398160
362152
362048
362104
394944
394904
525280
362152
362152
362128
394944
394904
411408
399208
400624
368904
367920
366680
421992
367728
368352
400784
401760
367456
430512
366920
368016
365816
401168
398944
552568
401200
367528
368792
367200
441632
447416
367280
401192
400608
399560
432496
401944
367160
366432
401080
399560
423408
367600
401584
399856
400584
368264
367456
399960
473944
400432
399808
378368
366880
401208
399344
369072
367248
415080
366584
366712
367640
367288
400456
1031808
401864
401720
366968
366904
408080
410216
376320
412592
409472
417528
375872
409032
408920
404560
367472
523704
427144
947264
429960
381528
401544
366664
369576
366240
399776
518280
400984
399448
401264
368240
369520
418552
373704
367600
367936
401184
399976
442736
367880
3604968
368568
512400
369312
367256
367000
401264
400832
376360
405000
400592
400536
366656
366568
8184232
364136
362160
362136
362136
394952
394952
423320
394944
395376
362152
362056
362136
413736
369104
