40136
2192
2184
2192
2192
2176
2176
2248
2608
2288
2200
2256
2312
2264
2544
2176
2184
2184
2176
2192
2192
2192
2184
2176
2176
2192
34984
2192
2176
2184
2184
2184
2184
2256
2176
2176
2184
2184
2184
34984
2192
2176
2176
2184
2184
2176
2184
2176
2176
2176
2184
2184
2184
2184
2176
2176
2176
2184
2176
2176
2192
34984
2184
2176
2184
2288
2240
2288
34976
2240
2320
2240
2288
2232
2208
2256
2464
2504
2328
5608
2232
2256
2216
35144
2344
2280
2240
2480
2288
2176
2176
2192
2272
2448
2224
2640
2264
2224
2232
2264
2208
2264
35224
2232
2288
2264
2240
2224
2320
2232
2368
2224
2240
2184
2240
2216
2328
2336
3224
2184
3048
2248
2264
2232
2224
2280
2240
2344
2304
2432
2280
2216
2184
2184
34992
2184
2176
2192
35000
2192
2176
2192
2192
2184
2184
2184
2192
2192
2176
2176
2176
2192
2176
2256
35152
2248
2304
2224
2176
2176
34992
2176
2272
2240
2240
2240
2288
2232
2240
2288
2232
35192
2272
2248
2240
2224
2256
2320
2248
2216
2248
2304
2240
2240
2240
2264
2248
2224
2256
3240
2184
2240
2280
2232
2176
2176
34976
2184
2192
2184
2184
2176
2184
2184
2256
2280
2272
2216
2240
2264
2184
2184
2240
2264
2256
2184
2184
2176
2240
2264
2296
2232
2232
2184
2184
2176
2184
2176
2184
2176
2656
2400
2288
2176
2184
2192
2184
2512
2224
2256
2352
2248
2256
2272
2328
2280
2256
2256
2232
2304
3208
2184
2192
2176
2184
2192
34992
2176
2184
2184
2176
2184
2184
2192
2184
2176
2184
2184
2184
2184
2184
2184
2192
34984
2176
2176
2184
2184
2184
2184
2184
2184
2296
2256
2224
2264
2216
2200
2312
2280
2208
2264
2224
2256
2256
2240
2248
2264
2264
2248
2232
2256
2240
2264
2240
2640
2240
2232
2240
2240
2240
2248
2256
2264
2240
2264
2256
2240
2240
2256
2232
2232
2248
2248
2232
2224
2248
2256
2232
2240
2240
2232
2272
2240
2240
2240
2232
2240
2248
2232
2248
2256
2240
2248
2232
2248
2264
2216
2248
2272
2248
2248
2256
2240
2240
2272
2240
2232
2240
2240
2256
2280
35160
2248
2240
35144
2240
2232
35160
2216
2272
35168
2248
2240
35168
2264
2240
35168
2248
2240
2256
2256
2240
2240
2256
2264
2224
2264
2264
2240
2256
2240
2256
2224
2240
2240
2648
2232
2240
2224
2264
2240
2288
2240
2240
2256
2232
2272
35168
2232
2232
2224
2248
2240
2240
2240
2216
2240
2240
2248
2232
2264
35160
2256
2264
2256
2240
2248
2248
2240
2240
2224
2232
2232
2256
2240
2240
2248
2240
2224
2248
2248
35152
2240
2248
2240
2248
2248
2248
2240
2264
2224
2248
2288
2240
2256
2224
2224
2264
2248
2224
2256
35160
2240
2240
2240
2248
2232
2232
2256
2240
2248
2256
2248
2232
2240
2248
2240
2256
2224
2240
2296
2232
35136
2224
2232
2232
2232
2232
2224
2224
2256
2232
2232
2240
2232
2232
2248
2240
2232
35176
2264
2256
2240
2240
2232
2232
2264
2224
2264
2232
2248
2256
2248
2232
2224
2224
35168
2240
2248
2816
2232
2456
2496
2248
2240
2248
2232
2232
2248
2232
2240
2232
2256
2232
2232
2240
2232
2248
2232
2240
2240
2240
2256
2216
35168
2256
2248
2248
2272
2232
2240
2232
2248
2240
2232
2248
2232
2240
2232
2216
2224
35152
2240
2232
2240
2256
2248
2248
2248
2264
2248
2208
2208
2216
2224
2224
2816
2280
2240
2232
2232
2232
2240
2248
2288
2688
2240
3216
2176
2176
2176
2184
2184
2176
2176
2184
2184
2176
2192
2176
34976
2184
2184
2184
2192
2184
2184
2176
2176
2176
2184
2176
2176
2192
2192
2176
2184
2184
2184
2192
2184
2184
2176
2176
2176
2184
2184
2176
2176
2192
2176
2184
2176
2176
2176
2192
2184
2176
34992
2192
2176
2184
2176
2184
2184
2184
2176
2176
2184
2184
2184
2184
2176
2184
2184
2184
2176
2192
2184
34976
2184
2184
2176
2176
2192
2192
2176
2192
2184
2176
2184
2176
2176
2176
2176
2176
34992
2176
34992
2184
2192
2176
2184
2192
2184
2176
2176
2176
2176
2176
2184
2184
2184
2184
2184
34976
2184
2184
2184
2176
2184
2184
2184
2176
2192
2184
2176
2184
2184
2176
2184
2184
34992
2176
2192
2176
2184
2184
2192
2184
2448
2208
2184
34976
2184
2192
2184
2176
2176
2184
2192
2192
2184
2184
2176
2176
2184
2184
2176
2192
2176
2192
2184
2184
2176
2184
2184
2184
2176
2176
2176
2184
2176
34976
2176
2192
2176
2184
2184
2176
2176
2176
2184
2184
2184
2192
2184
2184
2184
2184
34984
2176
2176
2192
34984
2184
2184
2176
34984
2184
2192
2184
2192
2184
2192
2184
2184
2176
2184
2184
2184
2192
2176
2184
2184
35264
2240
2240
3184
2184
2176
2176
2184
2176
2184
2176
2176
2184
2184
2184
2184
2184
2184
2176
34976
2176
2184
2176
2192
2184
2176
2176
2184
2176
2184
2176
2184
2176
2184
2184
2176
34992
2176
2192
2176
2192
2184
2176
2184
2184
2184
2192
2176
2192
2176
2184
2192
2176
34984
2184
2192
2184
2176
2176
2176
2176
2184
2176
2176
2184
2192
2192
2176
2184
2176
2176
2184
2176
2184
2176
2184
2184
2184
2192
2192
2184
2192
2184
34984
2176
2184
2176
2184
2192
2176
2176
2176
2184
2184
2192
2184
2192
2176
2184
2184
34984
2176
2184
2192
2184
2176
2184
2184
2192
2192
2176
2184
2176
2184
2176
2176
2184
34984
2192
2184
2176
2192
2184
2176
2176
2176
2184
2176
2176
2184
2648
2664
2192
2208
2216
2216
2208
2200
2256
2208
2288
2240
2232
2224
2200
2232
2200
2248
35144
2232
2304
2232
2240
2208
2240
2184
2192
2176
2176
2184
2176
2184
34976
2184
2192
2176
2184
2176
2176
2184
2176
2192
2192
2176
2184
2184
2184
2192
2184
2184
2184
2184
2176
2176
2184
2184
2184
2184
2176
2184
2176
2184
2176
2176
2192
2192
2184
2192
2176
2184
2176
2176
2192
2176
