71904
23040
22792
55488
22720
22736
55536
22704
55488
22688
22752
55536
23744
55776
22744
55496
22704
55504
22704
22696
55488
22704
55496
55504
22704
55480
22696
22696
55480
22744
55536
22704
22752
56680
23024
55488
22696
55488
22712
55480
22760
22704
55488
22696
55488
22704
22688
55648
22696
55504
22712
22704
55632
22736
69640
56792
56368
56272
56320
56264
56280
56392
56464
56184
56552
56088
56256
56352
56104
56448
56768
56272
23200
23240
56112
55880
23224
23040
55976
55840
23960
22928
55872
55920
23552
23136
27632
24280
55536
22704
55504
22696
22696
55496
22696
56304
25232
24760
22872
22920
56544
25104
24568
24688
24376
59680
58328
57920
68408
58120
24872
24960
25344
24608
23680
56528
58040
58528
25432
25640
25960
58776
58944
58744
25184
25592
25248
60520
58896
58920
58136
25928
25304
58952
58176
58760
25696
25360
25816
25536
55912
58104
58616
58112
28064
25008
25024
24896
24800
57464
56696
58488
25568
25680
25992
58696
58200
58744
25088
25744
25992
59184
58232
58216
25544
25472
26056
58528
58464
58384
58736
25632
25448
25640
57312
56496
57992
25160
25144
25112
24928
25032
58120
57688
57072
23432
23112
23640
22912
56584
56392
22784
24184
22984
57152
56728
56304
22744
22912
22920
23088
55488
22328
22672
55312
57376
23936
23224
23720
56880
56136
55864
23208
23368
23120
56384
55920
102998
56760
23312
23568
23448
22784
55200
22384
22696
55312
22256
22696
55400
55064
22520
22688
55184
22424
22664
55272
22328
22664
55400
55064
22496
55488
55104
22480
22656
55272
22328
22672
55376
55056
22752
22680
55200
22384
22664
55272
149880
55680
22560
22680
55128
22464
22680
55424
22320
22656
55320
55056
22608
55392
55056
22520
22640
55208
22408
22664
55272
22320
22672
55384
55224
22552
55480
55096
22472
22688
55272
22312
22688
55328
22256
22688
55400
55064
22552
55488
55096
22472
23184
23000
55648
56024
22768
23664
23040
23096
56696
55920
23904
23688
23936
56536
57016
56544
23176
22936
25080
56616
55904
56160
22888
23656
22936
55968
55880
22976
24344
23768
22848
55920
56264
22824
23096
23304
56144
62032
55944
22768
23360
23016
22976
56464
56696
56024
56280
23016
23280
23328
56152
56824
56296
22840
23752
23448
56144
56184
55848
23400
24536
23568
56144
56304
55960
22952
24144
23760
23080
56016
57056
55920
22696
22696
23632
23624
23128
166152
23224
56064
55968
58008
23616
23848
24464
24696
57272
55872
55752
55680
23168
23696
23136
55888
55840
56368
23128
23648
23464
56624
55864
56048
23024
23368
23264
23056
56024
60232
56632
56224
23192
23056
23520
23776
56064
55936
55864
22944
23248
24120
23064
56096
57160
56464
23408
23480
23512
23200
56216
55848
56168
23944
23776
23352
55904
56504
55744
22896
23104
22944
55920
56712
55720
23656
23160
23352
23160
56056
56176
56008
56256
22856
23368
23184
23384
56104
56264
55832
23320
23568
23064
23552
56056
55984
56304
22952
23704
23480
56024
55840
56016
22792
23304
23016
23200
55536
55584
56728
22552
22672
59432
55816
24248
22688
55440
55024
22560
22664
55488
23960
24200
22688
55880
56040
56864
24424
22688
55400
55032
22528
55480
88096
22696
55200
22384
22680
55272
22304
22672
55344
22256
22696
55392
55064
22544
22664
55128
22464
22688
55272
22328
22672
33320
23464
22728
55264
22312
22672
55312
55048
22616
55384
55056
22528
22696
55168
22376
22672
55272
22320
22672
55344
55064
22600
55464
55080
22488
22696
55200
22376
22664
55272
22328
22696
55320
22256
22672
55416
55056
22520
55488
55096
22488
22672
55200
60880
22744
22688
55328
22256
22688
55384
55056
22536
55488
55104
22488
22656
55272
22312
22664
55312
22256
22696
55376
55056
23160
22688
55328
22264
22672
55392
55056
22536
55488
55096
22488
22664
55264
22328
22688
55320
22256
26744
23872
56480
56296
55816
22672
22688
55312
22264
22672
55384
55056
22752
55480
55120
22480
22664
55272
22328
22696
55312
22256
22672
55376
55064
22536
55480
55104
22480
22672
55248
22328
22688
56080
55720
55544
24600
22696
55384
55056
22536
55480
55096
24120
22680
55400
55024
22520
55472
55096
22488
22696
55200
22392
22672
55272
22336
22672
55312
56216
23568
23168
58272
56112
56328
22800
23008
23768
56040
55928
55832
22768
22952
23920
55448
22256
22664
55400
55064
56304
56504
23080
23448
56192
55968
56128
22928
24096
55488
55120
22480
22656
55272
22320
22688
55328
55048
22616
55384
55056
22528
22664
55200
22392
22664
55272
22328
22664
55368
55000
22592
55480
55104
22536
22680
55200
22384
22664
55264
22336
22664
59640
55688
22320
22664
55312
55056
22616
55400
55056
22552
22696
55200
22384
22672
55272
22328
22664
55328
55048
22616
55392
55048
22552
22688
55120
22488
22696
55272
22280
22696
55320
22256
22664
55392
54992
22608
55480
55096
22480
22672
55200
22400
22664
55280
22328
23728
23936
55488
55056
22528
22680
55192
22384
22672
88400
22688
55320
22264
22672
55392
54984
22616
55496
55024
22552
22664
55200
22384
22672
55272
22328
22672
55320
55056
22616
55392
55056
22528
22696
55128
22488
22664
55240
22328
22664
55272
22328
22672
64248
56624
55464
22304
22680
55312
22264
22696
55376
55064
23720
23008
22976
56504
55056
22536
23728
55432
55048
22616
55376
55056
22536
22688
55128
22456
22688
55272
22304
22688
55344
22256
22688
55392
55056
22552
22664
55200
22392
22672
55272
22328
22664
65832
56656
57376
22552
22696
55408
55064
22536
55488
55096
22488
22688
55256
22304
22688
55304
22256
22664
55400
55064
22504
23008
55336
22376
22688
55272
22312
22672
55560
55448
22552
55488
55096
22480
22696
55200
22376
22664
55272
22304
22680
55344
55048
22608
23480
22744
55200
22400
22688
55272
22304
22664
55336
22256
22696
55384
55056
22504
22696
55128
22464
22672
55272
22328
22696
55312
55064
22616
55384
55056
22536
22688
55128
22456
22696
55280
22312
22688
55312
22256
22664
55408
55056
22536
22688
55192
22384
87686
57032
55936
55536
22552
23376
55872
55680
22608
22808
23848
55480
55056
22536
22664
55200
22384
22680
55264
22320
22672
55392
55064
22528
55480
55088
22488
22696
55200
22392
22664
55264
22328
22672
55328
55128
22520
55480
55088
22496
22688
55200
56336
22736
22688
55440
55032
22552
22664
55200
22392
22672
55272
22328
22672
55328
55048
22616
55376
