1096
240
248
272
264
216
240
256
248
216
224
256
240
232
256
264
248
248
240
232
248
248
224
240
232
232
264
272
272
272
248
248
264
240
224
256
272
240
248
248
232
224
232
280
248
240
240
248
256
232
264
248
264
256
248
272
256
248
264
264
248
256
240
248
264
248
240
216
272
248
248
256
240
232
296
248
232
248
224
232
224
248
264
208
240
232
224
224
240
264
224
312
216
216
224
272
224
240
224
232
240
240
264
240
232
240
280
224
232
224
304
248
232
272
256
248
240
216
240
240
264
256
280
224
224
232
224
232
232
240
248
232
240
256
272
272
264
224
272
224
224
208
248
224
248
232
208
216
224
264
224
232
264
256
256
248
33144
240
240
264
224
232
232
264
232
240
240
240
248
232
240
240
224
232
224
232
248
240
232
248
240
248
232
240
232
224
232
224
232
232
232
248
248
240
240
248
256
232
232
264
240
216
256
240
232
248
248
240
240
232
264
264
232
232
240
232
240
216
232
240
240
240
248
240
216
232
240
240
240
240
232
232
224
232
240
224
240
248
248
232
232
240
240
232
240
216
248
240
264
232
240
248
216
224
240
240
240
240
248
256
240
224
232
224
232
232
256
232
248
33136
224
224
240
224
240
248
232
232
216
224
232
240
224
264
232
248
232
232
240
240
224
256
232
240
232
240
224
224
248
232
240
232
224
256
216
232
248
232
232
240
224
232
248
240
240
216
248
224
232
240
240
232
240
232
256
248
232
240
33144
232
224
240
240
240
240
248
240
248
216
232
232
224
240
248
224
248
224
240
240
232
240
248
248
256
224
248
224
232
232
232
232
232
232
240
240
216
240
232
224
248
240
224
240
33144
232
224
248
240
240
232
248
232
224
248
248
232
240
232
232
240
224
224
232
240
216
232
240
232
232
232
216
240
232
256
240
232
240
248
224
240
240
240
232
232
232
248
232
232
232
240
232
224
256
256
224
240
232
232
232
240
240
248
224
232
224
232
232
240
216
224
232
240
232
224
232
240
240
232
240
224
224
320
224
248
256
224
232
232
232
224
224
232
264
224
512
232
208
224
240
248
272
240
224
224
248
224
224
224
232
232
224
208
224
224
248
240
224
240
240
232
232
232
240
232
240
240
240
280
248
240
248
240
232
248
232
216
216
224
216
208
216
224
272
256
248
240
224
216
240
248
280
240
232
240
224
224
216
264
264
264
240
208
240
240
240
224
256
232
240
288
232
240
232
264
216
232
256
256
256
256
232
232
232
232
208
240
240
288
224
240
256
240
240
216
232
224
224
232
216
240
248
232
240
216
248
232
232
232
248
248
232
240
240
232
232
240
224
224
232
240
248
232
240
240
224
224
232
232
240
232
224
232
224
256
224
232
240
232
232
224
240
224
224
224
216
248
216
248
208
232
240
224
224
216
232
224
216
224
3800
224
248
216
216
224
224
224
224
264
224
240
216
216
232
224
232
224
33152
224
216
224
248
224
232
232
216
240
256
240
216
240
240
232
248
248
232
240
216
224
240
256
264
280
264
296
264
264
224
248
240
272
240
224
264
224
272
264
280
248
232
232
232
248
33176
272
280
232
224
264
248
240
256
240
232
264
240
256
232
280
256
256
248
256
240
264
256
248
264
224
232
232
256
272
240
240
248
232
264
256
256
240
232
272
240
264
208
240
224
224
264
240
248
232
272
256
232
280
248
256
280
264
224
256
224
240
240
240
232
224
272
248
208
256
256
256
256
240
248
256
240
240
248
248
272
224
264
240
248
240
240
248
240
232
248
224
264
224
256
256
240
216
224
240
240
240
232
240
256
264
224
248
240
232
272
256
240
256
240
248
248
224
256
232
232
232
224
232
240
256
272
248
264
256
264
232
272
272
232
248
264
240
304
232
256
232
256
264
232
248
248
232
240
256
240
240
240
240
240
272
256
264
248
248
248
240
224
224
248
264
224
264
232
232
224
248
256
224
232
208
256
248
224
264
280
256
232
232
248
240
232
240
232
232
224
224
232
240
224
240
224
240
224
232
248
248
232
280
232
264
240
224
256
264
264
240
232
232
248
248
296
240
256
232
232
264
280
240
240
232
240
248
296
224
256
232
272
256
264
240
232
224
240
232
264
272
240
256
248
224
312
232
256
240
264
272
280
232
240
240
256
232
296
264
256
232
240
208
248
240
232
240
224
224
240
224
224
216
224
240
240
240
240
224
240
240
232
264
264
256
224
312
256
280
280
232
240
256
240
224
272
232
248
248
224
240
232
264
256
240
232
216
