74736
23000
22768
55504
22720
55504
22712
22720
55512
24272
23008
55504
22712
55544
22752
22720
55504
22760
55504
22744
22760
55552
22744
55512
22720
22752
55544
22712
55520
55536
56480
24104
56880
56312
56896
23840
23640
23824
56816
56760
24256
23880
56792
56776
56720
23792
23896
56832
56616
23680
23784
23864
56720
56752
56808
23792
56752
56696
23864
23864
56680
56696
56784
23864
23992
23856
56512
56776
23800
23912
23920
56672
56784
23728
23888
56712
56736
56800
23840
23832
56664
56752
56720
23912
23936
23912
56760
56664
23912
23912
56760
56736
23832
23792
23848
56696
56600
120322
25560
26424
26232
23136
57432
59816
26984
26320
26312
26360
22784
55952
57720
58408
59776
26128
26224
26304
56448
55800
22544
22776
22736
55904
58024
59472
59240
26064
26352
26184
22800
56096
55760
57752
26248
26448
26520
26504
26128
55952
55808
58072
25344
26320
26472
26288
59616
55848
55968
23248
25440
26344
26312
65048
59560
58368
56856
56368
23704
23824
56560
56488
56712
23624
23776
23664
57520
56984
56896
23760
57336
57368
23736
23832
23192
55976
56056
24184
23208
23144
23344
56376
56160
58440
24136
23184
22952
56272
55736
23240
22704
22704
23040
56488
55504
22336
22680
55480
55144
22544
55504
55208
22480
22680
55504
22344
22704
55472
55144
22552
55496
55216
22488
22680
55352
22336
22672
55416
55072
22632
55496
55216
22496
22704
55360
22336
22704
55744
57304
22832
23848
24568
23352
55872
55904
56232
22968
23000
22920
55784
55672
55632
22856
22984
56400
56176
55760
23176
23368
56248
56416
56072
24248
23000
23176
24608
56000
56424
22776
23416
23448
56776
56096
56304
23912
24064
23168
23456
55952
56064
22816
23544
23616
23528
56168
56280
56360
22952
23664
23352
23216
56176
55888
56024
22896
22984
23080
55752
56296
55608
23280
23064
23048
55904
56872
56584
23552
22984
23464
55832
55720
23096
23448
23560
23248
23192
55936
56600
55760
23248
23368
23080
58176
55616
56160
24232
22976
24504
55936
56160
55896
22720
23112
23112
22984
56032
56128
56056
23280
23304
24208
55864
55888
55712
22960
23416
23272
56552
60536
60208
56392
23368
23688
23088
56520
55912
56096
23568
23096
23128
56416
55832
56352
23648
23576
23848
23328
56120
55672
57400
23680
23464
23464
56080
56120
56288
23104
23136
23520
23152
56600
55768
55608
22728
23072
23240
23056
23464
56072
55720
22992
23432
23624
23168
56480
132184
56328
23264
23248
23432
56696
55792
55944
22968
23160
23296
23168
56400
56608
56176
23104
23624
23576
23536
56112
55896
56200
22984
23096
23160
23248
23184
56152
57816
56456
56160
23248
23192
23096
57552
56672
56152
23120
23144
23048
23224
56144
55976
55904
55680
23472
22984
23072
55816
55912
55944
22848
23528
23320
23648
55992
55768
55928
23048
23448
24112
23552
24088
56192
55680
55608
23184
23048
23088
55840
55896
56296
23016
23200
23648
23296
56368
56344
55888
23048
23344
23200
23200
56160
56064
55928
24304
23696
23024
55960
55712
22888
23160
24448
23456
56032
55680
62744
24232
23336
23408
23256
56088
56104
55920
23576
23264
23312
23552
56240
56360
23200
24120
23576
55936
55856
56848
22736
24264
23312
56968
55648
55528
22752
22880
56024
57824
56832
24416
23256
24648
57416
56360
57320
27088
24616
24696
23456
57400
56616
24576
24320
24560
25072
56416
57568
23576
24608
24208
24424
58200
57464
55848
23184
22912
23952
56712
56264
55864
23384
23472
58216
58304
56576
22432
22712
55384
22264
22680
55472
55112
22568
56376
66393
24160
23120
56864
56032
56160
22840
23168
22704
55360
22336
22704
55408
55064
22600
55488
55144
22560
22672
55288
22392
22704
55344
22336
22688
55488
55136
22544
58032
55840
55360
22432
22688
55352
22344
22680
23456
55496
55208
22496
22704
55360
22336
22688
55448
55072
22624
55496
55200
22488
22672
55280
22424
22704
55352
22336
22672
55472
55144
22552
55496
55200
22496
22704
55336
22344
22712
55400
22272
22688
55504
55112
22568
22704
55512
22720
22688
55352
22352
58056
55424
22480
22704
55288
22400
22696
55416
22264
22680
55480
55136
22544
55496
55208
22512
22688
55288
22400
22712
55424
22272
22688
55504
55144
22568
22704
55256
22400
22696
55360
22328
22824
55408
55072
22632
55496
55152
22536
22688
55288
22416
22680
133560
23280
23608
23752
23872
56776
56120
55576
22632
55488
55216
22496
22704
55352
22336
22680
55480
55136
22560
55496
55216
22512
22704
55288
22400
22688
55416
22272
22688
55472
55144
22560
55496
55216
22504
22704
55288
22392
22680
55400
22272
22704
61192
59544
57224
22488
22680
55288
22384
22672
55400
22264
22680
55480
55120
22576
55488
56608
22920
23432
23288
67855
23016
24352
55992
55640
23024
22896
23152
56256
55864
55664
23120
22944
23016
55768
55544
55592
23560
23480
56696
70336
56016
56024
57312
23136
23080
23568
23096
55856
55704
22864
23184
23472
22944
56296
55960
22848
23536
23472
57048
57448
56352
22904
23128
23288
55904
55760
22720
23248
22936
55744
55744
55672
23200
22992
56408
55672
59408
23128
23544
23056
56296
55872
56088
24520
23744
23704
55960
55768
55712
22880
23000
23256
55992
55776
56216
22856
23544
23568
22912
57192
55488
22480
22696
55344
22344
22704
56032
55928
22752
22704
22704
55304
22400
22688
56112
60472
55504
22632
55496
55216
22480
22704
55328
22344
22712
55432
22272
22704
55504
55136
22560
22704
55280
22392
22712
55360
22336
22672
55408
22264
22712
55480
55112
22568
22712
55208
22472
22688
55360
22352
22680
55408
22272
22704
55472
55288
22432
22696
55352
69496
57248
22704
23880
23160
55920
56576
22432
22656
55408
22264
22688
55488
55136
22544
55496
86192
22704
56200
23016
23696
22968
56744
57160
55600
22752
22856
55824
56096
56376
23088
24448
24184
56672
57480
56008
24416
23744
28152
25104
56464
57384
23128
24640
24216
24272
58176
56128
24648
23512
24504
23912
57240
57784
56944
23088
23200
55880
57304
56128
55880
23184
23384
23560
83016
24248
55496
55200
22504
22680
55336
22344
22712
55472
55208
22544
59456
57720
56352
56160
22704
22704
55280
22392
22704
55400
22264
22704
55488
55136
22544
22704
55272
22400
22672
55360
22336
22672
55480
55136
22568
55496
55208
22496
22696
55360
22352
22704
55432
22264
22704
55440
55144
22568
22688
55288
22400
22680
55360
22344
22680
