10944
2472
2240
2288
2216
2240
2232
2240
2296
2248
2216
2424
2256
2232
2248
2320
2312
2248
2280
2272
2440
2288
2232
2256
2288
2192
2248
2344
2360
2280
2272
2248
2240
2256
2248
2248
2288
2280
2248
2256
2232
2208
2200
2200
72280
2272
2248
2248
2288
2264
2264
2304
2248
2272
2296
2192
2200
2192
2192
2192
2192
2368
3200
35264
2200
2192
2248
2216
2352
2296
2264
2360
3152
2192
2200
2200
2200
2192
2200
2192
2192
2200
2192
2200
2192
2200
2192
2200
2200
2192
2192
34992
2192
2200
35008
2200
2200
2192
2200
2192
2200
2192
2192
2200
2192
2192
2192
2200
2192
2200
2192
2200
2192
2192
2192
2200
2192
2200
2192
2192
2200
2192
2192
2200
2216
2208
2192
2200
2216
2208
2192
2208
2216
2216
35000
2216
2216
2216
2208
2200
2216
2208
2216
2200
2216
2216
2216
2208
2208
2216
2216
2208
2200
2216
2208
34992
2216
2208
2208
2216
2192
2208
2208
2200
2200
2216
2216
2208
2192
2216
2216
2216
2200
2216
2208
2216
34992
2216
2208
2216
2216
2208
2208
2216
2216
2192
2216
2216
2216
2192
2208
2208
2208
2208
2200
2216
2216
35008
2208
2208
2200
2216
2200
2192
2208
2208
2208
2216
2208
2208
2208
2216
2216
2216
35000
2216
2216
2208
2208
2200
2200
2208
2216
2200
2200
2208
2216
2200
2208
2216
2200
2192
2208
2680
2360
2200
34992
2216
2200
2208
35000
2192
2208
2216
2216
2200
2200
2216
2208
2200
2208
2216
2200
2208
2208
2208
2208
2200
2216
2216
2216
34992
2208
2216
2216
2200
2200
2216
2208
2208
2192
2216
2216
2200
2200
2216
2216
2216
34984
2200
2216
2216
2216
2192
2192
2208
2200
2192
2208
2216
2216
2200
2208
2216
2208
2208
2200
2216
2208
35000
2208
2208
2216
2216
2200
2216
2216
2208
2200
2216
2200
2192
2208
2216
2208
2192
35000
2208
2216
2208
2216
2208
2208
2192
2200
2200
2200
2208
2208
2200
2216
2216
2216
2200
2216
2216
2192
2200
2208
2216
2216
2200
2200
2216
2192
2192
2192
2192
2192
2208
2200
2216
2200
2192
34992
2200
2216
2200
2200
2296
2240
2200
2216
2208
2192
35032
2208
2208
2208
2208
2208
2200
2208
2208
2200
2208
2216
2216
2208
2216
2216
2208
35008
2216
2216
2216
2216
2200
2192
2200
2216
2192
2216
2216
2216
2192
2208
2216
2216
2192
2216
2208
2208
35072
2208
2208
2216
2216
2200
2216
2192
2200
2192
2200
2208
2216
2200
2216
2200
2192
2208
2200
2216
2216
34992
2208
2216
2208
2216
2192
2208
2200
2208
2200
2208
2208
2200
2200
2208
2216
2216
2200
2216
2208
2192
35000
2208
2208
2216
2216
2192
2200
2216
2208
2192
2208
2192
2200
2200
2216
2216
2208
35000
2208
2216
2216
2216
2192
2192
2216
2216
2192
2216
2216
2216
2200
2208
2216
2208
2200
2208
2216
2192
34992
2200
2200
2200
2208
2272
2208
2200
2192
2200
2208
2200
2200
2192
2192
2192
2200
2192
2192
2192
2192
2208
2192
2192
2208
2208
2208
2216
34984
2200
2200
2208
2208
2208
2208
2208
2208
2200
2200
2200
2208
2208
2208
2216
2216
34992
2216
2216
2216
2216
2192
2200
2216
2216
2200
2216
2216
2216
2200
2208
2216
2208
34992
2216
2208
2208
2216
2200
2200
2208
2216
2200
2208
2216
2200
2192
2208
2216
2208
35000
2208
2208
2200
2216
2200
2216
2216
2216
2192
2216
2208
2216
2192
2216
2216
2208
35000
2216
2208
2216
2200
2192
2200
2208
2216
2200
2200
2200
2208
2192
2216
2216
2208
2216
2200
2216
2216
2208
2200
2216
2208
2208
2200
2192
2208
2216
2200
2208
2216
2200
35000
2208
2208
2208
2216
2296
2192
2208
2200
2192
2200
2216
2200
2208
2192
2208
2200
2216
2208
2192
2192
2200
2192
2200
35000
2208
2208
2208
2208
2200
2208
2200
2200
2208
2192
2192
2200
2192
2192
2192
2200
35048
2208
2216
2200
2192
2208
2216
2192
2200
2192
2208
2192
2192
2200
2200
2216
2208
2208
2200
2232
2240
2208
2200
2208
2200
2208
2208
2200
2208
2200
2208
2192
2216
2208
2216
2192
2208
2216
2208
35008
2208
2216
2208
2200
2192
2192
2208
2208
2200
2208
2216
2208
2192
2208
2208
2216
2200
2216
2216
2208
66040
2200
2208
2216
2208
2216
2200
2208
2216
2200
35008
2216
2216
2216
2208
2192
2200
2216
2216
2280
2208
2216
2216
2192
2216
2216
2208
35008
2216
2208
2208
2216
2192
2216
2200
2216
2192
2208
2208
2216
2200
2192
2200
2200
2200
2216
2216
2208
34992
2208
2216
2208
2208
2200
2216
2208
2216
2192
2208
2208
2216
2200
2200
2216
2208
35008
2216
2216
2216
2208
2192
2200
2216
2216
2192
2216
2208
2216
2200
2216
2200
2216
2200
2216
2216
2216
2192
2208
2208
2216
2208
2208
2208
2208
2208
2192
2216
2216
2216
2208
2200
2216
2216
35000
2216
2200
2216
2216
2208
2192
2216
2208
2192
2200
2208
2200
2200
2200
2216
2216
35016
2216
2208
2216
2208
2192
2208
2208
2208
2200
2216
2216
2216
2208
2216
2208
2216
35000
2216
2216
2200
2216
2192
2192
2216
2208
2232
2200
2216
2192
2216
2216
2216
2200
2208
2200
2208
2200
2208
2216
2216
34984
2208
2216
2216
2216
2208
2208
2216
2200
2192
2200
2216
2208
2192
2208
2216
2216
34992
2216
2208
2216
2208
2192
2216
2216
2216
2200
2192
2208
2216
2200
2200
2200
2216
2208
2208
2208
2208
2216
2192
2216
2192
2216
2208
2208
2208
2216
35016
2208
2208
2216
2216
2192
2216
2216
2208
2208
2208
2216
2216
2200
2216
2208
2208
34984
2216
2216
2208
2208
2208
2216
2208
2208
2200
2200
2200
2208
2192
2208
2200
2208
34992
2216
2208
2216
2216
2200
2216
2208
2216
2192
2192
2208
2216
2200
2216
2216
2216
2216
2200
2216
2216
2208
2192
2208
2208
2216
2208
2216
2208
2216
2200
2192
2208
2216
2256
2376
3632
2200
2200
2192
2192
2192
2192
2200
