420104
395440
362240
371544
401144
367272
400312
368312
402560
368216
402336
367680
367376
401264
367920
400552
370384
415992
367504
400056
368336
400168
445441
414608
400896
395000
395008
413160
362208
395024
394992
395024
432040
406448
400080
443168
395008
478574
403712
404920
401488
428328
405360
402392
371128
404392
406440
405480
408936
369520
409608
599584
401632
366040
411992
395040
395016
395024
362240
362240
561968
402552
363704
362200
373592
362200
362224
395008
395032
398680
395160
394992
362216
368024
362224
362192
395032
362224
362208
362232
364528
368576
362216
362216
362112
380544
362224
427520
395192
395016
404344
395032
395488
362176
362176
410512
409912
376024
366672
367832
402368
402016
398000
366568
369008
368680
405456
414536
362176
362200
394904
395064
362184
403792
362104
362176
362168
362192
362200
412169
407056
368200
362232
362200
362176
407848
362200
395008
395000
362184
362184
362192
362192
362120
362200
362184
395000
394976
399296
362200
362128
362192
362184
362208
401048
362176
394992
438136
362192
362200
368984
362176
362112
362160
394992
394984
394968
400136
362184
362184
362176
362184
362208
399928
395000
394896
394992
362192
362192
378438
394952
362192
369616
362176
362184
374448
362280
363056
362192
362176
362176
425904
363392
362192
394992
394872
362176
362184
369024
362120
362184
362176
362184
394968
495642
364896
362176
362152
362112
394984
433528
521192
367280
401024
362176
362176
372720
428920
457376
413520
416480
433464
423608
415040
422064
406960
408952
420144
409544
374296
369120
362232
362192
368832
362200
394896
395000
394992
362192
371472
362192
362192
362192
362192
362200
398464
399216
395000
401400
366560
365520
365840
372136
362176
362184
362104
362184
362200
401984
394992
426328
362176
362176
362176
402344
362176
395208
394968
362192
362280
431976
375088
366584
401136
399352
398544
410440
371120
406536
405984
374264
373168
416864
372408
369400
402664
397296
394984
402008
395264
362136
362184
362184
362320
368080
362200
394992
394976
394952
362184
362168
459622
394984
395240
362192
362176
362176
365008
362184
368784
362192
362184
362176
408624
362184
394992
394960
394976
425488
368352
362168
394984
394976
362200
362176
366872
363256
362136
362176
362184
362176
394992
401112
394976
362184
362176
362176
362184
367656
362168
362176
396440
394928
394984
400160
362176
362184
362176
362184
362184
362176
394896
362184
362176
362176
362176
362168
406208
362184
394984
395000
394976
362200
410624
394992
364240
398632
400632
394976
401544
394952
362184
362168
362168
362184
371360
362176
362128
362176
394976
394880
362120
367888
362184
362088
362168
362176
362184
402528
394984
397104
394976
362192
362176
378312
362192
362176
362200
362176
362184
362176
363928
394984
394976
362184
362192
362184
368888
362176
362176
362184
362176
394992
400544
394976
362184
362184
362192
362184
367912
362176
362176
394992
394976
394976
362200
402512
400304
362176
362184
362080
362176
368192
362184
362176
362168
394992
394968
403040
394944
502888
395008
395280
362200
369536
362232
362160
362400
362592
374856
369256
362184
362176
362176
362176
362176
394992
397056
395008
394880
362184
362176
362184
368552
362112
362160
395056
394984
394968
399776
362192
363224
522840
362176
362176
404224
394944
394968
394976
362176
362184
366944
362184
362192
362184
394952
394992
394976
479570
395080
397184
394976
395000
362192
408488
362168
362168
362176
362168
362176
432271
394976
394984
362176
362176
362168
424185
394984
362192
362184
362176
362192
423840
362184
362192
362184
362192
362192
395008
397048
394896
394976
362200
362880
410056
362144
362184
362344
362160
362160
401320
394984
394984
394984
424856
394992
395000
405048
396712
403200
362192
394984
437561
362200
362192
362200
362176
394912
394984
408248
394976
362192
362192
362208
362192
372304
362184
362104
394984
394976
394968
405968
395008
362200
362184
362176
362184
427928
362200
362184
362184
362192
362184
394992
397920
405960
395040
362176
362184
362176
395144
395008
362176
362192
362176
362176
460976
362480
362184
394896
394976
394984
403824
362192
362176
362184
362176
362184
394992
397704
394872
362192
362176
362128
362176
364752
362176
394992
425008
362176
362176
441751
362184
362176
362176
394992
394968
409080
394968
362184
362192
362184
362192
362176
362192
362120
394976
394976
362176
362176
369688
362176
362176
362200
362088
394984
397992
362176
362176
362184
362184
362184
402344
395008
394976
394992
362200
423944
394976
394968
362200
366784
362176
362184
362184
365376
362184
394992
394912
394984
362080
365096
362192
362184
362176
394984
394976
362176
362192
362176
362176
362176
362168
394976
553895
397176
395000
394968
394968
362192
497313
409528
376168
409224
409736
7523119
425200
1986409
423528
498136
380184
417792
3748535
766217
379312
363272
369280
362176
379928
362104
362168
362144
362184
362184
375064
366264
362176
362136
362184
362176
395000
408448
394984
394896
394984
362192
362072
440256
362168
362192
395000
394992
399160
406400
362176
394912
394976
362176
362176
447728
362192
426064
394984
362176
362160
422664
394984
394976
362168
362184
368352
369576
367272
362176
362184
362192
362176
362192
376984
362200
362168
362176
394984
394984
447984
362192
362112
362168
362176
362176
402040
395000
395000
394968
362176
362176
369968
362192
362176
362176
362176
394952
394968
402976
394968
362184
362176
362184
362104
374568
362184
362104
362184
394992
394976
397872
362192
362176
362184
447200
362192
404520
374472
362200
362184
362176
362176
408424
362248
362088
362192
394984
394984
394960
412104
394880
424968
367488
362184
362184
379032
362176
362112
362192
397728
394976
412816
362176
394992
394976
394976
362184
371240
362184
362176
362176
362192
362176
395000
396016
394992
394920
362184
362184
362152
430776
395272
394976
362192
362184
362184
459711
362184
362080
362136
362184
362168
408184
362176
394920
394976
394896
362192
435264
378960
408144
401960
362184
362176
479913
365840
362152
362192
394992
395000
412912
394992
394976
394904
362176
362176
373792
367184
362200
362176
362176
362176
362200
367368
362088
362176
394992
394984
362184
435952
362152
362160
394976
394976
394992
427327
364760
363480
362176
362168
362184
443112
394992
395000
394960
362184
426256
471976
394968
362176
362184
362176
362176
434312
394920
362200
362176
362176
362176
435649
394984
394992
394976
364016
362200
362168
394984
394976
362184
362168
362176
362176
400440
363752
390944
362176
362176
362184
369304
362184
362192
362176
362184
362104
403848
374144
423328
422064
423712
416976
395024
395008
394888
362192
362176
362192
371032
362200
362184
362192
362200
395008
427408
362184
362144
362192
395000
395064
405272
394992
362184
363096
362128
362112
365176
362192
362176
362176
394992
394984
394992
365112
362120
362144
362200
362192
362208
397824
394984
394976
362176
362096
362200
427176
362208
362176
362184
394880
407336
377616
368520
362176
362192
362176
362200
362192
414480
362176
362184
394976
394976
486864
404256
362184
394992
