1120
416
416
424
416
416
424
416
424
416
416
408
544
616
568
648
496
632
600
664
600
624
496
528
600
616
488
608
560
528
488
480
33424
504
472
496
616
520
512
576
512
432
424
560
640
632
592
584
600
528
576
552
424
424
520
416
504
560
416
416
416
416
416
424
424
416
416
416
424
424
416
416
416
416
416
416
416
33672
416
424
416
408
416
408
424
416
632
568
576
568
472
456
552
584
592
512
512
528
528
416
416
424
416
424
416
416
416
416
552
632
672
560
624
536
592
656
400
504
496
584
640
592
664
656
608
624
528
608
640
552
600
648
632
488
512
640
528
624
568
632
33456
688
696
464
592
624
640
600
584
496
576
616
696
632
504
624
632
536
592
568
464
472
528
552
640
592
440
648
600
544
600
584
640
608
544
632
544
560
536
560
632
528
656
632
616
640
640
624
600
600
504
584
640
560
584
616
544
528
648
488
424
480
33480
560
560
632
440
584
632
640
560
568
648
560
600
528
568
600
600
608
632
544
624
520
392
464
408
512
640
592
253024
640
632
536
600
600
544
656
544
512
424
464
432
576
536
408
130760
480
416
488
528
448
560
584
584
552
512
528
488
472
504
624
592
560
616
472
432
552
536
408
528
528
608
528
576
552
648
456
480
416
552
408
440
456
464
464
552
536
400
464
416
416
424
432
512
464
408
504
512
408
496
560
400
968
384
392
392
448
432
416
504
552
496
520
488
568
392
512
480
424
456
384
392
392
400
384
400
384
392
392
384
376
400
392
384
432
392
392
392
392
392
384
392
392
400
392
384
392
392
384
408
384
384
384
392
392
400
400
33416
392
392
33392
392
392
392
1104
392
400
376
376
392
384
392
392
392
392
400
392
392
400
392
392
392
392
392
400
392
392
392
400
33328
528
480
448
488
432
464
512
480
496
432
496
576
448
464
448
552
424
416
664
456
512
520
408
400
504
472
504
432
488
472
472
568
408
584
408
600
488
33440
552
448
408
544
600
624
408
400
408
648
528
33408
584
584
504
560
440
512
480
584
616
656
632
528
624
536
592
560
512
528
552
632
608
656
648
592
568
640
584
640
624
632
616
608
616
568
616
616
624
608
688
584
616
648
408
464
504
536
448
496
552
608
424
464
648
400
464
400
496
424
392
544
624
584
408
480
400
432
400
448
472
616
512
472
432
408
552
424
400
488
632
552
616
568
512
624
656
648
480
480
456
416
544
552
472
472
584
520
528
624
504
576
640
624
600
632
608
624
560
584
600
656
504
624
608
496
592
688
33616
608
624
33720
616
616
464
624
608
504
648
608
33576
520
528
632
496
632
632
552
608
504
624
616
584
544
456
576
480
408
504
584
464
464
33488
576
672
496
536
624
640
488
584
616
456
584
520
504
504
448
392
544
400
416
520
392
520
448
528
432
488
504
488
408
400
400
400
400
400
400
400
400
400
400
400
400
400
392
400
400
400
400
400
392
400
392
400
400
392
400
504
512
576
488
408
400
400
400
400
400
400
400
400
400
528
504
528
472
528
408
400
408
400
400
400
400
400
400
392
400
520
640
576
648
544
512
448
536
408
488
408
392
448
464
424
384
496
592
400
400
400
400
400
400
400
408
400
400
408
400
408
408
400
408
400
400
400
392
400
384
400
392
400
400
400
400
400
392
400
400
392
400
400
400
400
400
400
400
400
400
392
400
400
392
400
400
400
400
400
400
400
400
400
400
400
400
400
392
400
384
400
400
400
400
400
400
392
392
400
400
400
400
400
400
400
392
400
400
400
400
392
400
400
400
400
400
400
400
400
33216
392
400
400
400
400
400
400
400
400
384
400
400
400
400
400
400
400
400
400
400
400
400
400
400
400
400
576
416
408
400
400
400
400
400
400
400
400
400
400
400
400
400
400
384
400
400
400
392
400
400
400
400
400
400
400
400
400
400
400
400
400
392
400
392
400
400
400
400
400
400
400
400
400
392
400
392
400
400
384
400
400
400
400
400
400
400
400
400
392
400
400
384
400
400
400
400
400
392
400
400
400
400
400
400
400
400
400
392
400
392
400
400
400
33200
400
400
400
384
400
400
400
400
400
400
400
400
400
400
400
400
400
400
400
400
400
400
400
400
400
400
400
400
400
392
400
400
392
400
392
400
400
400
400
400
400
400
400
400
400
400
400
400
400
400
400
400
400
400
400
400
400
400
480
456
584
408
408
400
400
384
400
400
400
400
400
400
400
400
400
400
400
400
400
400
400
400
400
400
400
400
400
408
408
400
400
400
408
400
400
400
400
400
400
