43600
4256
4224
37016
36984
36960
37008
36968
36976
36952
4160
4184
4200
4152
4160
4168
4176
4160
4184
5136
5136
4968
5008
5536
4208
4240
4176
4168
4368
4160
4696
5448
5528
5712
6240
5960
6056
6328
6432
39176
5464
6120
6320
5520
39352
5680
6008
6456
6072
39504
6376
6352
5752
5984
6400
6200
39304
5624
5904
5832
5432
38992
75256
5880
6256
38808
5952
5592
6432
5792
5480
5936
5896
5816
6656
6144
6392
6120
39072
5704
6056
6304
6400
5576
5920
5792
6544
6048
6144
5584
39160
6256
5912
6256
5960
5904
6088
6376
5760
5336
6104
5712
6472
6232
38944
6592
5784
6288
6000
6144
6312
38888
6128
5512
5720
5168
6320
6264
38528
4320
4056
4024
4016
4016
4016
4032
4032
4032
4024
4032
4008
3992
3992
36792
3992
3992
3984
4000
3992
3992
4000
4008
4000
4008
36824
3992
3984
3992
4000
4000
4000
36808
4000
4000
3992
3992
3976
4000
3992
3992
3976
3992
36792
3992
3984
3984
3984
4000
4000
3992
3992
3992
3992
36808
3992
3992
3992
3992
3984
3992
3992
4048
3992
3976
3984
3976
3984
36792
3976
3976
3976
3992
3992
3984
3984
3984
3992
3992
36792
3984
3976
3984
3992
3992
3992
3992
3992
3992
3992
70600
4120
4024
4032
4040
4024
4024
4024
4024
4016
4024
36832
3992
3992
3992
3984
3976
3992
36800
3992
3992
3992
4000
4008
4008
4008
4000
4000
4008
36800
3984
4000
4000
4000
4000
4008
36800
3992
3992
4000
4000
3992
3992
3992
4000
4000
3992
36800
3992
3992
4000
3992
4008
4000
4000
4000
4000
4000
36800
3992
3992
3992
3992
4000
3992
36808
4008
4000
3984
3984
3992
3992
3992
3992
3992
4000
36800
3992
3992
3992
3992
3992
3992
4000
3992
4000
4000
3992
3992
3984
4000
4000
3992
3992
36808
3992
3992
3992
3992
3992
4000
4000
3992
4008
4008
4000
4000
4000
3992
5864
5592
5184
5064
3992
3984
3976
3984
3984
3992
3992
36792
3976
3992
3992
3992
3984
3984
36808
3992
3992
3984
4000
4008
4000
4000
4000
4000
3992
36800
3992
3992
3992
3984
4000
3992
36800
4008
4000
3992
3992
3992
4000
4000
3992
3984
3992
36808
3992
4008
3992
4000
4000
3984
36792
3976
3984
3984
3992
3992
3992
3992
3992
3992
3992
3984
3984
3976
3976
3976
3984
3992
36792
3992
3992
4000
3992
3992
4000
4000
4000
4000
3992
36808
3992
3992
3992
3992
4000
3992
3992
4000
4000
4000
4000
4000
4000
4000
3992
4000
4000
36808
3984
3992
3992
4008
3992
3992
3992
4536
5824
4112
4024
4000
4000
4000
4000
3992
3992
3992
4000
36808
3984
3992
3992
3992
3984
4000
3992
3992
4000
3992
3992
3984
3992
3992
4000
4000
3992
36808
3984
3992
3992
3992
3976
4008
3992
3992
3992
3992
36800
3992
3984
3984
3992
3992
3992
3992
3992
3984
3992
36792
3992
3976
3992
4000
4000
4000
3992
3992
4000
67824
4112
36808
3992
3992
3984
3992
4000
4000
4000
4000
4000
4000
36816
4000
3992
3992
3984
4000
3992
3992
4056
4032
3992
3992
3992
36800
3992
3984
3984
3984
3992
3992
3992
3992
3992
4000
3992
12520
38432
5768
5312
4008
4528
4024
4440
5680
4600
4904
37256
4288
5008
4496
4744
4888
5360
5056
4984
5224
5232
4856
5976
4064
4000
4008
36800
3992
3992
3992
3992
3992
3992
36792
3984
3992
3992
3992
3984
4000
4000
3992
3992
3976
36808
3976
3992
3992
3992
3984
4000
4000
4000
4000
3992
36800
4000
4000
3992
3992
4000
4000
3992
3992
4008
4008
4000
3992
3984
3992
4000
3992
3984
36792
3984
3984
3984
3984
3984
3992
3992
3976
3984
3984
36800
3992
3984
3992
3984
3992
3984
3992
3992
3992
4064
4008
4000
4944
4032
3992
3984
3984
3976
36792
3984
3976
3968
3984
3992
4000
3992
4000
4000
4000
36800
3984
3992
4000
4000
4000
3992
4000
4000
4000
4000
3992
3992
4000
4000
3984
3992
3992
36800
3992
3984
3992
4000
3992
3984
4000
3992
3992
3992
36800
4720
4088
4000
4000
3984
4000
4008
4000
3992
4008
4008
4000
4000
4000
4000
4000
3992
3992
36784
3984
3992
3976
3984
3984
3984
3968
3976
3984
3976
36800
3984
3976
3976
3984
3984
3984
3992
3992
3992
3984
36792
3984
3984
3976
3992
3992
3992
3984
3984
3984
3984
36800
3976
3984
3976
5064
4208
5656
4024
3992
36800
3992
4000
3992
3992
3984
4000
3992
4008
4000
4000
4000
4000
4000
4000
4000
4000
4000
4008
4000
4000
4000
36808
3984
3992
3984
3992
4000
3992
4000
4000
3984
3992
36800
3992
4000
4000
4000
4000
4000
3992
4000
4000
4000
36808
3992
3984
3984
4000
4000
4000
4000
4000
4000
4000
36808
3992
3992
3976
3992
3992
3992
3992
4000
3992
3992
36792
3992
3984
3984
3992
3992
4000
3992
3992
3992
4008
36808
3992
3992
4000
4000
3992
3992
3992
3992
4000
3992
36808
3984
3984
3992
4000
4000
3992
4000
4000
3992
4000
36800
3984
3984
3984
3992
3976
3976
3984
5024
5248
4016
3992
4000
4000
3992
4000
4000
4008
4008
4008
36808
4000
3992
3984
3992
3992
3984
3984
4000
4000
3992
36800
4000
4000
3992
3984
3992
4000
4000
3992
3992
3992
36792
3984
3984
3984
4000
3992
3992
3992
3992
4000
4000
36808
3976
3984
3984
4008
4000
4000
4000
4000
4000
4000
36800
3992
4000
3992
4000
4000
3992
3992
4000
4000
4000
36816
4000
3992
4000
4000
4000
4000
7344
4024
3984
3976
3984
3984
3984
3992
3992
3984
3984
3992
4024
3992
4000
4000
3992
36800
3984
3976
3992
3992
3992
4000
3992
4000
3992
3992
36800
3992
3992
3984
3992
3992
3992
3984
5064
4024
3984
4000
3992
36800
3984
3976
3984
3992
3992
3984
3992
3992
3992
3984
36808
3984
3976
3984
3984
3992
3984
3992
3984
3984
4000
36800
3976
3984
3984
3992
3992
3984
3984
3984
3984
3984
36792
3984
3984
3984
4000
3992
3984
3984
3984
3984
3976
36784
3984
