90216
44008
75552
75424
75416
42608
75408
75416
42608
83016
75416
75416
75280
75472
42624
75216
75256
75552
75504
42608
75336
75336
75552
42544
75320
75352
82760
75472
75368
75304
42528
75400
75432
75360
75464
42568
75416
75568
75400
75312
42600
75416
75264
81104
75576
75328
75320
75464
42512
75360
75344
75664
42536
75416
75432
75424
75592
42624
81544
75232
232456
75600
75392
75400
75416
75976
84568
84008
75568
75408
42600
75432
75392
75336
76488
85240
75424
75312
75360
75344
75352
75336
75392
42520
75528
75424
75552
75352
42752
75408
75440
84456
75640
75424
75368
75456
75512
75408
75408
75496
42616
75336
75352
75400
76184
75016
74936
82760
74992
74912
75008
75008
74992
42200
42096
74840
74816
74888
74920
74880
74856
74896
75024
74992
42160
42056
74840
74848
74872
74960
74936
74880
74880
74960
74976
76392
42264
74840
74824
74968
75000
74848
74856
74920
75024
84552
81128
75024
80960
83960
84600
87320
42424
74864
74880
74888
75000
74896
74880
74880
75024
74944
82064
81928
79568
75032
42184
42120
74856
74856
74912
75016
74896
74872
74864
75000
74976
74976
42208
42024
75192
74992
42208
41976
74840
74856
75032
75000
86784
82872
74936
75000
74904
74864
74864
74960
75008
42176
42024
42088
74864
74800
75008
74984
74880
74864
74928
75016
74944
42168
42008
74888
74840
74816
74960
75008
82600
77624
42152
74880
74824
74928
74968
74896
74904
74872
74952
75024
74960
42184
42080
74888
74824
74880
75024
74920
74872
74848
74976
74968
74952
42176
42104
74872
79344
83672
75232
75024
42208
42088
74832
74840
74904
74960
74888
74856
74896
74984
74976
42184
42200
42072
74872
74744
74928
74984
74880
74856
74912
75024
75000
42176
42224
83248
84592
86816
85272
48368
81112
86600
82128
85176
85608
84616
86128
75128
74856
74936
75000
74872
74872
74872
75008
74960
75000
42200
42032
76136
84616
75040
42112
42040
74904
74832
74840
74912
74936
74880
74872
74896
75000
74952
42184
42032
83432
74984
74880
74928
75032
74968
42176
42232
42024
74768
74840
84056
78504
75032
42208
42056
74880
74864
74880
74968
74912
74904
74864
74984
74968
74960
42184
42064
74824
74840
74904
74952
74904
74904
74864
74968
75008
75016
104392
80288
74928
42160
42208
42088
74864
74840
74920
75000
74880
74872
74880
75040
74960
42160
42280
42056
74872
74744
75000
75000
74888
74856
74960
74960
74976
42184
42032
81160
76024
74920
74904
75024
74928
42176
42232
42024
74784
74832
74936
74952
74888
74872
74872
75024
74992
75008
42200
42032
74856
74856
74928
74936
74888
74872
74872
75008
41840
42136
74872
74832
74912
74992
74920
74888
74840
74960
74984
74944
42160
42056
74824
74824
74832
75000
74936
74856
74848
74928
75040
74944
42184
42072
74848
74832
89512
166037
42896
42128
74864
74848
74976
75008
74904
74864
74968
74992
74960
42176
42064
74848
74816
74920
74936
74896
74880
74904
75016
74992
42392
81968
90136
89328
84536
85672
89296
89240
90064
74824
75040
42224
42040
74864
74800
74912
74952
74872
74856
74880
75008
74968
42184
42224
42080
74840
74872
111064
79352
75016
74880
74928
75040
74984
42616
42024
74824
74832
74872
74936
74944
74888
74864
74920
75016
74992
42176
42104
74848
74832
74888
74960
74944
74864
74856
89960
87944
75024
74992
75008
75000
42184
42080
74848
74848
74880
74944
74904
74880
74864
74984
75000
74976
42168
42040
74816
74864
74920
74952
74912
74880
74856
74952
87288
78864
75048
74920
74880
74856
75000
74952
74992
42192
42080
74840
74832
75000
76872
84352
42240
74872
74784
74824
74984
74888
74856
74920
75024
74976
42200
42184
79224
74976
74872
74880
74920
75016
74976
41792
42120
74864
74824
74864
75840
75080
74936
74888
74912
74872
74872
74960
74992
74960
42152
42032
84336
81312
84856
83728
84984
92104
150688
88960
86328
75088
74912
74872
75016
74944
42200
42200
74824
74840
74856
74960
74920
74864
74848
75016
75008
85344
76264
75024
74880
74840
74904
75016
74952
42160
42056
74856
74848
74864
74952
74912
74864
74888
75024
74968
42184
42224
74872
74872
74840
74936
74912
74864
74848
84528
42192
74848
74840
74920
74992
74888
74856
74888
75032
74960
42184
42168
74848
74848
74816
74952
74936
74880
74856
74912
75032
74944
42160
42096
74880
74856
74944
81832
74944
74976
42200
42208
74928
74832
74920
75016
74872
74872
74928
75032
74936
42176
42040
74800
74856
74840
74944
74960
74896
74848
74936
75016
74976
42168
42056
103947
76336
75024
75024
74960
42152
42088
74856
74872
74904
75032
74912
74800
74912
75024
74976
42184
42024
74888
74872
74848
74960
74984
74888
74864
74920
75048
74944
84040
74920
77288
84488
83952
83136
85376
83080
84360
87032
82952
116296
75456
75016
74944
75032
74984
86856
75064
74912
74864
74824
75752
42440
42088
74848
74832
74912
74984
74912
74888
74888
75040
74960
42192
42192
42080
74872
74744
74960
87552
89648
42296
74856
82336
79800
87944
83512
86680
86336
81880
79280
84552
87728
92968
92264
92176
93688
88232
83232
78296
87472
75312
82528
83848
77888
90200
75008
75000
74856
143840
84088
91024
87880
89824
84800
82424
93344
88464
89256
90272
75104
75040
74992
42176
42072
74824
74840
74896
74960
74888
74880
74888
75032
128080
75144
74944
74848
74880
75024
75000
42160
42216
42072
74856
74832
74920
74960
74872
74872
74912
75024
74984
42176
42032
74864
74832
74880
74944
74960
74888
74864
129976
109592
87232
88800
85480
84792
93616
85608
81480
88624
83168
86120
122488
90424
87312
87080
88960
89504
84736
89816
93400
89648
84672
86392
75216
74904
74872
74912
75040
74968
42144
42080
74864
74816
74952
269792
42376
74888
74856
74864
74960
74968
74888
74880
74936
129544
75576
74960
74872
74872
74880
75008
74968
42168
79136
75032
74936
74904
74880
74872
75000
74952
75008
42208
75056
74848
74920
74936
74776
74768
74928
75024
75000
85192
83704
88736
85616
77784
42120
74904
74856
74872
74968
74952
74872
74856
74952
75024
74960
42176
42088
74848
74856
74912
74976
74912
74864
74880
75024
74944
76368
75000
74944
74960
74928
74896
74872
75000
74976
74984
42208
42040
74792
74784
74936
74952
74904
74872
74880
75024
74992
42168
42224
74824
74792
74832
86224
74904
75056
74992
42184
42064
74840
74864
74904
74952
74936
74888
74848
74936
75024
74920
42160
42104
