1033456
957576
695984
695544
699120
695248
695240
762656
728240
695232
766784
781224
697624
964416
989963
1029320
965576
1087080
1015112
852171
699080
695232
736384
695216
695168
705232
728040
695224
695160
695696
695400
695232
735928
695112
695280
698552
695280
695168
725272
695576
695192
755581
697832
695184
748144
695144
695152
722224
921600
932032
796744
695328
696136
714400
695312
695120
844904
795344
695656
717168
695224
727920
924384
728488
695088
758992
695216
695200
788400
894080
695320
718728
695456
728064
747792
695384
695184
743955
728976
695400
768848
695424
695392
720592
703544
695272
704952
728136
695272
703160
695560
698072
706432
694480
694480
694488
834421
694664
694384
717288
694368
694360
694440
883368
876464
704392
791864
694816
694464
911816
695064
694376
1056312
760088
759168
927856
861520
900384
998176
919784
953128
965288
954896
977416
851856
885056
1009592
826104
814648
931968
704136
694480
745920
695720
694264
711544
694560
694552
694544
784552
694480
694512
762688
727576
694488
710728
993619
703376
694936
709320
694512
694568
743888
694608
694536
694528
737912
694496
694576
857472
695344
694480
694536
697816
770632
740616
753941
696256
694536
702616
740480
727320
694504
789915
695344
694472
694560
716704
753648
695376
719624
694640
694376
694528
697520
721160
694344
697920
694488
694528
694544
724245
694664
694600
783600
694576
694560
727104
951384
697376
694528
752000
727296
694464
713568
694784
727320
694480
720248
694448
694536
757840
813376
696184
694896
756984
694624
759384
778800
728000
694464
705536
722664
694392
694504
831891
729384
694448
767680
694864
694488
713776
761957
694640
694480
768776
872824
746848
757571
697296
758520
695192
857621
694632
694496
750544
694688
694544
727288
753696
761272
694784
772520
696280
694536
694512
931000
938800
1100843
696080
694368
704104
847816
743392
694432
761856
694912
694272
703496
694376
694416
694456
697448
694392
694400
773805
697176
694432
694472
735216
769432
850360
2311240
1823784
927080
1023736
934752
977936
818331
756920
694408
704240
694440
694488
697784
695432
695112
694480
700960
727232
694512
724656
695360
694336
694480
752568
757936
694496
797117
877552
788472
755408
694392
694496
694520
918808
772800
694832
799120
970360
1123696
1038632
1815360
1157515
842720
696080
694544
1118621
1240851
750320
1048480
695280
875920
937696
705744
1242429
913600
727408
900168
824816
727432
771472
883784
695456
719304
694672
727328
752304
694608
694464
694488
841784
704280
694512
916312
911496
694848
767632
695096
752712
748120
742592
694552
694464
895579
696552
694472
763192
694704
694400
727200
820309
727928
694456
725104
694656
694432
727264
710832
694496
694472
913832
804432
707184
722040
702936
759136
694472
767456
727944
694320
711200
694352
727240
694472
854016
909280
955024
868184
957960
749368
694472
694480
727320
748408
694512
694520
824168
770563
695952
732624
697952
695256
695800
739336
742104
695912
764760
732384
696216
710280
798184
697584
890376
831736
702736
695968
767688
696064
695592
695336
767968
708568
694472
731192
696128
695032
729120
695928
695176
733576
841584
697240
694520
764984
730848
738912
694744
771928
729336
694784
1195128
733288
695248
796144
696912
707912
946992
697192
695472
722776
769320
727304
694864
767080
695584
694440
694520
695008
694480
694416
957304
961528
1096976
854640
948066
845832
728112
694736
700056
803952
928768
964576
854608
983475
1019328
961752
956280
887776
1002248
917336
996984
939808
959008
926320
927952
898248
956928
931664
777304
694496
767976
973712
1008896
1120424
976000
962856
695456
694456
694456
696520
694896
780440
746016
694488
694568
788162
781608
875728
1182152
694328
694504
786480
694496
695632
842304
771648
694360
724824
694800
694384
694520
716232
694912
785640
962400
965912
1018912
986688
1006088
1034728
950544
962760
714560
694440
694776
751752
694464
737264
697152
788216
694944
694528
865912
1037512
970688
1003752
955344
964936
910352
948040
1035800
895304
941896
954800
947416
937336
936528
898888
945200
954648
951280
942552
934320
1080904
931072
944008
938024
932472
902259
729136
758632
976976
758016
694432
706920
870648
694448
694400
755504
727904
694424
714408
701792
694472
694472
948957
949960
1014392
901944
911168
951144
858496
842448
1009800
812904
1023056
980520
930288
924443
696040
777832
863592
836632
784432
761416
695504
727360
707064
865544
697088
821376
970480
1004144
1018440
962656
943344
791432
694872
727296
749368
769800
844024
694424
849264
720456
694392
746240
727168
694496
729075
695912
694432
694416
759424
694584
694408
768448
727672
694440
694392
756848
694624
727240
744320
694792
694448
727232
834381
694808
727392
772592
935224
695208
708376
694592
694560
694488
731283
695600
694408
712992
694488
694456
694448
710232
707120
694432
701704
694384
694400
694456
737120
694488
694416
739640
694496
694392
694408
859000
751992
694400
783725
879112
705736
758432
694496
694528
727320
753032
694544
694560
716016
726968
694536
694552
735744
694536
705584
717264
694552
727408
694544
720344
694608
694480
735568
694496
694536
694520
750056
694472
694560
753432
850888
694888
694504
700024
694488
694464
925256
695608
694488
704296
694448
694536
694512
735408
694472
694520
703104
727296
694504
694568
770272
701336
694472
739328
742784
694408
694496
770200
702152
694448
720264
694488
727136
694496
808728
759360
694512
709784
694464
694528
694496
756960
694600
694528
728736
694784
694560
694496
869176
694928
694400
703320
694432
899536
775104
695176
694480
694424
853984
694416
694464
732331
696240
694536
694560
772229
694552
727240
751168
694416
694464
694480
899200
694472
694488
790560
694488
694448
796064
878576
694480
694416
695712
694328
727272
871872
772448
700328
908328
895744
937320
1018304
857624
695144
717912
694640
773024
752328
694800
694432
694328
701592
694464
727208
857176
1028520
1033680
1008984
976176
1002599
758920
767824
815256
760056
715680
713344
694408
729200
695064
717080
694512
694584
704544
694544
707000
694528
765376
694800
727224
762896
701632
727304
749104
822496
838744
727232
853378
705376
694688
821200
748240
760624
716352
694504
694512
694512
709464
694808
727296
744568
769080
694416
727280
755704
694280
758320
702160
694464
694472
694328
708304
694416
694488
747384
694480
694464
694504
743456
694440
694528
709520
694464
694528
694368
726352
694480
809184
760432
694784
694472
727280
707656
694480
694536
740576
694624
694584
694456
777382
696408
763040
759976
727528
694448
694440
813162
753728
728152
752152
694720
694448
694352
735152
694504
694440
740272
694512
694464
694488
741904
694520
708936
716096
694640
694560
727256
710000
694472
694464
736456
694472
694456
727248
752872
694480
694480
705344
727800
694456
725512
761792
727576
694456
800880
695336
694480
694488
712864
694448
694464
755848
760784
694432
694392
701536
694480
694464
832904
695272
694424
701800
871824
696168
694936
716248
694392
694432
816214
696016
694448
779360
742448
727192
694416
714088
694704
694496
694400
801041
694904
791800
786408
694552
694528
778048
694440
