1784
680
504
608
672
616
640
632
448
616
656
624
608
616
632
616
552
560
576
592
416
664
560
648
624
536
568
448
624
624
560
520
616
584
584
480
33480
544
544
648
408
416
424
416
416
416
424
416
416
416
416
424
456
416
416
416
416
416
416
416
416
408
568
512
408
424
480
520
416
408
416
416
424
416
416
408
416
416
416
424
416
424
416
416
416
416
408
416
416
408
416
416
416
416
416
424
416
416
424
424
416
416
416
416
416
416
424
416
416
416
416
416
416
416
416
424
424
416
480
416
416
416
416
416
416
416
424
424
416
416
416
424
424
416
416
416
424
416
424
416
416
416
416
424
416
424
416
416
408
624
400
44744
536
416
536
496
408
472
440
440
416
520
496
512
536
608
488
440
504
520
392
560
408
408
400
400
400
33200
400
400
400
400
33208
392
400
400
400
392
400
392
400
400
400
400
400
400
400
400
400
400
400
400
400
400
400
400
400
400
400
400
392
400
400
400
400
400
400
400
400
400
400
400
400
400
400
400
400
400
400
400
400
400
400
400
392
400
392
400
392
400
400
400
392
400
400
400
400
392
392
392
400
400
400
400
400
400
400
400
400
400
400
400
400
400
400
400
400
400
400
400
400
400
400
400
400
400
400
400
400
400
400
400
400
392
400
400
400
400
424
624
584
408
408
400
400
400
400
400
400
400
400
400
400
400
400
400
400
392
400
400
392
400
392
400
400
400
400
400
400
400
400
400
400
400
400
400
400
400
400
400
392
400
392
400
400
400
400
400
400
400
400
400
400
400
392
384
400
400
400
400
400
400
400
384
400
392
392
400
400
400
400
400
400
400
400
400
400
400
400
400
400
400
400
392
400
400
400
400
400
400
400
400
400
392
400
400
400
400
400
400
392
400
400
400
400
384
392
400
400
400
392
400
400
400
400
400
400
400
400
400
400
400
400
400
400
400
400
400
400
400
400
400
400
400
400
400
400
400
400
400
400
400
400
400
400
400
400
400
400
400
400
472
520
640
552
400
400
400
400
400
400
400
400
400
400
400
400
392
400
400
400
400
400
400
400
400
400
400
400
400
400
400
400
400
400
400
400
400
400
400
400
400
400
400
400
400
400
400
400
400
400
400
400
400
400
400
400
400
400
400
400
400
400
400
400
400
400
400
400
400
400
392
400
400
400
400
400
400
384
400
400
400
392
400
400
400
400
400
400
392
400
400
400
400
400
400
400
400
392
400
400
400
400
392
400
400
392
400
400
400
400
400
400
400
400
400
400
400
392
392
400
400
400
400
400
400
400
400
400
400
400
400
400
400
400
400
400
400
400
400
400
400
400
400
400
400
400
400
400
400
400
400
512
512
512
496
416
416
504
408
408
400
400
392
400
384
400
400
400
33216
400
400
400
400
33200
400
400
400
400
400
400
392
400
400
33208
400
400
400
400
33208
392
400
400
400
400
400
400
400
400
400
400
400
400
400
400
400
400
384
400
384
400
400
400
400
392
400
400
400
400
400
400
400
400
392
400
400
400
400
400
400
400
400
400
400
400
400
400
400
400
400
400
400
400
400
400
400
400
400
400
400
400
400
400
400
400
392
400
400
392
400
392
400
392
400
384
400
400
400
400
400
400
400
400
400
400
400
400
400
400
400
392
400
400
400
400
400
392
400
400
400
400
400
400
400
392
400
400
400
464
448
496
536
568
480
448
520
560
544
536
552
512
472
400
400
400
408
400
400
400
400
408
400
400
400
400
400
400
400
400
392
400
400
400
400
400
400
400
400
400
384
392
400
400
400
400
400
400
400
400
400
392
400
392
400
400
400
400
392
400
384
400
392
400
400
400
400
400
400
400
400
392
400
400
400
400
400
416
408
400
400
400
400
400
400
400
400
392
400
400
400
400
400
400
400
392
400
400
400
400
400
392
400
400
400
400
400
400
384
392
400
400
400
400
392
400
400
400
400
400
400
392
392
392
400
400
400
400
400
392
400
464
400
400
464
448
464
432
400
400
400
400
400
400
400
400
392
400
400
400
400
400
400
400
400
400
400
392
400
400
400
400
400
400
424
392
416
384
408
496
440
416
536
408
384
400
400
400
400
400
400
400
392
504
480
504
408
400
400
408
400
440
512
528
496
544
520
560
560
400
400
400
400
400
384
400
400
400
392
400
400
400
400
400
400
400
400
400
400
400
400
400
400
400
400
400
400
400
400
392
400
400
392
400
400
400
400
392
400
400
400
400
400
400
400
400
392
400
400
400
400
400
400
400
400
400
400
400
400
400
400
