11224
4472
37024
4192
4160
4200
36960
36952
4176
4184
4184
4200
4184
4184
4168
4192
4168
4192
4208
4192
4160
4192
4192
4184
4184
4160
4560
4184
4192
4192
4168
4200
4184
4176
4176
4200
4192
4208
4200
4200
4200
4192
4200
4200
4160
4176
4176
4184
4240
4168
4168
4168
4208
4168
4200
4184
4200
4168
4160
4176
4200
4192
4184
4200
4160
4160
4160
4176
4200
4192
4200
4160
4176
4200
4200
4192
4184
4192
4192
4456
5832
4240
4168
4192
4192
4208
4184
4192
4184
4184
4200
4200
4200
4200
4176
4184
4192
4200
4200
4200
4168
4200
4208
4200
4176
4176
4176
4200
4296
4208
4208
4192
4168
4168
4192
4208
4192
4184
4192
4224
4184
4280
4040
4024
4024
4016
4008
4008
3992
3992
3992
3984
3992
4008
3992
4000
36800
3992
3992
3992
3992
3992
4000
3984
3992
3992
4000
36808
3992
3992
4000
4000
3992
3992
4000
4000
4000
4000
4000
4000
4000
4000
4000
4000
4000
47136
4040
3984
3984
3992
3992
3992
3984
3992
3992
36808
3992
3984
3984
3976
3976
3984
36792
3992
3992
3992
4032
3984
3976
36784
3976
3976
3976
3976
3976
3968
3976
3984
3992
3976
3984
3976
3976
3984
3992
3992
3992
36800
3968
3976
3984
3992
3976
3976
3984
3984
3976
3984
36784
3976
3984
3968
3968
3984
3984
3976
3984
3992
3992
3984
3976
3968
3976
3984
3976
3976
36784
3968
3976
3968
3968
3968
3976
3968
3976
3976
3976
36784
3984
3984
3968
3984
3976
3984
3984
3992
3984
3992
36792
3984
3984
3984
3984
3976
3984
36792
3992
4000
3992
3984
3984
3984
3992
3984
3976
3976
94669
4184
4008
4000
3992
3984
4000
4000
4000
4000
3984
4000
4000
4000
3992
4000
36808
4000
3992
4000
4000
4000
3992
4008
4008
4000
4000
36808
3992
3992
3992
3992
4000
3992
36792
3976
3992
3984
3976
3976
3984
3984
3984
3976
3984
36792
3984
3984
3984
3992
3984
3976
3976
3968
3984
3968
36792
3976
3984
3976
3992
3976
3984
3992
3984
3992
4000
36784
3992
3992
3992
3992
3984
3992
3992
3992
4000
3984
3992
3992
3992
3976
3992
3984
3976
36792
3968
3984
3976
3976
3976
3968
3968
3984
3976
3976
36824
3984
3976
3984
3976
3992
3984
36792
3984
3984
3976
4600
5128
4072
4008
4008
4008
4008
4000
36808
3992
3992
3992
3992
3992
4000
3992
3992
4008
3992
3984
3992
4000
3992
3992
3992
4000
36808
3992
3992
3992
4000
3992
3992
3992
4000
4000
4000
3992
3992
3992
3992
3992
3992
3992
36800
3992
3992
3992
3992
3992
3992
4000
4000
4000
4000
36800
3992
3992
3992
3992
4000
3992
3992
4000
4008
3992
3992
3992
3992
3984
3992
3992
3984
36784
3992
3992
3992
3992
3984
4000
3992
3992
3992
3992
36808
3984
3992
3992
3992
3984
3984
3992
4000
4000
4000
3992
3992
4000
4000
4016
4000
3992
36808
3992
3992
3992
4000
4000
4000
3992
4976
6000
4024
4000
4008
4000
3992
4000
3992
3992
3992
3992
36808
3984
3976
3992
3984
3976
3992
3984
3976
3992
3984
36792
3984
3976
3984
3984
3992
3984
3984
3992
3992
3992
36808
4000
4000
4000
4000
3992
4000
4000
3984
4000
4000
4000
3984
3984
3992
3992
3992
3992
36792
4000
3992
3984
3992
3992
3984
3992
3992
3992
3992
36800
3984
4016
3992
4000
3992
3976
36800
3984
3992
3992
4000
4000
3992
3992
3992
4000
4000
36808
3984
3984
3984
3992
3984
3992
3992
3984
3992
3992
36800
3984
3976
3984
4000
4000
4000
4000
4000
4000
4000
36808
3992
3992
3992
4000
3992
3992
3992
4760
5448
4072
3992
3992
3984
3976
3976
36792
3984
4208
3992
5712
4608
5400
4936
4680
4608
5248
36960
4000
4000
3992
3976
3984
3976
36784
3992
3984
3976
4000
3992
3992
4248
4024
4024
4008
4000
4000
4000
4000
4000
4008
3992
3992
4000
3992
4000
3992
36816
4000
3992
3992
4000
4000
3992
3992
3992
4008
4000
3984
3992
4000
3984
4000
3992
3992
36816
3992
3992
4000
4232
4104
3992
3992
3992
3992
4016
4000
4000
4000
3992
3992
4008
4000
3992
36800
3992
3976
3992
5176
5352
4136
4000
4000
4000
4000
4000
4000
4000
3992
3984
3992
3992
3976
3984
36792
3992
4000
4000
4000
3992
4008
3992
3984
4000
4000
36800
3976
3992
3992
4000
4000
3992
3984
4000
3992
3992
36808
3984
3992
3984
3992
3992
3992
3992
3992
4000
3992
3992
4016
4000
3992
3984
4000
4000
4000
4000
3992
3992
4000
3992
3992
36808
3992
3992
3992
4000
4008
4000
4000
3992
3992
4000
36800
3992
3992
3992
3992
3992
3992
3992
4000
4008
4000
4000
3992
4000
4000
4000
4000
4000
3992
4000
4008
4000
3984
4000
4000
4000
4000
4000
4000
36816
3992
3992
3992
3992
3992
4000
4536
5072
4024
4000
4000
3992
36800
3984
3984
3976
3992
3992
3992
3992
3984
3984
3992
36792
3992
3992
3992
3992
3992
3984
3992
4000
4000
4000
3984
3992
3992
3992
3992
4000
3992
36800
3984
3984
3984
3992
3992
3992
3992
4000
4000
4000
4000
4000
4000
3992
3992
4000
3992
36800
3992
3984
3984
3984
3984
3992
3984
3976
3984
3984
36792
3976
3976
3976
3984
3976
3968
3984
3976
4000
3984
3984
3976
3976
3984
3992
4000
3992
36800
3992
3984
3984
4000
4000
3992
3984
3984
3984
3992
36800
3984
3984
3984
3992
3992
3976
3976
3984
4000
3992
3992
3992
3976
3992
3992
3976
4504
5536
4048
36816
3992
3992
3992
4000
4000
4000
4000
4000
3992
4000
36800
3992
4008
3992
4000
4000
3992
36800
3976
3984
3984
3984
3976
3976
36800
3992
4000
4000
3992
4000
3992
4000
4000
4000
3992
36800
3992
3992
3992
3992
3992
3992
3992
4000
4000
3984
36808
3992
3984
3992
3992
3992
3992
3992
3976
4000
4000
3984
3992
3992
3984
3984
3992
3984
36800
3984
3984
3984
4000
3992
3992
4000
3992
3992
4000
36800
3984
3992
3992
3992
3992
3992
