94544
75568
75400
165816
77616
75192
75296
42336
75064
75064
75064
75192
42248
75056
75128
75136
75112
75168
42232
75056
75152
75136
75064
44352
75328
75032
75128
75144
75072
75064
42344
75056
75192
75056
75192
94104
93096
93264
94448
126648
94144
94432
94264
94144
92984
126984
92728
92768
93560
93256
126280
93448
93112
93584
94656
126024
92928
126096
94248
93528
93848
94736
91856
92264
93136
94328
93168
80336
75440
42280
75080
75128
75128
75048
42336
75168
75240
75088
75176
42384
75192
75144
75136
76896
101424
83272
84192
87752
85856
87448
75312
75232
42432
75160
75120
75256
75152
87816
92520
95008
93008
94744
94872
95656
127408
94120
94328
237896
89272
89792
82512
81768
74992
75008
74984
42216
74888
74880
74880
74928
74928
74888
74864
75008
74984
42168
42056
74840
74864
74848
74960
74888
74880
90680
91528
126216
284800
94520
93816
127448
94744
92792
312544
92304
445272
93448
193272
124728
92832
93112
93928
92608
1608304
93976
89456
94411
42400
75104
74936
74888
92048
75040
74840
74960
74952
74872
74896
75024
74952
88512
166280
102160
75080
74952
74944
74912
74880
75144
74944
74920
75032
74968
75008
42176
42184
74880
74832
74856
74968
74944
74856
74872
74952
75000
74976
42176
42016
343571
75320
144752
75120
75032
74960
42200
42056
74848
74832
74880
74952
74904
74872
74872
74992
74976
42192
42224
74904
74832
74824
74960
74968
74848
74864
74952
84981
394016
89864
94392
120904
74736
82032
124352
90008
93024
94488
75136
74880
74888
74896
74888
75176
83960
79680
82992
83752
163816
82968
77384
162976
81216
85992
93752
75352
75024
42160
80728
87304
94520
91560
79024
75040
147344
93312
89376
92312
90456
88840
89120
85888
87304
87400
88936
89688
91640
86472
88120
86352
83864
89032
121928
88640
123800
92976
88976
88320
84232
90904
94376
86448
78696
81880
89040
90728
86976
90392
89568
94336
124360
94800
90576
94392
93536
126616
95152
96824
91408
94056
125072
93712
93008
92008
94752
126992
90696
92336
91392
93248
125112
95048
93496
93448
93584
125552
91136
128760
83720
86272
83792
80688
80456
79200
84392
83008
81624
75072
85688
86040
90200
91216
90736
85816
75152
74888
74912
75048
74960
42152
82032
85152
75000
74976
74992
42200
42088
74864
74832
74936
74960
74880
74864
74928
75032
74960
42152
42064
208328
75656
74936
74944
74912
74888
74864
75000
75344
79656
86744
88864
82912
78104
85880
85672
79944
86536
82440
89456
75072
74912
74888
75032
74976
42144
42056
74880
74848
74864
74920
74944
74880
75144
85056
75016
74840
74992
74936
74912
74848
74960
75000
74960
42168
42048
74824
74832
75000
74912
74880
74896
75024
74968
42184
42216
42024
74712
74824
74936
74968
76424
79680
42176
42072
74848
74840
74968
75000
74864
74856
74896
75032
74976
42200
42160
74832
74832
74824
74920
74952
74856
74864
74904
75024
74984
42152
42032
74864
74840
84936
75912
75072
74976
75024
74960
42168
42216
74920
74840
74912
75000
74888
74880
74936
75024
74944
42200
42024
74888
74920
74896
74992
74904
74872
74888
75024
199021
88016
75000
74992
74976
74872
74872
74928
75000
74960
42160
42048
74864
74864
74848
74912
74936
74888
74848
74952
75000
74992
42192
42072
74832
74824
82408
88184
77600
75008
74904
74872
74968
75008
74968
42168
42024
74856
74840
74928
74968
74888
74880
74920
75008
75000
42184
42040
74872
74864
74888
74944
74928
74888
89592
81432
78544
74984
75016
74968
42232
80736
75056
74992
74920
74880
74896
75016
74952
42184
42216
74872
74872
74840
74928
74960
74880
74848
74920
75016
74968
42152
83296
75056
74848
74840
74960
75016
74976
42184
42040
74840
74832
74928
74984
74880
74848
74912
75480
42280
42152
74896
74832
74832
74944
74960
84880
44344
74936
74816
74768
74944
74968
74904
74832
74936
75032
42216
42048
74864
74856
74872
74952
74920
74912
74864
74952
75008
74944
42168
42008
74872
74856
74872
86616
75064
74904
42120
42088
74840
74856
74880
74952
74928
74896
74864
74976
74992
74992
42176
74880
74840
74840
74928
74920
74872
74840
74944
75016
74928
42136
42056
107920
114944
146528
91376
74824
74872
74968
74984
74896
84208
89928
128088
96984
94496
98176
94776
129616
95328
99144
126360
100032
94312
100576
92528
131016
94296
101336
125776
93648
95096
123008
90472
90992
92304
83384
75784
79296
86896
84408
84240
85760
82744
92920
94416
83680
87192
88624
88960
92648
88624
91496
89376
88808
89152
89376
88856
85392
90504
91968
88640
91680
89336
93176
127840
92904
93992
92464
89816
91752
91488
75088
42136
42224
42080
74840
74824
74912
74952
74888
74880
74968
75024
74976
42168
42008
74856
74832
78824
80384
74992
74928
42176
42016
74880
74840
74816
80984
79760
364131
76176
79544
83272
74944
74976
75040
75184
74856
74840
74952
75008
75000
42192
42088
74848
74832
74968
74976
74880
74848
74920
75048
145992
75048
74968
75016
42192
42072
74824
74840
74928
74952
74864
74880
74904
75016
74968
42184
42040
74864
74856
74856
74992
74960
74872
74944
74840
75216
42176
42032
75120
74960
75008
74992
42184
42080
74840
74840
74904
74976
74912
74888
97240
74920
74816
74904
74912
74888
74872
74864
74976
74960
74976
42200
42080
74848
74816
75032
74888
74816
74824
75024
74952
42208
42184
74872
74832
74824
74912
74944
74880
74864
74904
75016
74976
42176
42048
74872
74856
74840
74920
74952
74920
75040
74960
134920
75040
74912
74936
74976
75024
75008
42216
74880
74840
74856
74952
74944
74896
74864
75216
74984
75016
42208
74888
74848
74840
75000
75696
74872
74864
75016
74864
102696
87800
90320
85528
90496
85520
90384
85728
90648
42104
75200
74856
74880
74936
74928
74880
74864
74968
74968
74976
42168
42024
74840
74848
101760
42288
42024
74880
74856
74864
74936
74968
74920
74864
74912
75016
74968
42168
42064
74832
74848
74848
74952
74976
74864
74864
90760
98456
75080
131037
135744
84024
42152
99736
80560
98792
134923
197909
87912
80632
82520
80144
85608
82688
79744
79104
131336
83672
83912
92960
80184
84568
84856
80336
120088
79488
82664
85224
82192
249344
85648
82960
123632
54595
75352
155696
88824
75464
90392
75112
74968
122640
42432
140427
89872
75120
74976
75008
98664
42320
74888
75184
134608
124117
83672
83312
108928
83648
81504
80952
234152
88064
411552
94867
75728
75032
75000
42208
88152
303176
75200
142392
75096
74944
