1147648
816472
2538755
1308805
1072432
1043456
1041184
1040856
1037688
1036464
1037120
1035744
1024144
1035976
1019424
1035648
1039320
1036640
1037536
1035672
1035968
1035176
6884880
1051544
1040448
963536
1070680
1037880
970331
2119216
1092280
1023272
1655440
1079387
1040928
1264512
1041952
1817664
793816
1309472
1138088
1038736
2211160
1041112
1044248
1032072
1035840
948104
864744
939168
1214264
1043176
1921955
4438203
1228560
1382488
2200792
1551816
1021632
994584
1056838
886352
1522480
996992
1037712
863784
714288
713664
691360
691608
798856
692168
700520
712528
691552
691376
691432
691376
691464
691392
711024
691568
691432
760432
692704
691760
706576
691392
691432
704720
691328
691352
691432
703088
691400
724200
691408
704072
691408
691424
735776
691408
691392
691408
707856
691424
691360
703072
691424
1291096
960336
767880
691544
715104
691272
691432
691336
737904
691448
691368
736944
691456
691392
691440
703248
900968
1168341
1035912
1035936
1097568
1040936
1043000
1075592
1112464
866232
1026888
1118168
1249299
1011968
797072
1034648
984216
865000
954816
954978
998899
968547
811472
768056
1114920
995488
1222853
1222312
1019427
1074368
966248
1159528
1014264
1026120
1035928
1125744
977288
1034944
1012224
1036192
1031624
1027440
1034552
1078552
1036688
2431448
1040328
1036768
1035104
988056
1035256
961048
948624
1038144
1035120
1035600
1040080
1037576
1039504
1035648
1036664
1109965
696016
691440
754552
691448
691424
738416
691448
691392
691416
755624
691680
691368
691352
768088
691296
691392
703672
691408
691440
691440
743448
691280
691384
858864
781136
1057336
1269640
1211261
978464
935616
888848
691488
691304
691392
814016
691472
691424
740720
691392
691392
1015064
712184
691408
691400
715792
691640
691392
691840
750208
691504
767792
757112
768472
692128
700928
742448
691408
691520
760776
691456
691400
691424
736784
691392
691400
703168
691432
724216
691320
996355
1042528
1108656
1073688
1083032
1039360
1032480
957472
790536
733984
852680
1062584
1040504
1040896
1040048
1046512
1039256
1044368
1041656
1072984
1047256
1039696
1046200
1041816
1067939
692792
691464
691400
855792
773704
763768
739216
691456
691448
691272
703888
691456
691400
859730
846656
865544
985752
1035344
1049008
1035544
1068312
1036256
1034656
1069592
1036024
1036104
1071600
1036552
964163
692640
691408
691424
751904
691440
691392
777184
789136
691648
750176
691632
691448
691408
704520
691360
691352
691544
965336
963848
838696
691264
691424
691336
724832
691384
724080
698976
691384
691408
691392
698496
691312
691392
705304
691304
691432
691376
851616
880032
921584
1097152
983784
1172520
870560
790752
842800
911768
854856
846848
691800
691392
756304
857944
691440
691376
812688
780688
691480
752872
691528
691384
949536
833760
953816
1164528
1030672
1038712
1039224
938680
972040
945040
1033432
955304
956976
912232
1329216
959088
1181368
1244784
1005280
898979
1038112
845384
1028736
928168
936120
970176
947288
967592
887794
691888
886864
948792
959568
950080
969976
961368
969816
958752
964128
963824
961136
852984
691640
691432
709184
848584
746144
691424
715224
691344
691392
751016
691448
981832
1091312
1022552
1036616
882008
837304
1101648
937928
1032448
1017848
877072
806280
942928
691704
691296
718008
691408
691408
718088
691528
691416
691472
991696
1039016
1045176
1040688
1038496
1078224
1038960
1050240
1038504
1077392
1047952
1040704
1045312
1041416
1045368
1038576
1039056
1051112
1040448
1047256
1037280
1113816
1364163
899152
830712
1038672
1035888
932896
882560
1086992
950816
1160376
993088
1001880
1112984
998280
1120448
1627712
1635248
1011152
1159424
1557608
960896
1123640
1007456
1078856
974600
972160
1048848
949168
1038848
996592
999728
980616
942832
1015312
886528
970122
1005384
1130280
897104
952448
928520
998992
975560
934304
991736
950080
913152
1013368
848200
833136
949528
930352
942752
901816
922880
933464
949792
1064360
943312
691696
957600
1094080
978200
959656
1009888
1007472
962512
987456
938240
1041984
1024088
1020344
979712
934088
956296
845272
804016
832872
822848
833320
763656
706952
696760
738760
932440
886464
1103366
1104898
1030064
1038072
1068352
1033256
1022760
1038064
1033280
1035208
1036656
968904
1035312
1030048
1035296
1035832
706848
691416
691304
926699
1040680
1046048
1041008
1072320
1046696
1041488
1153176
1030901
1061024
1037320
1035920
1029152
1035480
964048
851504
1145072
1814008
1020219
946480
906320
921144
1569899
1041578
894368
1028496
1029128
1023968
1090827
1040936
1156512
1043064
1041440
1048600
1039928
962301
692000
691336
724208
714672
691408
691408
757744
835088
769624
779392
785480
710192
792088
765320
691360
691400
751736
691504
691320
691432
704384
691448
691408
776352
872880
861344
775656
933560
705368
747944
691528
759208
991896
906872
935256
971928
954832
947600
966040
927736
848408
693680
691400
765808
932272
691560
691408
762712
857208
949136
888888
966072
938792
706320
691408
691416
802686
692784
691400
777728
692872
691416
691368
937445
1039632
1040216
1036344
1038280
1098648
1036448
1007741
949608
1022136
869784
717008
691504
741248
691512
691400
691440
1206792
1035672
1286395
693352
891528
697152
691408
691432
815712
691800
691432
750856
840472
730880
691624
699104
691400
691392
747520
724264
691448
691448
758928
691720
691392
761976
691824
691424
691320
740368
691408
691392
738968
691248
691416
691408
868848
860240
784960
929584
1040432
1122381
1154288
1037744
1036808
1034088
1071496
1036608
1090067
692184
691400
718400
853584
691880
691288
882000
872232
691824
773480
691616
691408
691424
712520
691424
691336
711208
691528
691424
691384
750744
691360
691416
756472
691832
691416
691400
754944
692304
691384
715016
709560
691440
691384
718816
691480
724184
710896
866976
1318160
864104
994088
1009736
995368
1008104
1026184
1008744
1247248
1525368
1036040
980856
1022928
1045936
938808
1016152
892032
930168
962208
959952
1208368
891008
691824
992979
1041864
1338600
1044552
1044208
1026696
1127368
1116136
1128408
1050640
1041704
1129376
1041104
1072176
879978
848072
1195920
1035392
1036664
1031600
1157960
1038168
1036808
1035776
849608
779984
693952
731328
691472
691392
809467
1038208
1036536
1252752
1034424
1037072
1037912
1047544
1036104
1037080
1043048
1035208
1037896
1036968
1037512
1038216
1036040
1055421
1037936
1036568
1035480
1035024
804928
691400
691400
702672
691680
691272
691400
736680
691320
691320
691264
1088099
811496
959112
940872
783504
906264
750376
928184
1053483
839544
778072
694248
691344
691440
718848
691544
691328
945656
733280
691400
691456
771200
691720
691376
783955
1041512
1072720
1085296
1041232
890061
724704
691440
691392
831584
691560
691312
779768
892192
776592
1215512
864248
774088
949544
1091088
1093920
1118120
1298032
1096096
949744
1023949
904680
941840
940088
875072
940808
981312
1087976
1026544
1014128
1058531
1036344
1101069
853200
994712
1072696
959952
837760
691576
691392
691400
747376
691552
691392
691392
704448
691448
691416
703336
691408
691384
724200
706864
691376
742880
877731
1038824
925712
2098549
1353899
883384
691488
810784
913768
993008
1002200
1001384
902496
783248
763576
1024584
852480
691696
766544
698632
691400
691400
776496
691432
691432
712552
691352
724240
691440
784248
954248
942728
944512
982856
1023000
933088
963520
959376
858920
778944
691536
691272
743800
691464
691392
691448
839704
859584
792128
843600
921848
810072
763128
