149825
133725
134575
134025
134800
135212
133950
134050
135088
134900
134312
134488
135338
132625
135838
134100
134550
134837
133750
134363
134563
133437
133412
134038
134938
134363
134363
133587
171550
134100
134900
134050
133238
133512
134713
133500
134675
134575
134388
134450
134637
134500
134725
134050
134162
134675
134050
134150
129438
132150
130600
132912
126500
133688
132200
131700
133788
132350
133187
133275
132787
133487
134562
133225
133812
132413
133450
133925
134212
132225
133762
131038
128637
127113
128275
133550
132488
129013
127263
131788
127413
128150
130938
128988
133188
131325
130350
130650
130025
131425
132987
129888
130150
125163
127088
127200
133100
131525
130425
179125
132275
130250
127212
131125
129412
128113
131075
131500
128800
129350
130613
131638
131200
128525
129600
130250
277525
126500
131225
132750
128200
130650
130412
127163
128763
130425
130237
133313
130850
131862
129450
130062
130600
131525
130625
130887
131525
131012
129825
131250
128200
129687
129800
119762
125188
128575
131763
131788
130888
131788
132900
131925
131162
131925
131200
131425
131737
131888
131275
130688
129875
129887
135087
132300
129763
132625
129913
134925
129675
131825
132300
131375
131262
133925
134313
132925
131788
133650
131513
132737
132838
133637
134513
132587
133975
134363
133913
134025
130500
133675
133900
134425
134238
132588
134387
133488
133638
133750
133738
132888
132787
133100
153137
134688
134975
132900
134663
134312
133912
135250
135237
135237
134050
134363
131750
133350
133863
135037
133113
150588
132762
133325
128125
125600
130300
126887
123625
124312
125263
127163
126775
134912
134112
133825
132825
133513
133825
134337
135175
130400
131875
130775
133775
129788
131962
131413
132438
131013
129138
131775
131150
130575
131237
132437
131400
132000
132225
131487
133225
133650
133125
133238
132762
130900
132950
133300
128025
131175
131462
130050
125913
125762
124950
125425
130250
134412
134437
134713
130275
135163
134612
134400
134712
134363
134463
135337
135063
131238
135487
133825
134250
131813
133525
134100
134063
133087
134725
134112
134038
131138
132700
132887
134475
131762
133837
136362
135012
132500
131263
133500
134812
132738
132550
133050
132450
132712
133813
133400
133163
133213
133612
132550
149725
133437
133550
132825
134250
133575
133750
132850
133950
133325
133012
133675
132113
133650
133062
133713
132487
135938
132863
133375
134150
134900
133775
133763
132350
132062
130688
130887
133512
133037
133388
131262
123725
124675
127438
127200
122712
124800
129675
133725
133775
133038
133175
134125
134338
133050
133150
133537
133137
133263
133825
133475
134125
133225
132850
134812
133712
130613
132100
133275
132975
132688
131500
133025
131912
133350
133600
133913
132200
133450
132200
130950
132287
132612
132450
132712
132887
132050
132263
133662
130462
133675
129737
129088
128000
130700
131837
131563
133825
130463
133075
134287
131500
131437
133338
131788
131725
132088
130275
131663
129175
132112
134063
151525
124750
125113
195213
128575
135175
127388
124938
129300
126487
125188
125362
127863
153125
133050
131387
130212
133400
132200
132050
132900
130225
131787
131088
129275
131338
132875
133138
131863
132975
131588
132012
129388
127525
130413
126775
128250
124337
123100
124263
124812
125950
127850
125200
126125
122062
121887
124000
121875
123263
122113
125488
129650
124725
127038
127375
127688
129350
126188
128975
125325
127725
129325
128913
129150
130600
129888
132463
133613
132700
135000
133450
135262
135263
135100
133363
133138
132300
128725
135262
135250
135288
135050
134087
133612
133575
131650
132838
130563
132938
135250
135213
135150
132250
123263
126512
130275
133163
132275
132287
128637
127963
131675
133338
131875
133700
132300
126025
130125
126362
128888
131813
124837
124325
124025
126712
129700
128838
130900
132162
130437
129250
128712
130488
131037
130862
129200
130738
129725
128775
126450
132400
134275
129025
132125
133000
126825
125075
131575
126662
128863
125450
415725
188725
127938
128350
130288
131287
128113
129700
128713
131263
134112
133625
131625
129775
130088
131450
131925
130300
130500
131150
134475
130150
134700
130637
130512
130212
126562
125850
123187
128150
124912
127712
126400
127637
128638
128650
129613
127637
126400
127563
127675
129100
125562
127950
127600
132525
130825
130813
128700
127863
129575
128937
130512
132662
130100
127462
126012
130000
126913
129963
128538
132600
127800
131688
132650
130550
131162
131087
131800
127462
119925
119975
127362
129888
130300
130463
131163
125050
125975
122425
122050
122488
125850
122888
122363
123938
122963
123475
123612
124550
122438
122712
123337
121625
121600
125138
127687
128175
127687
123787
124487
123537
123825
126875
125425
129738
131237
132163
128813
130413
129263
132688
131650
132125
132550
131512
128487
129238
130025
129250
129800
128637
131712
132487
132338
131587
130750
132125
132688
132550
131600
131437
131188
132063
131975
134837
133737
133325
131950
133250
132175
132487
133475
131763
132763
132700
132263
133437
132525
132300
133388
133200
191713
132787
132550
133200
132850
132200
132225
132987
131612
132312
132188
132125
132125
132825
132925
134213
132625
142875
133863
133188
132700
132863
132250
132850
132488
132037
132475
131350
135187
133012
131688
132513
133088
132587
143088
133037
132887
133337
132087
133713
132275
131400
132550
132750
132662
132725
132587
132988
131925
132987
133075
142737
132962
132000
133250
132363
132062
133150
132763
133300
132912
132600
132763
133150
132838
132300
132625
131638
142525
132613
133550
132225
133413
132175
132150
131638
132812
133475
133525
133100
132350
133350
132125
129837
129275
141025
129787
130175
123988
129125
132013
130437
130475
131150
130800
131050
132300
129788
133000
132012
132800
130950
133388
141987
132250
132712
132813
131812
131888
130050
131738
127312
127800
126438
129838
129187
128612
129325
129850
127700
137987
127713
128100
129300
131512
129525
133550
132938
131238
130150
129850
130025
129975
132100
131237
131913
126737
1839162
133900
125075
241700
128775
131637
122987
122275
128062
127787
129813
129812
131288
131125
129763
128400
124337
124563
125838
123100
123237
205150
128787
130362
129175
130825
143013
143013
143013
143012
143012
143013
143012
143013
143025
142925
143012
143000
143012
142075
143013
143012
143012
143013
143012
143013
143012
143012
143012
143013
143012
142925
143000
143013
143012
124275
137475
143013
143013
143000
143012
143013
143013
143013
143012
143012
143013
142963
142937
143013
143013
144887
143025
143013
143012
143000
143012
143000
143013
143013
143013
143013
143013
142925
143012
143000
143013
144838
143025
143012
143000
143013
143013
143013
143012
143013
143013
143013
143012
142925
143000
143012
143000
145025
143025
143000
143013
143012
143012
143013
143013
143000
143012
143012
143012
142925
143012
143000
143012
146387
143025
143012
143012
143000
143012
143012
143013
143013
143013
143000
143013
142925
143013
143013
143013
144975
143012
143012
143013
143012
143012
143000
143013
143000
