28913
16875
16662
16075
16075
16088
15788
16763
16775
16325
16125
16288
16587
16225
16675
16575
16687
16250
15912
16575
16737
16613
16338
16475
16400
15587
16362
16725
16550
16113
16412
16625
16100
16125
16488
16450
16288
16000
15850
15688
16562
15762
16138
15650
15825
15875
15588
16025
16650
16675
15700
15537
16050
16088
16525
16075
16287
16425
16613
15975
16050
16225
15887
15013
15588
16000
15012
15063
16250
16238
15275
15537
16012
16037
15938
15375
15400
16387
16512
15838
15450
16600
16025
16275
16675
16725
16588
16325
16563
16100
16162
15100
16312
16138
15712
16375
924500
12612
11738
12750
13250
12413
12137
12862
13062
12325
12550
12562
12125
12962
12375
11825
12413
12637
12700
12425
13012
12187
12212
12112
12900
12238
13062
12675
12400
12225
12537
12950
12737
12100
12088
12913
12725
12125
13000
13137
13013
13013
11875
13088
12175
12625
12787
12387
12738
12763
12975
12837
12850
12837
12713
12825
12862
12513
13200
12913
13100
13237
12888
12837
12950
13337
12837
13225
12988
12675
12750
13337
13325
12950
13112
12788
12925
12675
13100
12912
12975
13112
13062
13125
12363
13138
12737
12788
12775
12800
12912
12837
12837
12600
13050
12988
12950
12962
12787
13213
13100
12700
13112
13350
13337
13337
13350
13337
13350
13363
13337
13337
13337
13337
13338
13325
13325
13325
13325
13325
13325
13325
13325
12600
12350
12750
12400
13250
13175
12825
12737
13050
13075
12675
12775
12662
12475
13238
12838
13113
13137
12850
12863
12675
13338
12800
13325
12988
13013
13088
12800
13175
12975
13012
12675
12800
14963
13125
13162
13187
13012
12725
13338
13162
13162
12250
13025
12775
13325
12525
13262
13163
12663
13113
12488
13013
13150
12938
12675
12975
13300
12313
13113
13137
13075
13200
13162
13138
13137
12912
13213
12938
12975
13125
12625
13175
13163
13313
13187
13250
13225
13288
13200
13150
13137
12875
12775
12500
12512
12988
13175
12975
12825
13100
13200
12838
12875
13237
13062
13162
12938
12938
12662
13113
13013
12888
12888
12688
13162
12913
13300
13100
12825
12850
13337
13200
12850
12937
13100
12913
12650
11700
11475
12875
12263
11725
12437
12025
12350
12513
12800
12562
12637
12613
13075
12437
12737
12650
12512
12288
12763
12563
12875
13838
12225
12250
11850
11500
12512
12162
12663
11925
11837
12313
11650
11975
12050
11775
12512
11700
12538
12850
12938
12488
12675
12150
11675
12813
11762
12300
12450
12787
12713
12487
12000
12413
12813
12000
12400
12563
12950
12637
12425
11925
12888
12150
12862
12825
12212
12375
12762
12500
12375
12312
12450
11813
12862
12225
12137
12150
12075
12150
12750
12200
12362
12163
12700
12087
12675
12475
12713
12587
12800
12150
12650
12013
12762
12638
12625
12225
12875
12800
12638
12263
12488
12238
12137
12113
12487
12100
11938
12450
12025
12463
12375
12225
12225
12287
12263
12400
11962
12462
12837
12375
12012
11862
12413
12225
12113
12412
12225
12700
12587
11762
12688
12800
12187
12375
11850
12162
12900
12725
12713
12412
12412
11825
13087
13150
12838
12700
12350
12775
12575
12662
12287
12288
12438
12225
12088
12887
12062
12725
12838
12812
12288
12638
12300
12238
12287
13188
12875
12863
13125
13100
12400
12888
12437
12750
12488
12637
13075
13350
13375
13337
12812
12975
12913
12425
12125
12700
12338
12800
12962
13275
12588
13112
12825
12825
13150
13125
12387
13013
13350
13338
13250
12912
13300
12913
12975
12825
13225
12738
12812
13187
13162
12362
12575
12413
12913
13037
12762
12350
12650
12912
12962
13300
12950
12187
12912
12538
12525
13025
12487
12125
12675
12487
13000
12513
12325
12563
13138
13312
12675
12313
12438
12338
12462
12175
12775
12400
12675
12562
12925
13038
12775
13025
12412
13100
13325
11888
12900
13012
12862
12538
12525
12325
12963
12863
12487
12137
13150
12500
11925
12662
12987
12712
12688
12362
12413
13137
13100
13250
12688
12512
11963
12488
12525
11838
11937
12537
12000
12363
12613
12513
12875
12400
12500
12738
12650
13150
12425
13050
12000
11812
12950
12875
12250
11425
12413
12038
12588
12237
12250
12400
12050
13050
12175
12462
11850
12425
12450
12825
12737
12100
11925
12638
11913
12863
12462
12175
12562
12813
12725
12137
12688
12462
12163
12950
12350
12462
12587
12200
12912
12488
15125
12487
12450
12450
11688
12513
12288
12487
12400
12138
12763
11825
12550
12538
12725
12400
12388
12488
12313
12350
12538
12187
12113
12763
12813
12650
12175
12525
11913
12837
12525
12138
12787
13325
11863
12338
12837
12538
12237
12688
12163
12538
12338
12650
12438
12563
12062
12512
12275
12175
12662
12213
12175
12375
12563
12387
12213
12637
12325
11562
12413
12888
12638
12762
12612
12513
12687
12425
12487
13162
12812
13262
13375
13200
12675
12650
13338
12763
12462
12387
12650
12688
12550
12838
11775
12550
12150
12138
12738
12037
12162
12325
11900
12325
13275
12238
12337
12438
12638
12325
12513
12825
12888
12400
12500
12538
12112
12025
12800
12950
12288
12725
12350
11875
12087
12400
11938
12263
12425
12350
12363
12337
12062
12400
12800
12575
12162
12513
11800
12200
12512
12162
12288
12487
12012
12350
12413
11912
12662
11888
12500
11950
12712
12550
12575
12788
12512
12300
13125
12137
12925
12863
12975
12712
12063
13350
12563
13137
13250
12725
12762
12425
12763
13225
12200
12225
12775
12550
12225
12462
12863
13150
12887
12525
12975
12425
13037
12912
12712
12938
12850
12363
12150
11775
12350
12000
12538
12375
12600
12600
13325
12800
12575
12650
12500
12163
13175
12750
13063
12775
12600
12412
13325
13137
13325
13325
12925
12200
11925
12562
12700
12038
12963
13075
12487
12700
12563
12875
11737
13138
12050
12650
12788
13050
12750
12575
12863
12487
12625
12775
12388
13025
13175
12788
12850
12600
13113
12575
12750
12737
12787
12737
12850
12662
13025
12650
13175
12862
12650
13087
12225
12875
13112
12687
12962
12375
12712
12987
12687
12363
13037
13050
12863
12463
12687
13087
12850
12562
13225
12750
13125
12813
13162
12800
12900
12700
13025
12538
12325
12587
12725
12600
13062
12625
12850
12600
12987
12500
12612
12563
12412
12962
12988
12600
12900
12800
13000
12987
12825
13200
12950
12713
12675
13175
12488
12550
12850
12937
12875
12962
12737
11950
12762
12763
12937
12950
13000
12562
12000
12837
