12000
1625
1550
1525
1463
1600
1687
1362
1675
1413
1662
1612
1675
1688
1662
1650
1625
1663
1663
1662
1637
1662
1638
1675
1675
1462
1675
1562
1662
1663
1662
1675
1687
1663
1450
1575
1663
1662
1663
1513
1675
1613
1650
1650
1650
1650
1650
1662
1675
1650
1650
1650
1650
1663
1625
1663
1663
1662
1650
1688
1563
1662
1662
1625
1650
1662
1650
1612
1550
1650
1662
1638
1662
1650
1638
1663
1650
1662
1675
1650
1663
1638
1650
1600
1650
1650
1513
1650
1650
1662
1675
1675
1712
1487
1638
1675
1562
1675
1650
1662
1538
1675
1662
1688
1675
1663
1662
1512
1650
1675
1662
1650
1675
1638
1550
1675
1675
1663
1675
1675
1650
1662
1613
1088
912
887
875
875
838
837
863
863
850
962
912
887
875
862
875
888
875
912
875
888
875
862
900
888
875
900
888
887
875
875
888
888
875
900
887
887
875
888
887
875
888
888
888
887
863
875
875
875
875
875
888
862
875
900
1088
962
912
887
900
862
875
875
875
875
875
875
875
850
875
913
887
963
875
862
862
825
825
850
850
838
838
863
837
838
837
875
825
825
850
863
850
825
837
825
812
837
837
838
813
850
837
863
838
837
863
838
825
812
862
888
838
850
875
888
850
862
850
900
862
837
875
863
850
862
862
875
850
837
863
850
825
850
887
937
825
838
863
850
825
850
837
800
837
825
838
850
837
837
850
838
837
838
850
825
825
825
850
825
825
838
838
838
850
825
825
850
850
850
850
838
863
837
838
850
863
825
838
850
850
825
838
838
863
825
825
850
837
787
850
812
850
812
850
838
838
888
850
825
837
850
825
863
825
837
850
837
825
837
850
837
825
825
825
850
813
825
863
837
825
812
850
825
850
825
888
850
837
812
837
837
825
850
838
825
825
850
837
838
825
825
838
850
825
850
850
838
812
813
837
850
825
825
850
837
812
850
875
938
875
887
863
850
863
838
875
850
850
862
863
862
850
838
862
862
862
838
837
850
837
850
850
875
938
850
863
850
838
875
862
862
838
838
862
863
838
850
862
850
838
850
850
850
838
863
850
850
862
875
887
862
837
863
862
887
850
837
850
875
838
900
838
837
850
837
838
837
838
825
863
862
838
812
850
850
850
812
837
838
850
825
850
825
837
825
838
837
837
825
837
837
838
850
850
837
850
838
825
837
850
813
850
850
825
825
863
850
837
825
850
838
825
825
825
863
875
837
875
875
850
838
875
888
850
863
850
850
850
850
837
863
825
837
863
850
838
850
837
863
862
825
850
863
850
850
838
862
850
825
875
837
850
850
875
850
825
850
875
850
838
838
837
850
825
825
850
863
838
875
838
875
837
838
863
850
875
825
863
863
838
838
850
862
863
900
875
863
850
850
850
850
850
850
850
863
838
813
850
850
863
837
850
850
838
838
850
850
863
838
850
862
850
850
863
837
862
825
875
850
862
825
850
875
837
850
850
850
837
837
862
850
850
813
863
850
850
837
875
850
838
837
862
862
825
850
863
950
838
850
937
900
863
837
850
850
862
825
863
863
850
875
850
863
863
838
850
837
875
850
850
875
850
875
888
837
863
825
850
850
850
862
850
850
850
850
875
862
863
837
850
862
850
837
862
862
850
850
862
862
850
850
862
862
850
837
850
863
850
913
900
875
850
862
850
862
863
863
863
863
862
838
862
887
863
838
862
850
850
850
863
862
850
850
875
825
850
850
837
875
863
850
850
862
850
837
850
850
863
862
862
863
850
837
888
850
862
838
875
825
838
838
862
850
850
838
850
862
837
863
863
925
850
850
900
862
862
825
850
850
863
837
863
863
850
838
863
863
875
875
850
875
838
838
850
888
850
838
862
863
850
863
887
863
888
862
837
875
862
850
863
850
850
1463
1300
913
925
937
900
875
887
887
887
888
875
887
900
862
888
912
938
875
900
937
888
875
887
887
887
875
887
888
900
925
912
900
900
887
900
900
900
888
913
900
900
888
900
888
875
887
900
912
875
862
900
900
975
937
950
938
925
900
925
937
900
913
925
925
925
913
900
925
925
900
925
913
900
912
912
913
900
900
925
925
900
963
912
900
887
875
888
900
912
887
887
925
925
912
900
913
925
887
925
913
913
913
913
912
925
900
925
925
912
913
900
913
913
900
900
912
912
887
900
925
913
913
925
912
912
900
938
912
900
900
937
925
913
875
912
913
887
925
950
912
900
913
912
975
900
887
900
900
900
900
925
925
938
900
913
912
925
925
938
912
912
900
900
938
925
887
912
913
913
912
925
887
900
900
913
900
900
900
913
913
900
913
925
925
913
912
913
913
900
912
912
925
925
912
925
912
925
900
912
937
925
900
900
913
