296
96
104
112
120
96
104
112
136
144
112
120
112
160
112
144
152
120
144
104
136
136
112
96
136
104
128
96
120
72
120
128
112
88
128
120
104
112
120
144
136
104
128
104
112
120
120
136
104
104
128
112
104
120
120
152
112
120
120
96
104
88
96
152
96
88
136
96
96
112
104
152
120
152
160
120
136
160
144
128
120
160
104
104
104
96
104
128
104
104
184
176
96
112
104
128
96
112
120
120
104
112
104
88
96
88
88
88
96
88
112
96
88
96
96
96
96
96
104
104
96
96
88
88
104
104
128
120
112
128
96
120
104
104
128
96
96
160
120
96
96
104
88
96
96
104
96
96
104
88
104
128
112
136
136
104
112
112
200
128
112
112
128
120
120
144
144
128
33016
112
160
152
160
144
144
152
144
144
160
136
120
104
136
136
128
120
120
136
144
128
160
144
160
128
104
96
144
120
128
144
112
144
144
136
144
144
168
152
128
160
160
136
136
136
136
120
120
136
128
136
136
120
33000
136
120
768
128
136
144
136
160
136
144
120
144
120
128
136
128
136
144
152
120
104
136
136
152
120
152
136
120
112
144
136
128
152
152
128
128
120
152
128
120
120
128
128
120
136
120
152
136
120
136
152
112
152
144
136
160
128
160
152
120
128
152
120
152
152
120
128
136
136
120
128
136
144
128
152
96
152
152
120
144
152
128
104
128
144
96
144
144
152
128
128
144
136
136
136
136
120
152
152
152
136
136
152
136
168
104
160
128
136
96
136
152
168
120
144
160
144
160
160
160
168
144
160
120
136
144
120
128
104
144
120
152
120
128
104
136
160
112
128
120
128
112
128
104
120
152
56
136
112
33216
128
152
144
152
160
136
112
128
160
120
144
136
160
136
176
160
136
120
128
136
144
160
160
152
160
152
144
136
136
136
152
152
144
120
144
144
128
144
128
128
128
128
152
152
152
120
152
152
152
128
160
112
128
144
160
144
144
136
96
128
160
120
160
120
120
152
120
152
56
96
112
120
120
112
120
112
104
120
136
112
112
104
112
104
120
112
112
104
112
96
112
112
112
104
136
112
104
104
104
128
120
112
112
112
120
112
120
120
104
120
144
128
104
112
112
112
112
104
104
104
96
120
120
104
104
104
112
112
104
104
104
112
112
112
112
104
112
120
112
112
120
112
104
104
104
104
104
104
112
104
104
96
120
112
112
112
112
120
104
112
120
112
104
104
112
104
120
120
112
112
112
104
120
120
104
104
120
120
104
112
104
104
96
112
112
112
120
112
112
120
104
104
96
144
128
120
112
112
120
112
104
112
120
104
112
112
104
104
120
112
112
112
104
96
120
104
104
112
120
112
112
120
112
112
120
112
104
104
104
112
104
112
104
120
112
104
104
112
104
104
104
112
112
104
88
112
104
112
104
112
112
104
112
120
112
112
112
120
104
112
104
104
104
112
104
112
112
112
104
112
112
112
112
112
104
88
112
104
152
136
120
152
136
120
152
136
120
112
112
128
144
128
112
112
112
120
120
120
112
104
120
104
104
112
120
112
88
112
120
120
112
112
104
112
104
112
104
112
112
32880
104
104
104
104
120
128
128
176
128
128
152
112
112
104
104
112
104
96
112
112
112
104
104
112
120
120
104
104
112
104
112
104
104
104
112
104
104
104
104
112
120
104
104
112
112
112
112
104
88
104
112
104
120
112
112
112
120
120
112
120
120
104
104
112
104
112
112
104
104
112
120
112
112
112
112
120
112
104
112
120
112
120
112
104
128
120
104
104
112
112
112
120
104
104
136
88
120
104
104
112
112
112
104
104
112
112
112
104
104
104
104
104
112
104
120
136
104
104
112
128
120
112
112
112
120
120
88
112
104
120
112
104
112
104
112
120
136
112
152
120
120
128
128
120
112
112
112
112
104
112
112
112
112
112
104
104
112
88
120
104
136
112
104
104
112
104
104
104
104
104
112
104
120
112
104
112
112
112
112
112
104
104
120
120
112
112
104
128
88
120
112
112
112
112
104
104
112
112
104
112
104
104
112
104
104
104
112
112
120
120
112
104
136
112
112
104
104
128
120
96
120
112
136
120
120
120
104
120
112
112
104
112
112
112
112
104
104
120
112
112
104
120
120
112
120
104
112
120
120
104
80
112
112
120
128
104
112
112
120
120
112
112
112
104
104
104
104
112
112
104
104
112
136
112
120
112
104
136
120
104
104
104
112
112
112
104
104
168
136
120
160
120
128
120
112
104
104
104
104
112
112
120
112
104
128
120
112
