1200
360
216
216
216
224
224
224
224
208
224
224
216
216
224
216
208
216
224
216
208
328
304
416
320
240
256
224
208
216
224
224
216
216
216
216
224
224
224
216
208
216
224
224
208
224
208
224
224
208
224
216
33176
288
296
216
216
224
224
216
216
216
208
224
256
216
216
224
208
216
224
216
224
208
208
208
224
224
224
224
224
216
208
248
1728
216
224
216
224
224
216
216
216
224
216
216
224
216
216
216
224
216
224
216
216
216
216
208
216
224
216
224
208
256
208
336
264
224
232
208
208
232
216
216
224
216
216
216
216
216
224
224
208
208
224
208
224
216
216
224
208
208
232
224
224
224
224
416
288
248
232
240
328
320
288
256
280
256
272
240
248
240
296
256
248
240
256
224
232
200
256
280
288
256
200
256
264
248
232
240
264
272
240
240
224
296
352
248
272
216
248
232
280
256
264
256
328
288
208
200
208
192
208
192
192
192
200
216
208
208
192
192
192
192
216
216
200
208
200
192
192
176
168
208
208
200
208
200
208
208
200
192
168
208
192
200
216
208
192
200
216
200
200
192
208
200
208
208
208
200
208
216
192
208
184
200
192
200
200
296
184
288
240
200
272
840
264
312
208
304
264
272
288
232
256
240
272
272
288
280
264
320
312
264
184
288
760
296
400
248
232
240
208
256
200
352
304
296
240
224
192
200
216
216
208
208
208
216
200
208
192
200
216
200
200
200
200
216
216
208
216
208
208
216
208
176
232
216
200
192
192
208
216
200
208
216
216
192
192
192
200
208
192
200
200
192
200
192
200
192
192
200
176
168
176
176
160
208
176
168
168
272
232
312
248
208
296
240
216
224
216
240
368
304
216
224
216
216
312
224
216
200
216
168
168
168
168
176
224
200
168
184
208
208
216
208
208
208
208
192
200
184
216
200
200
192
200
208
216
200
176
176
216
208
208
192
216
208
160
208
168
216
216
192
216
216
208
256
224
208
192
208
216
192
200
192
192
192
200
208
192
200
216
200
184
192
192
200
192
184
224
200
208
224
208
208
200
216
208
208
200
192
200
184
200
200
192
192
200
200
200
200
208
200
216
216
192
200
200
216
168
208
192
200
192
192
168
168
168
208
208
216
192
200
192
200
192
192
232
256
248
232
280
336
328
352
256
344
216
216
216
240
344
216
216
208
216
216
216
208
192
208
200
192
200
176
208
208
200
192
216
216
192
192
192
184
168
160
208
168
168
168
184
176
184
176
208
208
200
200
208
208
216
192
200
200
208
200
200
208
216
216
216
208
208
216
200
208
168
216
216
200
200
192
200
208
192
192
208
216
216
192
200
200
192
184
176
168
168
168
168
176
176
168
208
216
192
200
200
176
200
168
176
176
176
208
184
168
176
168
192
208
216
200
32952
200
200
200
192
192
192
200
192
192
200
192
216
216
216
184
184
224
192
200
192
208
200
200
192
192
192
192
216
216
184
216
216
208
200
192
216
216
200
192
368
240
216
208
208
280
240
232
224
232
216
216
208
200
200
208
200
192
200
200
200
192
192
192
200
192
216
216
200
192
192
200
216
192
200
192
200
216
296
328
296
328
320
344
320
240
200
192
208
216
216
208
200
192
208
200
192
192
192
200
192
200
192
208
208
208
216
200
192
176
224
216
192
200
200
224
232
232
208
208
200
216
192
200
208
208
216
216
200
200
208
200
176
168
176
184
208
192
200
200
184
208
192
200
200
200
200
200
200
192
200
192
192
208
208
208
216
200
192
192
216
208
192
192
216
168
216
208
200
208
200
160
208
168
184
192
168
176
176
336
264
224
192
192
192
192
192
200
216
216
216
200
32944
200
192
200
200
200
192
208
200
200
184
216
344
232
208
192
192
192
200
200
200
200
216
208
216
200
208
184
176
216
208
200
184
168
176
184
176
176
176
176
168
168
224
232
200
272
312
216
208
216
216
192
192
208
192
216
216
200
200
200
208
192
200
208
208
208
208
208
200
208
208
200
304
320
384
336
320
336
336
232
216
224
192
192
200
208
200
216
200
200
208
208
200
200
192
192
192
192
200
200
200
200
216
184
216
200
200
200
200
200
208
192
200
264
328
280
328
312
304
280
304
296
328
352
336
304
360
336
376
320
360
320
360
224
304
328
248
296
368
304
312
352
320
328
320
336
328
344
296
336
296
344
312
312
328
312
328
360
344
328
352
328
320
336
344
224
328
304
336
240
336
352
344
336
328
328
328
344
328
328
352
328
312
328
304
296
320
320
320
312
296
328
336
328
