505608
333440
351952
344464
335912
417768
335536
328216
331920
298464
341888
365552
320624
321224
318552
316344
336432
317200
320984
320104
320640
317112
346984
283064
286392
318464
315816
317016
317528
284384
284464
319208
319368
317120
317400
317544
317944
320248
318200
319464
284520
412768
350768
393040
400112
425168
413976
408584
376128
415952
409224
442800
448624
341272
343768
368224
391670
371152
419104
420680
401784
334808
332160
332768
597464
460625
443743
480880
366376
357224
335064
331208
410552
337736
349424
397368
381800
429986
349592
330840
287120
288888
286032
337224
321552
319488
284912
281712
285920
439304
372496
405992
418816
376984
353592
360400
371960
374072
399800
411296
318960
317248
317104
317920
317304
403744
448992
522104
341480
318960
322056
318888
322240
291656
287728
285472
284584
289152
318504
317624
431064
319640
316520
279824
286544
281632
287520
345512
340592
333488
295824
328040
331240
331544
509080
402680
380504
315664
284264
287152
284144
333976
318384
387120
396640
604760
344216
329624
318504
319488
317176
319736
326832
284816
371560
287480
287536
285808
283048
288888
285536
325616
357128
288624
286896
281736
288280
282280
287144
437328
352264
359064
362880
281792
318720
325632
286880
282168
287632
286168
286080
285968
285648
363631
333512
328736
330048
299464
330832
328904
348048
319112
317872
318528
321728
318136
318784
319296
687631
570634
413400
376600
484416
411392
372792
361640
352512
370912
454472
424015
333104
768303
415544
393240
409216
334960
285080
284544
285880
283424
387513
285448
286584
288872
286936
321128
282920
339328
286320
286072
286432
288216
287944
285240
286912
493103
336248
330176
327808
295696
330256
343272
299344
330112
334240
297856
331576
332856
297952
523041
409480
322504
286520
285536
402287
334776
294528
329024
329752
328992
299400
500585
324144
289896
286856
287760
287536
286896
381432
359552
363200
346472
318576
318656
319032
326248
287624
284288
288168
284664
286256
285944
358272
295784
317936
320104
283176
286232
287000
319344
332168
284768
287408
285560
287680
285608
287520
359272
363816
548224
373553
298944
329208
400840
331936
299144
331608
329184
294888
328976
335472
330888
328472
327736
329304
298304
330552
348808
331496
329992
330400
297776
331032
330240
304192
330312
330912
297344
330944
331424
294744
331104
331384
330680
297464
336432
328304
298696
330000
328432
297760
327840
329712
331488
295808
328408
333616
298488
373232
329992
329648
296496
330256
361343
318792
317232
318232
319456
320504
327680
406400
368808
437288
372280
404608
404920
379600
363704
414064
295376
284360
286888
288352
352656
289232
287016
287120
319664
319768
281456
337784
331448
297304
326800
348632
332384
333504
303296
330928
331328
298928
332992
327704
295640
339856
328256
297288
329816
328528
330232
294440
337520
326520
297496
326680
328824
330056
299096
331600
429953
410120
363760
411224
411512
383496
352768
363912
404256
402008
358664
394182
320392
317552
320504
317976
320168
321568
335713
339112
298384
327120
327824
330304
333136
334520
331288
321248
323728
284512
317104
316816
319768
385032
333128
301672
330744
328120
329848
330264
351968
330952
329184
328680
297592
332728
331160
303480
326944
328384
329000
331024
328168
352288
410679
322664
319104
340992
352816
288328
283920
403344
333616
369608
342600
363432
288528
341344
326488
287800
288088
287144
288808
287712
285112
350584
347544
439848
320416
317312
318288
321832
326080
314992
318128
318520
320040
319008
319432
336272
294560
328328
329936
330696
299096
328080
340312
331552
331104
330808
298952
331184
327488
297712
334200
327272
328448
305712
330152
328248
573367
423618
405200
402912
372640
419368
406232
359032
356960
398064
375272
373928
405272
408624
374872
409288
409368
385976
411072
382848
407464
352304
320360
396503
328760
297488
330264
328792
328976
332592
332360
330336
296952
330200
327296
331520
331248
334664
328616
295224
330776
325704
326720
294904
355360
414423
328840
330104
327976
332296
298176
425098
289832
283792
289584
286576
288392
287072
354360
337240
334984
300320
330176
328992
329840
340336
320184
345768
321880
318088
320000
319520
315512
336168
319368
424248
286848
320632
317312
285800
361376
341840
284344
345432
319688
315328
317184
334800
316112
327088
283472
285416
288488
284680
289152
376384
287288
285488
283256
285536
284816
286504
334680
319336
318328
316632
287368
282472
287224
289432
406176
315984
318160
316904
318376
321056
320520
340576
283624
288920
373656
336568
320000
317120
340336
285528
284768
282688
288968
286096
285848
286792
325656
316280
320704
321424
319112
321656
316184
331272
296472
288680
318920
281784
288792
284344
284344
329248
320312
356712
287504
320360
318576
319800
331416
318888
317296
320480
312440
319448
321328
320160
340368
283256
286192
284400
284944
284632
287672
291112
333464
332232
332192
327992
327896
327288
299184
332320
327160
296792
329016
327160
329760
300288
364751
317184
318640
320424
317312
316712
323312
483560
371960
376328
403496
413264
366640
417344
319808
317224
499128
298144
285656
284720
358536
289384
286432
285032
286832
288800
284400
351352
303992
318856
322152
320592
318824
318504
339368
318456
317392
318328
319048
316424
320784
510776
408688
353600
361264
367496
288472
350816
286760
288400
288008
287280
286832
282648
284288
334896
313192
321528
317096
320184
319552
348288
302720
317944
321056
317560
317008
316344
319328
284744
352520
353072
365328
343864
318664
316736
317472
391784
318424
320800
318384
319216
319192
318656
330008
300944
330072
332080
299088
330304
328704
330976
400608
397736
369040
295336
319488
319336
348464
290056
284744
285680
283192
284808
288024
291672
322232
315816
320048
319288
358112
364680
319288
328320
320960
318968
319912
319352
316592
316832
336680
295648
330120
320080
394304
398120
400016
366496
289176
286352
286560
286000
289560
287872
338432
320024
319192
317568
357976
284032
286672
284640
427871
338512
330912
332176
299424
331712
413288
290344
287224
284480
287656
286736
283752
287176
323504
318360
321560
316064
317288
320128
361512
348808
287592
286784
284872
287256
369200
414008
407168
319648
317784
317264
315392
313672
313440
325520
326240
317200
321624
319432
320192
319776
317536
342376
285168
321888
319480
321712
318312
321032
321088
323016
435424
361992
320072
318224
321704
325216
339144
334520
330160
332248
331680
329824
415023
372584
287760
282960
286544
288440
282088
289616
327880
315432
319384
316464
318608
320400
330584
356480
337104
283304
289312
288488
286368
287384
284272
326672
322312
319224
318896
318936
319840
317944
355720
285448
282792
283504
280496
284720
287976
284568
329832
317720
319320
355792
285016
285712
288576
372496
324344
330888
381480
321808
321808
339464
362025
335976
331712
329240
327920
299200
332496
339376
332520
330976
331184
330848
330544
332976
370856
362408
408088
339600
330456
330520
333488
334112
330976
298768
332984
328816
298096
1233576
331672
297736
331768
330360
390240
335048
330752
330760
330168
333120
296240
