6208
3272
2840
2624
2536
2392
2616
2600
2504
2544
2416
2416
2760
2424
2520
2512
2728
2048
1520
1520
1528
1496
1504
1504
1496
1512
1488
2496
1616
1528
1528
1528
1536
1536
2600
1632
2952
2072
2320
2056
1752
1528
1504
1528
1520
1520
1528
1528
1528
1528
1512
1520
1504
1488
1512
1592
3800
1920
1512
1496
1496
34304
1528
1520
1520
1504
1528
1520
1512
1520
1520
1520
1528
1520
1520
1520
1488
1504
1504
1528
1528
1512
1496
1504
2352
2024
1976
3056
3256
1912
1720
1936
1528
1592
1528
1528
1528
1504
1528
1528
1520
34304
1520
1520
1512
1504
1520
1480
1480
1504
1512
1528
1536
1768
2096
1616
1544
1528
1496
1536
1544
1520
2080
1280
1120
1128
1136
1072
1056
1104
1120
1072
1072
1080
1048
1088
1128
1104
1144
1128
1040
33880
1048
1016
1016
1032
1088
1096
1032
1016
1080
1104
1096
1048
1016
1136
1112
1040
1016
1120
1136
1136
1040
1024
1024
1072
1104
1040
1088
1120
1072
1112
33928
1120
1064
1040
1048
1208
1128
1064
1064
1072
1120
1104
1128
1064
1112
1120
1000
1000
1144
1152
1120
1080
1120
1120
1080
1112
48328
2184
1864
1464
1408
34392
1432
1448
1248
1288
1840
1920
1304
1368
1320
1288
2352
2024
1696
1672
1648
34960
2048
1704
1168
1120
1096
1120
1128
1072
1040
1016
1016
1024
1016
1016
1016
1016
1144
1112
1104
1136
1104
1040
1040
1072
1112
1104
1112
1064
1136
1088
1080
1064
1064
1128
1072
1096
1144
1080
1088
1088
1080
1080
1136
1120
1088
1072
1096
1112
1048
1056
1128
1112
1112
1080
1048
1040
1040
1096
1112
1088
1096
1088
1096
1088
1104
1112
1080
1128
1128
1120
1056
1072
1112
1096
1112
1048
1040
1032
1048
1112
1080
1072
1072
1072
1072
1152
1128
1120
1096
1088
1080
1048
1112
1080
1128
1128
1072
1104
1096
2048
1640
1872
1848
1616
2064
1192
1128
1360
1152
1296
1400
1800
1616
1976
1664
1376
1176
1392
1688
1888
1640
1456
1696
1448
1856
1904
1920
1816
1584
1760
1856
1624
1832
1832
34888
1704
1664
1704
2144
1944
1704
1928
1856
1944
1784
1936
1704
1656
34760
1424
1192
33872
1040
1040
1080
1032
1032
1064
1088
1168
1120
1128
1080
1056
33832
1072
1072
1032
1048
1032
1024
1024
1024
1056
1072
1048
1032
1016
1056
992
992
1032
1160
1120
1088
1072
33840
1096
1088
1056
1048
1120
1104
1072
1056
1072
1096
1112
1032
1056
1112
1096
1032
1016
2048
1160
1384
1752
1416
1136
1432
7088
1184
1592
1744
1528
1608
1904
1392
1112
1168
1120
33952
1096
1048
1040
1088
1104
1104
1072
1064
1056
1080
1112
1048
1080
1104
1144
1144
1088
1056
1064
1080
1128
1080
1120
1072
1128
1048
1080
1040
1080
1104
1152
1160
1064
1048
33840
1048
1048
1128
1120
1128
1088
1008
1000
1032
1048
1088
1064
1080
1064
1072
1104
1048
1120
1168
1080
1112
33856
1064
1016
1040
1048
1120
1112
1048
1032
1032
1032
1096
1032
1040
1080
1040
1032
1056
1128
1096
1056
1064
1040
1040
1040
1120
1120
1064
1040
1064
1104
1064
1104
1064
1112
1064
1112
1016
1024
1112
1096
1104
1032
992
992
1600
1496
1936
1448
1072
1136
1128
1072
1080
1072
1080
1072
1064
1088
1064
1096
1096
1104
1064
1064
1032
1104
1120
1088
1120
1064
1048
1080
1120
1120
1080
1040
1024
1072
1128
1064
1064
1080
1128
1104
1080
1064
1064
1088
1128
1104
1056
1072
1080
1120
1064
1040
1072
1136
1112
1032
1096
1040
1040
1056
1120
1120
1008
1112
1936
1200
1160
1136
1096
1088
1128
1144
1088
1104
1120
1120
1080
1104
1104
1056
1056
1096
1104
1096
1128
1080
1104
1096
1024
1016
1032
1096
1056
1048
1056
1152
1128
1080
1056
33880
1096
1088
1024
1072
1032
1032
1104
1048
1128
1088
1088
1072
1040
1040
1080
1088
1072
1048
1072
1088
1104
1336
1904
1928
1960
1312
1200
1144
1048
1048
1056
1096
1088
1088
1056
1072
1088
2104
1392
1144
1160
1128
1144
1152
1152
33872
1072
1040
1016
1024
1024
1000
976
976
1008
1080
1080
1016
1024
1104
1080
1072
1016
1096
1064
1064
1040
1032
1064
1080
1024
1040
1088
1080
1048
1024
33824
1080
1088
1088
1008
1112
1096
1080
1024
1016
1072
1032
1000
1000
1072
1080
992
976
1104
1088
1080
1048
992
1088
1080
1072
1008
1080
1032
1096
1104
1376
2008
1752
1944
1880
1920
1712
1304
1176
1160
1128
1120
1136
1128
1104
1144
1064
1112
1104
1048
1104
1104
1104
1056
1112
1048
1072
1040
1104
1056
1944
1864
1664
2096
1168
1168
1096
1056
1040
1040
1112
1104
1112
1072
1056
1048
1048
1064
1088
1080
1056
1040
1040
1040
1064
1072
1032
1024
1096
1112
1040
1032
1096
1160
1088
1120
1056
1096
1048
1056
1048
1072
1096
1056
1056
1064
1112
1128
1040
1040
1128
1128
1040
1104
1112
1128
1096
1088
33880
1096
1088
1048
1040
1048
1080
1056
1056
1080
1080
1080
1048
1072
1112
1120
1064
1080
1144
1136
1136
1048
1024
1048
1024
1040
1024
1032
1032
1032
1080
1320
1152
1080
1096
1120
1088
1136
1112
1040
1048
1048
1032
1072
1112
1048
1056
1080
1112
1112
1080
1056
1080
1096
1064
1104
1048
1064
1048
1104
1048
1072
1064
1104
1056
1144
1120
1112
1152
1496
1296
1096
1016
1024
1048
1040
1040
1040
1040
1008
1016
1016
1016
1000
1000
1000
992
1080
1112
1080
1040
1016
1112
1120
1040
1016
1072
1096
1152
1096
1136
1128
1040
1040
33840
1080
1024
1032
1016
1104
1088
1056
1016
1104
1112
1064
1040
1008
1040
1000
992
992
1064
1088
1040
1016
33776
1072
1040
1072
1064
1072
1120
1112
1040
1016
1024
1016
1032
1080
1120
1064
1040
1040
1112
1112
1048
1024
33800
1024
1024
1016
1024
1048
1048
1048
1040
1072
1064
1128
1096
