61824
22280
17968
16648
49312
17176
16552
49840
16984
15992
48904
16000
16720
49672
15888
27512
57336
55864
53352
18696
18456
49824
24080
20448
18328
51312
18384
19112
50688
51704
51272
53024
19056
18328
50848
18272
50960
18656
18488
50976
18448
18224
51584
17656
51368
17664
17608
50984
18840
21840
52968
18568
17128
50944
17840
51816
18600
18176
50584
17928
19024
50472
17720
18000
51080
17904
51360
17912
26096
20016
51208
18768
52064
18544
17696
50776
18960
53504
18288
24336
22792
52632
18536
21936
19528
53656
18200
19096
67112
59040
59096
27352
28312
58632
60264
58048
26968
24944
62544
61456
25688
58568
59568
59288
27424
61448
21976
54864
54824
55232
56848
22168
23328
23568
22592
23424
54656
54792
20864
22776
23432
21584
54280
56072
55568
22104
21760
23216
22280
55160
54272
54992
21736
22400
22128
22360
55216
54440
22856
22400
22344
22240
54920
53840
55176
22808
63104
22416
22736
21752
22408
56032
55304
56080
22616
23056
22512
23200
22784
54872
55352
54032
21096
22392
22816
55016
54696
55296
56416
23000
22248
21432
54832
55080
56120
55432
22912
24080
21816
23592
55664
59208
56056
55216
54688
21768
21848
22600
22576
55368
54496
54592
21512
23352
22312
54272
55104
55112
22200
21272
23736
22816
56144
55096
55176
23392
22792
22816
21736
22008
54888
55600
56096
22640
22496
23368
22664
22048
54840
54760
22032
23408
22568
20744
54376
55744
55160
22064
22224
22840
22544
54120
54328
22560
22232
22216
22864
54776
55056
55088
23096
22608
22680
22232
55256
55440
55568
55848
24016
23352
23224
23992
54544
54472
92096
24848
22888
21936
54968
54968
55888
22328
21872
22504
55360
55856
55216
55632
23096
21768
22296
54456
54432
55344
23232
21960
22256
23360
55616
55552
54704
22360
22688
22968
22592
54024
54080
22824
35072
22984
21832
58320
50000
16824
16904
49184
16856
16928
49976
16272
16352
49848
16192
16832
48728
16152
16408
16928
48784
16848
16832
49544
16728
16840
49616
16264
16936
49864
16552
16928
49736
16568
16896
49696
16216
16360
49976
16008
16960
127480
17536
16904
49848
15632
16288
49472
15880
16816
16680
49024
16840
16752
49696
16056
16672
49200
16472
16864
49168
16584
16920
50416
16480
16448
49824
16248
16792
49456
16376
16176
49952
15824
16680
16760
49328
16728
17240
49200
16448
16792
49304
16608
16480
81441
21408
14968
47328
14744
47576
14464
14896
14336
15000
14432
14936
47336
14688
47528
14424
14904
14352
14936
14352
14896
47280
14688
47504
14456
14976
14360
14808
14392
14904
47368
14736
47616
14456
14912
14400
14920
14456
14896
47408
14720
47600
14440
14928
14400
14944
14472
14968
47424
14752
47552
14504
14896
14400
21392
15696
47464
14832
47496
14608
47752
14416
14976
14344
14888
47200
14760
47528
14560
47728
14424
14968
14352
14920
47216
14768
47504
14560
47720
14392
14848
14328
14936
47232
14768
47520
14536
47712
14400
14864
14416
14960
47360
14736
47608
14528
14960
14400
15048
14424
14984
47392
14752
47600
14480
14960
14424
15016
14360
19032
16968
49920
16184
16040
49280
16272
16264
49320
16056
16624
49504
16272
16208
16824
49440
16848
16352
49192
16648
16680
49232
16584
16824
49568
16512
16888
49992
16352
16800
49408
16304
16896
49464
16128
16904
17016
49328
16896
16888
49296
16080
16904
72911
19080
47296
19064
22072
54736
54232
20456
19688
18232
49472
16568
16736
49304
15928
16768
49912
16000
16808
49888
16528
16944
49984
16456
16216
17000
49664
16272
16976
49264
16640
16848
49416
16416
16624
49896
16664
16944
49280
16440
16768
49440
16448
16256
61912
57256
53336
19752
18536
18360
54816
52224
16608
16168
50280
21152
22328
17896
50144
16584
16280
21880
17640
16880
49896
15688
16928
49208
16152
16784
16312
16528
16856
16296
15952
16800
16216
62392
50816
16936
16376
48760
16560
16424
49008
15776
16752
49376
16512
16416
49488
16504
189312
18752
48904
16856
16880
48944
16064
16880
49392
16320
16448
49688
16424
16976
49920
16504
16928
50064
16472
16800
49848
16528
16856
16856
49152
16544
16696
49112
16736
16944
49440
16576
17056
49328
16400
16984
49344
16416
17032
17120
48776
16912
16928
49584
16248
16968
49288
15952
16080
49152
15984
16864
49376
16336
16280
49232
16328
16832
16296
49416
16784
16416
49056
16688
16360
49136
16280
16848
49248
16504
16880
50272
54120
15568
14976
47296
14840
47528
14664
47728
14504
15000
14504
14976
47288
14832
47496
14640
47712
14432
14936
14392
14960
47384
14808
47600
14512
14928
14416
14984
14384
14912
47344
14792
47552
14544
14928
14392
14912
14440
14944
47400
14768
47624
14480
14952
14432
14968
14472
14864
47424
14736
20608
55120
53976
54608
19952
20432
15832
14488
15032
47360
14928
47560
14640
47792
14520
14960
14512
15024
47376
14824
47640
14568
14952
14480
15000
14456
14968
47392
14792
47632
14528
14968
14432
14936
47352
14904
47544
14656
47752
14496
14976
14512
15016
47392
14816
47576
14640
47792
14488
14992
14512
15000
47464
14816
47696
14528
15008
79464
22048
52800
48232
15024
47520
14568
47672
14432
15024
14456
14968
47424
14704
47560
14520
14856
14440
14936
14416
14896
47376
14752
47656
14464
14952
14464
14960
14472
14904
47456
14720
47672
14416
14952
14456
14920
47224
14824
47440
14616
47680
14336
14872
14432
14936
47328
14816
47528
14608
47712
14472
17936
50800
14728
14920
14424
14984
47200
14816
47464
14592
79672
15904
47248
14752
47440
14464
47584
14368
14912
14376
14936
47280
14752
47488
14520
47696
14352
14808
14296
14888
47248
14736
47528
14496
47672
14352
15000
14304
14864
47208
14736
47512
14480
47712
14360
14928
14320
14936
47264
14784
47488
14496
47704
14328
19656
51880
14608
14920
47256
14744
47552
14504
47728
14344
14904
14344
14920
47288
14720
47520
14544
47728
14392
15016
14352
14904
47264
21592
22376
22160
48184
14720
14984
14432
15008
14480
15000
47384
14760
47752
14512
15024
14512
15040
14496
15016
47560
14728
47744
14528
15040
14496
15000
14456
14984
47544
14616
88647
21144
18584
17264
49864
15976
16680
49704
16216
16944
49752
15688
16992
49240
16368
17328
16968
15864
16776
16768
49000
16752
16080
49616
16592
17416
53512
51320
18080
22432
54624
54544
55072
21136
24104
22496
21760
56768
53800
54872
65512
56552
22736
21392
17912
