1328
304
296
304
296
296
304
296
288
296
296
312
296
272
296
296
272
296
296
296
304
288
272
304
304
296
296
296
296
33224
312
304
272
312
296
296
304
296
264
304
304
296
304
296
256
304
296
288
304
304
304
312
296
296
320
256
312
304
312
296
296
304
264
280
304
304
288
320
280
296
296
296
304
288
296
296
312
304
296
288
280
304
304
304
296
272
232
312
296
280
296
520
192
200
192
192
200
192
208
208
208
192
192
200
208
200
192
200
192
200
208
200
200
208
192
200
200
208
200
200
192
208
200
232
192
200
208
200
208
208
200
192
208
200
192
192
192
192
200
192
200
200
200
200
192
208
192
288
200
184
184
192
192
208
200
184
200
192
208
208
192
208
200
192
208
200
200
200
208
192
184
192
208
192
200
264
224
184
200
192
192
240
248
296
304
296
296
288
288
200
280
272
192
184
608
216
208
232
256
216
376
248
208
232
240
568
216
232
216
216
264
240
240
216
200
216
248
272
240
312
248
256
256
256
224
280
280
240
224
224
240
264
240
272
240
256
232
224
280
304
232
280
336
264
240
208
288
200
200
192
192
200
192
184
192
192
200
192
184
184
192
200
192
192
200
192
192
192
200
184
192
192
184
192
192
184
192
184
192
200
192
192
192
192
200
184
192
192
184
192
192
192
184
224
264
280
208
208
248
200
200
192
200
192
192
200
192
192
208
208
192
208
208
200
208
192
208
200
200
192
200
200
208
208
200
192
200
200
200
200
192
200
208
192
200
192
200
200
200
208
184
200
208
208
208
200
208
208
200
200
200
192
192
192
208
192
192
192
208
192
192
200
200
192
192
200
184
248
224
280
264
256
288
224
272
200
192
192
200
200
33016
192
200
208
192
200
184
192
200
192
184
200
208
192
208
192
192
200
184
200
200
200
192
200
200
200
192
200
200
200
208
200
200
208
192
200
192
200
192
208
200
200
200
208
200
200
200
192
192
192
208
200
192
200
208
208
192
208
200
208
232
200
232
208
192
192
200
200
192
200
192
208
200
200
200
200
200
192
184
208
184
208
192
192
192
192
200
200
184
184
192
192
192
192
184
192
208
208
184
184
192
200
184
192
184
208
184
184
192
192
192
200
200
192
192
200
192
192
192
184
192
184
200
200
192
200
200
200
200
184
200
200
184
184
184
184
200
192
192
184
200
200
184
192
192
192
200
192
208
192
192
208
208
208
192
192
208
200
200
200
192
208
200
184
192
184
192
184
200
192
184
208
184
264
288
288
304
304
288
288
184
192
200
192
192
184
200
200
200
200
192
200
208
208
200
192
200
200
192
208
192
208
192
208
184
184
200
200
208
304
304
280
248
240
320
224
224
280
280
208
304
248
256
208
264
280
296
272
240
224
232
240
248
272
272
224
216
264
256
272
232
240
288
216
248
232
192
200
184
200
184
208
200
184
200
200
208
192
184
200
200
208
200
192
192
192
192
200
192
192
192
192
184
184
184
200
192
192
192
192
192
192
184
192
208
184
208
192
184
184
184
200
200
192
200
200
192
184
192
192
192
192
192
184
192
192
200
200
184
192
192
200
200
192
200
200
200
208
184
208
200
208
208
184
200
200
192
192
192
208
200
192
216
272
200
200
200
208
200
208
208
192
192
200
200
208
192
192
192
192
200
184
208
200
200
200
184
192
208
280
328
288
312
288
296
288
272
208
192
208
192
200
208
208
200
200
192
200
192
192
208
184
192
208
192
200
184
200
208
208
192
184
200
200
200
208
192
192
208
200
192
192
208
208
200
192
192
192
192
208
208
192
200
208
200
208
184
200
200
192
200
184
200
200
208
200
200
200
200
192
192
200
200
200
192
208
192
200
208
192
208
200
200
184
192
200
192
200
184
192
200
208
192
184
208
200
192
208
192
208
200
248
304
280
728
33112
192
192
200
208
200
200
200
208
208
184
200
192
200
208
192
200
200
184
192
184
208
208
200
208
192
192
208
208
200
192
192
200
200
192
200
184
200
200
200
200
192
208
192
192
200
192
208
192
200
192
192
200
192
184
200
184
208
208
192
192
192
208
200
200
208
192
192
192
192
208
192
192
208
200
184
192
200
200
192
240
312
288
288
264
296
288
192
192
200
200
184
200
192
200
200
192
200
200
192
192
184
208
200
192
208
192
208
200
208
200
192
208
200
208
208
200
208
208
192
192
184
200
200
192
208
200
208
192
192
200
200
200
200
208
208
192
208
192
208
192
192
192
288
208
224
200
232
216
248
248
208
560
216
336
