427432
447617
421472
414432
377760
381600
413984
423824
424184
377824
426400
415248
373912
368304
367800
413280
372152
367984
367320
366656
374240
399792
399680
399800
400216
450510
399872
400064
400208
400480
412448
366768
367000
367456
366720
438288
399616
399456
399920
399920
404672
400032
400256
399848
399320
406808
400616
400408
400528
400072
405472
400384
400544
400224
399608
405416
367720
367168
367592
367616
368296
400232
571968
400480
399944
404952
399248
400432
399480
399152
404464
399480
399816
400048
399784
400264
367696
366568
366992
366992
367304
368216
367384
367712
367392
366616
373064
367096
367112
367672
367576
387592
385360
410064
378208
423456
380504
414944
391232
424008
424680
417656
378568
407544
410848
367120
367472
374904
367144
366360
366376
366424
366368
385208
400144
366376
366248
366448
366456
371872
367008
367768
367792
366704
367552
371088
401440
400168
400464
367480
367488
367688
410064
400800
400064
400408
399544
366488
426439
399632
400400
399160
400304
399408
415240
367584
366368
367224
367632
366928
376048
366976
367408
367008
367416
367688
373128
366968
367256
367640
367232
367472
412272
411200
370944
367288
367600
367800
378184
399696
399688
400040
400440
366520
392273
400272
399656
400720
400224
366352
366336
412400
424240
404368
399288
400368
406288
377240
367904
367456
367080
366368
367688
368288
367376
367920
366896
366488
367312
374032
367736
367544
367456
366408
367192
464719
369768
532616
368384
367544
419704
411472
370568
367280
408696
408824
418240
369616
410720
409312
379304
405352
412800
374960
375200
415576
410384
385368
445256
411920
373024
407760
409888
380848
410848
378496
409264
383544
418200
470384
400520
400304
399416
399144
367152
601976
376944
410120
378664
412800
509287
367528
369856
366616
546904
367528
437953
416320
377248
367984
366784
367464
377624
366824
366376
366376
367696
366928
419360
400688
399688
399248
400248
400280
405160
399784
399200
400664
399680
400144
415168
400312
399608
399144
399152
399168
404464
400272
400608
399408
399296
399216
399912
435544
367376
366328
367472
367144
367288
371440
367736
366744
366440
366264
366376
427728
406784
367880
400216
400392
400680
414552
367464
367272
367480
367360
367280
375304
366376
366360
366360
366384
367488
375568
367168
367312
367664
366800
367712
420728
400264
400208
399496
399856
400128
409896
399584
399792
400304
399168
400360
399144
404568
399560
399984
525920
367776
415488
404168
400648
408936
367672
366400
431184
412840
379672
411840
536080
412504
800705
423128
580167
378184
415296
378008
409264
406848
367864
367600
379744
367832
366680
366432
367512
366896
420496
412640
376504
367400
366952
366416
425632
399424
399360
399176
400392
399328
409232
399440
400312
400432
400752
399528
405856
366936
367728
367600
366792
366480
366424
412696
400520
399456
366752
367152
367376
562993
400424
399240
400480
400176
484080
399912
400136
400520
399704
366424
410312
399648
400104
400360
399904
400504
403480
402664
400192
399432
399808
400216
399616
409312
399752
399760
400248
399568
399304
407528
399536
399584
400032
400632
399472
409936
399904
399296
401280
399720
399272
602568
707456
408624
578264
384880
401928
400160
399432
400272
366752
367616
401864
400448
400552
399160
400128
400448
408592
400104
400032
400192
400384
400792
1344184
386496
423984
380608
427056
410800
412432
377888
418176
429496
417640
379336
422088
422336
412064
563896
400512
399664
400088
400472
508224
367280
367416
366616
366496
367352
424792
408368
366992
366448
367328
367688
450384
376416
593360
367040
366744
399272
469976
399400
366392
400496
399920
430296
367520
367776
366592
366408
367336
448648
399848
400264
405168
399992
400456
760075
366792
366496
367712
366992
367536
399768
400392
400144
400272
400200
609229
489824
411408
377728
412992
738056
437600
373584
367296
432128
443128
367560
367464
367720
366840
367112
515264
404032
399944
399912
400352
400488
493392
382696
366976
367024
367344
367536
452504
367888
366448
367240
367328
367568
455016
413976
414064
399928
399736
399984
451600
366888
399168
400008
399448
399272
479280
400752
400200
400712
366336
366448
444872
367488
367536
367584
366944
366312
449856
367040
366368
366360
366424
366432
441240
369408
367336
367632
366696
367192
381888
367016
367728
367784
366264
366392
453672
399976
400360
400232
367568
366640
545811
422800
367896
367424
367856
367968
434360
399560
399744
400104
400568
399624
430760
366824
366432
373816
399400
400424
411728
400448
399880
399600
399176
400184
427048
367720
366656
367064
367528
366744
369808
366984
367552
366960
367336
366624
440224
399984
399728
400104
399544
399768
412064
399560
399656
399448
399128
399136
402000
399960
400088
400472
399440
400392
399600
402224
400488
367000
367304
366608
367016
432477
399904
400072
400384
400576
399448
443496
366944
366736
366416
366416
366440
442504
367344
367400
367616
367496
367960
438048
400464
400200
400048
400008
400016
432536
405840
446312
367112
366712
366552
469576
423784
370672
367912
366504
367752
401568
399368
399672
367232
367712
366720
400248
400120
400608
399688
400128
452632
399568
400448
400072
367736
366632
442128
626992
367960
366760
366768
367736
454544
414144
370800
367432
367656
406512
419584
412168
406776
367592
366976
448320
381240
409456
376280
407856
409728
538024
399680
400392
400744
399272
401520
406704
400728
400424
399352
399992
401592
407824
404576
400096
400408
399272
399920
408784
400448
400304
400744
399176
400488
405104
399608
400344
400504
399296
519488
413080
377600
399880
399832
400200
560192
501872
399256
400072
399224
640208
432504
414200
399496
400152
550912
404288
370352
626760
367280
366624
709016
409720
366904
367544
367784
528576
399968
399176
400544
399128
400392
555064
399848
399200
399216
399240
400368
380880
366912
366464
366432
753256
411808
367600
366592
367488
367704
376152
415360
400816
399440
399384
399128
399208
597552
404992
400592
400128
400456
508304
399776
400728
399192
367352
366672
483712
367864
367120
367200
367504
366752
488280
366648
367336
367264
366400
366424
513504
367192
367680
366752
367840
367624
557768
399696
366384
366528
366504
367680
523408
367872
367632
366576
367720
366776
567651
401320
399744
366432
366424
411568
400488
399512
399816
400168
399496
426701
409816
367576
368048
367560
367432
463024
409672
410072
374808
409072
410192
452344
378344
412240
411240
372056
512120
399560
399152
399048
400360
399408
495144
367272
366392
367752
367568
367680
474128
366984
366920
366376
367760
367552
512984
399904
400456
399472
399256
399280
539864
400320
366704
366760
366728
366848
409392
400048
399440
399208
366440
510376
375200
367568
366736
366328
367616
509520
366928
366440
367776
366968
367208
515264
375048
476256
399616
400464
400656
508136
400312
400232
399480
399296
399304
597424
415416
369976
367040
367480
566504
399416
400184
400104
463720
521808
410544
412536
367104
367808
367704
523912
399776
399800
399424
400560
400312
610048
400296
400240
367320
367400
367384
503048
400728
721976
