71040
24352
25296
23400
57464
56928
24776
23536
57000
25744
25464
24504
24976
57912
23392
55624
23488
25096
25336
24688
57520
57672
56456
57720
57512
24496
24360
24272
23944
56584
56400
56680
24824
25080
23088
28272
25840
58312
57232
56984
57672
24632
56648
56176
57416
57336
57896
57088
57848
24408
57736
57904
56824
57720
57360
57960
24368
24240
55624
22824
22832
23864
25088
59288
57600
61664
24392
24936
25144
25008
56592
56160
24560
23720
57384
23440
55776
22832
55616
23232
22816
55768
22816
55632
23144
23456
25408
56752
56944
23872
24984
23160
55616
55784
22832
55624
22888
55616
55624
22824
55672
22848
55616
55640
57200
25272
22840
55200
22560
22824
55408
22336
22832
55560
55288
23112
22832
55544
22480
22832
55472
55056
23432
23208
55240
22480
22832
55424
22336
23128
55624
55128
22616
23104
55344
22416
22824
55656
55104
22688
61728
167432
24840
126000
58080
56920
57488
24360
24104
23992
56376
56392
56464
23440
24456
24168
56912
56616
56336
23520
25032
24120
23184
57048
56240
56728
23616
23632
24120
23336
56272
70840
56536
56928
23456
23712
23488
25032
56816
56888
56120
23200
23992
24488
23400
56176
55920
56360
23320
24080
22832
55272
22472
22832
55416
22336
22832
55552
55112
22616
22824
55272
22472
22824
55416
22336
22832
55560
55128
22616
22968
62832
56336
55672
22616
22824
55336
22416
22832
55488
55104
22688
22832
55200
22560
22824
55344
22416
22832
55480
55120
22680
22840
55200
22552
22840
55344
22408
22824
55528
55056
22688
22808
55256
22472
22832
55384
22328
22832
55488
55272
22552
22840
55328
60728
23088
22880
22832
55192
22560
22832
55416
22328
22824
55552
55064
22688
22832
55272
22480
22832
55408
22336
22824
55560
55128
22616
22824
55312
22408
22824
55480
55056
22752
55624
55200
22560
22832
55344
22416
22832
55536
55040
22688
22808
55272
22472
32584
24688
55624
55120
22608
22840
55320
22424
22840
55480
55056
22752
55632
55128
22608
22840
55344
22424
22832
55472
55056
22752
55624
55192
22544
22832
55344
22416
22840
55480
55104
22696
55624
55200
22552
22824
55344
22408
22840
55480
55112
22688
23176
55200
56784
23432
23504
23384
24024
57048
57136
23760
24664
23824
24048
57368
56584
57096
24240
23456
24448
24208
57232
55872
55680
22760
55624
55200
22560
22832
55392
22328
22824
55552
55120
22608
23416
55336
22424
22840
55488
55128
22696
34656
23720
57400
56768
56664
23200
23696
23352
23240
56696
56792
56360
22768
24168
23736
23608
56384
55896
56056
23160
23760
23416
56240
56168
55992
23168
23376
23832
24536
56288
56312
55864
23368
24168
23488
23984
62904
23440
56240
56232
56424
23560
23992
23560
57080
56032
56000
23400
23144
23184
56864
56632
56384
23016
23528
23624
23344
24040
23824
56528
56160
56160
23904
23328
23064
23592
56488
55840
22832
23064
23432
23072
83599
57520
22472
22832
55544
55128
22616
22840
55264
22464
22832
55464
55048
22752
55624
55200
22560
22832
55344
22424
22840
55488
55096
22688
22824
55200
22552
22824
55344
22408
22840
55480
55128
22688
22824
55200
22560
22824
55336
22416
22840
55480
58856
55896
55336
22752
55624
55128
22616
22840
55344
22416
22824
55488
55064
22760
55624
55184
22552
22832
55336
22416
22824
55480
55064
22752
55624
55200
22552
22824
55344
22424
22824
55488
55056
22752
55624
55200
22560
22832
55336
22416
22832
55488
62856
58168
22824
22840
55552
22328
22832
55560
55056
22688
22832
55272
22472
22832
55408
22328
22840
55552
55120
22616
22832
55280
22472
22832
55416
55128
22760
55544
55128
22616
22832
55272
22472
22824
55408
22328
22824
55560
55128
22616
22832
55272
22472
22824
59528
57152
22600
22832
55560
56248
55416
22472
22832
55480
55064
22752
22824
55192
22552
22832
55344
22424
22824
55488
55128
22688
55640
55200
22560
22824
55344
22408
22832
55488
55112
22688
22832
55200
22552
22824
55336
58928
23544
22824
55624
55120
23192
23176
23480
22888
55200
22552
22832
55344
22424
22824
55472
55104
22696
22832
55200
22552
22840
55336
22416
22824
55480
55048
22752
55632
55200
22552
22824
55336
22416
22832
55488
55112
22680
55640
55200
22560
22824
55344
58952
23408
24000
22880
55200
22552
22840
55344
22408
22840
55488
55120
22680
22832
55200
22552
22832
55344
22408
22840
55488
55064
22760
55624
55200
22552
22824
55336
22416
22832
55480
55096
22688
22840
55192
22552
22840
55344
22416
22832
55472
55048
22752
55624
143239
25368
23888
24424
154640
26520
24416
23784
24224
56408
56616
56160
23848
23032
23432
57080
56256
57040
22848
22832
55544
55056
22680
22832
55272
22464
22840
55408
22328
22824
55544
55128
22616
30440
24880
55608
55096
22696
55608
55184
22552
22832
55336
22424
22840
55544
55056
22680
22824
55200
22560
22824
55344
22416
22840
55488
55104
22688
22824
55200
22544
22832
55336
22416
22824
55480
55128
22696
22824
55200
22560
22824
55344
22416
22824
55496
55128
26280
56624
23544
23272
23184
57032
56352
56912
23104
25536
23192
23264
55936
58376
58416
58168
25072
23072
26144
25792
23024
56072
57224
55920
58016
27448
24776
23000
24168
22992
59096
57808
56840
63272
56968
55728
22616
22832
55272
22480
22832
55456
55064
22752
55624
55128
22608
22840
55344
22416
22824
55480
55064
22752
55632
55200
22560
22840
55344
22424
22824
55552
55024
22688
22824
55584
22768
22840
55488
55056
22760
55640
55200
22560
22832
55344
22632
24248
22832
55416
22336
22824
55544
55128
22616
22832
55272
22480
22832
55488
55104
22688
22832
55200
22768
22976
55760
55056
22760
55896
55200
22552
22840
55344
22424
22840
55488
55088
22680
22840
55200
22552
22832
55384
22328
22824
55536
55056
22688
22832
58560
23136
22840
55488
55128
22688
22832
55200
22560
22832
55344
22424
22824
55544
55048
22688
22832
55200
22560
22832
55416
22560
23352
24120
56912
55720
55776
24104
24248
23016
56544
56168
56448
24680
24048
23904
56704
56304
56312
23184
23848
23648
23720
63888
56552
56208
23456
23744
23656
24472
56304
56288
55608
22744
22832
55200
22544
23160
57240
55608
22480
22832
55408
55120
22760
55560
55128
22616
22832
55272
22472
22840
55456
55048
22752
55624
55128
22608
22824
55336
58912
22824
22832
55264
22480
22824
55408
55128
22752
55600
55128
22608
22824
55392
55120
22752
55624
55136
22616
