6248
2624
2456
2528
35600
2536
2424
2560
2480
2400
2440
2544
2432
2520
2400
2456
2512
2440
2480
2456
2440
2608
2416
2632
3168
2352
2264
2264
2264
2256
2264
2312
2256
2272
35064
2192
2264
2272
2272
2264
2264
2264
2272
2272
2264
2272
2272
2264
2256
2272
2272
2264
2272
2264
2264
2272
2272
2264
2272
2272
2256
2264
2264
2264
2272
2200
2256
2264
2264
2256
2264
2272
2264
2264
2264
2264
2256
2272
2264
2272
2256
2264
2264
35056
2200
2312
2320
2352
2336
2704
2456
35488
2792
2488
2584
2448
2496
2536
2552
2416
2480
2456
2424
2440
2648
2512
2544
2856
2824
2344
2384
2376
2392
35576
2392
2424
2352
2848
2400
2408
3344
2488
2320
2336
2320
2352
3512
2192
2264
2192
2192
2200
2256
2200
2200
2192
2256
2192
2184
2184
2256
2328
2272
2400
2376
2328
2320
2360
2352
2272
2200
2200
2240
2192
2200
2192
2256
2200
2192
2200
2248
2200
2192
2200
2248
2184
2184
2192
2248
2200
2312
2280
2320
2328
2352
2264
2192
2240
2184
2200
2192
2256
2200
2192
2192
2256
2320
2304
2352
2344
35496
2344
2376
2360
2360
2280
2256
2192
2192
2192
2248
2200
2192
2192
2248
2184
2184
2192
2256
2184
2184
2192
2256
2184
2200
2200
35048
2184
2200
2200
35040
2200
2200
2200
2200
2240
2184
2296
2384
2344
2576
2328
2296
2360
2336
2488
2328
2272
2312
2360
2304
2448
2256
2200
2192
2200
2248
2192
2184
2192
2256
2192
2192
2192
2256
2192
2192
2192
2256
2200
2192
2200
2248
2200
2192
2192
2256
2192
2192
2200
2248
2192
2192
2200
35048
2192
2184
2200
35040
2184
2192
2200
35048
2192
2184
2200
2184
2248
2200
2192
2200
2256
2184
2200
2200
2248
2192
2192
2200
2256
2184
2184
2184
2248
2200
2192
2200
2256
2184
2192
2184
35056
2192
2200
2192
2200
2240
2192
2200
2200
2240
2192
2192
2200
2240
2184
2200
2184
2240
2192
2192
2192
2248
2184
2200
2200
44072
2296
2296
2240
2192
2184
35064
2184
2192
2200
2192
2240
2192
2192
2184
2248
2200
2192
2192
2256
2200
2192
2200
2248
2192
2184
2184
2264
2184
2192
2184
35040
2192
2192
2192
2192
2248
2192
2192
35032
2192
2184
2192
2192
2240
2184
2200
2200
2256
2200
2192
2192
2248
2192
2192
2200
2256
2192
2184
2184
2248
2192
2192
2184
35056
2184
2192
2184
2200
2240
2192
2192
2200
2240
2192
2192
2192
2240
2184
2184
2184
2264
2192
2184
2184
2256
2184
2184
2184
35048
2200
2184
2184
2192
2256
2192
2192
2184
2256
2192
2184
2192
2256
2192
2200
2184
2264
2192
2192
2192
2256
2184
2192
2192
35056
2200
2184
2192
2200
2240
2192
2192
2200
2240
2200
2200
2192
2528
2288
2296
2248
2192
35040
2200
2184
2184
35032
2200
2200
2200
2192
2272
2280
2280
2280
2328
2256
2304
2312
2248
2200
2200
2200
2248
2192
2200
2200
2248
2200
2200
2184
2256
2184
2192
2192
2256
2200
2200
2192
35040
2200
2200
2200
2200
2248
2200
2192
2192
2256
2200
2200
2200
2256
2192
2200
2192
2256
2200
2200
2192
2248
2184
2200
2184
35048
2184
2192
2184
2192
2240
2200
2192
2584
2248
2192
2184
2200
2432
2192
2200
2192
2256
2192
2184
2200
2256
2192
2192
2192
2264
2200
2192
2224
2320
2352
2376
2360
2320
2320
2264
2192
2240
2192
2184
2192
2256
2192
2184
2200
2256
2184
2184
2192
75584
2256
2200
2184
2240
2200
2184
2192
2256
2192
2192
2200
2248
2192
2200
2200
2248
2200
2192
2192
2480
2184
2200
2184
2240
2200
2200
2424
2240
2200
2200
2192
2240
2192
2200
2192
2240
2200
2192
2200
2256
2192
2200
2200
2256
2192
2184
2184
35048
2192
2184
2200
35048
2192
2192
2192
2200
2240
2192
2192
2192
2248
2184
2200
2192
2256
2192
2192
2192
2248
2192
2184
2184
2256
2200
2192
2192
2248
2192
2192
2192
2248
2192
2192
2192
35048
2184
2184
2200
2192
2272
2184
2192
2248
2184
2192
2184
2248
2200
2200
2320
2352
2264
35336
2472
3464
2256
2200
2192
2200
2248
2192
2192
2184
35048
2200
2200
2192
2192
2240
2192
2192
2192
2248
2200
2184
2192
2256
2200
2200
2192
2248
2192
2184
2184
2256
2192
2200
2184
2256
2192
2192
2192
35048
2192
2184
2184
2192
2264
2200
2192
2192
2248
2192
2192
2192
2256
2192
2192
2192
2256
2200
2200
2200
2256
2184
2192
2192
2256
2184
2192
2184
2248
2192
2184
2192
35048
2192
2192
2200
2200
2264
2192
2184
2192
2248
2200
2200
2192
2248
2184
2192
2200
2256
2184
2200
2184
2256
2192
2200
2184
35040
2184
2192
2200
2192
2240
2200
2192
2192
2248
2200
2200
2192
2248
2192
2200
2192
2256
2184
2192
2184
2248
2184
2184
2184
2376
2264
2536
2304
2312
2344
2248
2192
35032
2200
2184
2184
35048
2200
2184
2200
2192
2240
2200
2200
2200
2248
2200
2192
2200
2256
2200
2200
2200
2248
2200
2192
2184
2264
2192
2192
2184
2256
2192
2200
2200
2256
2200
2192
2192
2248
2184
2184
2192
35040
2192
2192
2184
2184
2264
2192
2184
2200
2240
2192
2200
2192
2240
2192
2184
2192
2248
2192
2184
2192
2256
2200
2200
2192
2256
2192
2184
2200
2256
2184
2184
2184
35048
2192
2192
2184
2192
2240
2192
2200
2200
2248
2192
2184
2192
2256
2184
2192
2192
2240
2184
2192
2184
2248
2192
2200
2192
2256
2200
2192
2200
2248
2192
2192
2192
2264
2184
2200
2192
35048
2200
2200
2184
3256
2192
2232
2288
2264
2200
2272
2200
2192
2192
2256
2184
2192
2192
2240
2192
2184
2192
2240
2184
2192
2184
2256
2192
2200
2192
2376
2200
2192
2200
2248
2200
2192
2184
2256
2184
2184
2192
2248
2192
2200
2192
2240
2200
2192
2184
35040
2184
2192
2200
34984
2184
2192
2200
2200
2248
2200
2192
2200
2264
2200
2192
2192
2248
2192
2200
2200
2256
2200
2200
2192
2264
