1.864054
1.2342415
1.24328
1.258072
1.244223
1.418311
1.4602335
1.1882985
1.2583615
1.3889475
1.2098815
1.261437
1.193272
1.4531415
1.253197
1.2341475
1.1812505
1.2846445
1.333823
1.1943015
1.280606
1.3359985
1.26124
1.3277185
1.478154
1.1766125
1.3767815
1.2176615
1.482363
1.252166
1.195723
1.6017
1.475631
1.509257
1.145149
1.433777
1.4587675
1.1796095
1.5238585
1.3632045
1.2833515
1.463683
1.2564585
1.169066
1.3225495
1.4216755
1.196923
1.49084
1.214426
1.2941325
1.2537385
1.415289
1.1638415
1.2362275
1.4073585
1.4827725
1.503894
1.4024555
1.260717
1.261017
1.2557615
1.1797445
1.160011
1.2819805
1.2319355
1.2438475
1.2489
1.229846
1.2211815
1.384694
1.198411
1.4537075
1.395012
1.311591
1.1939785
1.3265
1.3285275
1.204566
1.4827015
1.2645785
1.3076015
1.3023955
1.477854
1.177763
1.2120325
1.318772
1.4855725
1.267349
1.3395745
1.2693555
1.2911985
1.4874895
1.1698475
1.370811
1.2586925
1.4731645
1.4803955
1.2951245
1.2764935
1.234548
1.501394
1.17506
1.205571
1.3230955
1.256966
1.385074
1.1878725
1.3014625
1.394792
1.5055525
1.166912
1.373572
1.2699415
1.4587955
1.376915
1.210969
1.2990705
1.435508
1.487483
1.1831185
1.4189725
1.3814045
1.221723
1.53456
1.288246
1.29734
1.2377785
1.47454
1.167937
1.403548
1.3173325
1.2217525
1.483111
1.290566
1.1649645
1.340731
1.4734465
1.353638
1.395572
1.279743
1.497706
1.55406
1.267746
1.564325
1.4046785
1.48042
1.33276
1.3626255
1.387694
1.213771
1.448111
1.1813615
1.2596615
1.4228125
1.7693495
1.222937
1.295583
1.2931535
1.3638
1.492077
1.188088
1.2592305
1.244083
1.4892415
1.1467275
1.2569645
1.316024
1.2745525
1.5663665
1.225049
1.4237615
1.2705725
1.385431
1.2524815
1.389139
1.244914
1.5047925
1.4657495
1.2131985
1.418846
1.301286
1.493186
1.4561475
1.40884
1.395806
1.4904815
1.2753505
1.176472
1.4213095
1.722212
1.3509755
1.2205105
1.290992
1.322337
1.4655615
1.277845
1.574655
1.460943
1.2951155
1.490026
1.183257
1.2953845
1.5010645
1.265666
1.1651295
1.2379415
1.3943985
1.498032
1.53836
1.264723
1.30786
1.505775
1.255968
1.221812
1.321323
1.5525035
1.256831
1.262423
1.2134615
1.4379955
1.23228
1.752763
1.18748
1.333491
1.2706725
1.184014
1.501537
1.204606
1.3857615
1.2291445
1.293532
1.1947
1.2621815
1.3882325
1.4532525
1.313612
1.3586455
1.433886
1.2320445
1.257446
1.16856
1.22996
1.411937
1.251957
1.453563
1.271192
1.3100235
1.254851
1.4116675
1.177963
1.4579385
1.434654
1.2695465
1.3071075
1.200251
1.282314
1.1813815
1.573229
1.159763
1.366671
1.4010275
1.4813865
1.364792
1.1889955
1.493554
1.2324555
1.2530815
1.169066
1.2800185
1.3986585
1.201606
1.89587
1.192717
1.608178
1.3883185
1.2453715
1.466774
1.3041555
1.257637
1.223236
1.5111175
1.2299215
1.4280385
1.2540125
1.351932
1.4469505
1.4207785
1.3188755
1.4824075
1.534803
1.2744245
1.389625
1.7720895
1.4142875
1.1926045
1.264157
1.304257
1.44424
1.2679125
1.314437
1.3410015
1.2497585
1.5375815
1.1628075
1.4008045
1.3695375
1.5323645
1.487411
1.7750385
1.2667725
1.2395385
1.2553045
1.155374
1.312217
1.2595305
1.3647895
1.489546
1.3865755
1.2666875
1.5620755
1.48254
1.1779925
1.4014015
1.2356675
1.47102
1.286365
1.196309
1.3066615
1.393636
1.253457
1.1690305
1.4240585
1.2830295
1.4805445
1.2649155
1.2364685
1.248986
1.2638955
1.243074
1.163855
1.33542
1.421494
1.256205
1.1984015
1.3380215
1.300597
1.4476555
1.531386
1.3552015
1.2218555
1.216317
1.2656075
1.1807475
1.956937
1.2163445
1.2154
1.28152
1.3003015
1.39166
1.335854
1.4936605
1.2830425
1.2619075
1.446866
1.422546
1.2949695
1.1787185
1.255317
1.6138905
1.246748
1.3388215
1.3749055
1.25624
1.276766
1.3059955
1.478451
1.2146305
1.477585
1.252829
1.1928105
1.3046555
1.379197
1.5855695
1.3162215
1.2022415
1.262074
1.357514
1.360018
1.192369
1.23812
1.309091
1.221834
1.27876
1.1983665
1.314889
1.240092
1.3442665
1.17176
1.266749
1.283226
1.254186
1.3518505
1.1836465
1.2712785
1.454923
1.2238245
1.1841185
1.3825075
1.330088
1.2064355
1.5091025
1.417463
1.2563955
1.48348
1.5409585
1.1713275
1.184186
1.2536
1.6276755
1.2779385
1.2171985
1.391397
1.2159445
1.286717
1.1601755
1.3874755
1.246586
1.2214705
1.2391415
1.2393695
1.2522555
1.2282105
1.4916615
1.1881385
1.2589245
1.661824
1.4959725
1.4757785
1.340609
1.4585885
1.300272
1.26434
1.166443
1.2466
1.259254
1.3034245
1.2734815
1.237751
1.2334155
1.690909
1.2472185
1.1951355
1.187577
1.433366
1.194149
1.458246
1.500163
1.476309
1.2468665
1.5316785
1.1690415
1.2815985
1.4591085
1.463011
1.2876
1.4193185
1.421129
1.4362475
1.277883
1.206243
1.262251
1.3575615
1.5805585
1.4704695
1.188343
1.3016845
1.254837
1.2585445
1.1983815
1.326411
1.2583615
1.4685385
1.1676
1.356386
1.2554465
1.465494
1.565951
1.2377785
1.2217645
1.3066815
1.247794
1.177937
1.4406615
1.2347585
1.196566
1.47082
1.276989
1.368791
1.4225385
1.4921015
1.188723
1.4883955
1.40256
1.4902155
1.5150985
1.244585
1.388077
1.3582955
1.5435305
1.2999745
1.3682
1.2377815
1.489617
1.562568
1.197586
1.424386
1.443734
1.2515755
1.1830615
1.27328
1.1781045
1.2358615
1.2687495
1.182391
1.2727245
1.2253125
1.4985215
1.45682
1.565568
1.2108875
1.474666
1.672709
1.6262875
1.305018
1.2452105
1.292131
1.5919045
1.778064
1.3029695
1.251834
1.475954
1.20586
1.1939185
1.288037
1.5384495
1.1756985
1.3487065
1.3254525
1.2516585
1.274909
1.229777
1.50829
1.364866
1.561392
1.167963
1.2605875
1.4297535
1.288829
1.5503895
1.339429
1.2506555
1.4763525
1.248785
1.1793295
1.446906
1.3279185
1.47758
1.2869015
1.349134
1.4626295
1.422769
1.35454
1.17514
1.418668
1.406077
1.483311
1.5074185
1.23308
1.41068
1.2124875
1.48632
1.1938355
1.2881985
1.393757
1.2378415
1.324493
1.5191785
1.426114
1.4628815
1.2544355
1.175117
1.3464
1.2452185
1.2146325
1.268572
1.338777
1.3944015
1.393731
1.534557
1.1865445
1.2110875
1.2416185
1.618083
1.208554
1.30328
1.265283
1.21086
1.294086
1.189106
1.424195
1.6319245
1.4506415
1.502989
1.290437
1.4512095
1.489321
1.279474
1.2763645
1.3978525
1.2028105
1.4241335
1.3768785
1.5027415
1.2146845
1.1979
1.4628785
1.3802535
1.190952
1.4871815
1.3818035
1.170843
1.5434125
1.1984265
1.5195045
1.272429
1.5254015
1.2126275
1.412861
1.332422
1.5305355
1.519414
1.4627905
1.4798015
1.518346
1.393289
1.2082585
1.565868
1.6497135
1.5263415
1.5438
1.173046
1.589325
1.566497
1.339351
1.295396
1.3984385
1.3071385
1.206434
1.5709985
1.210389
1.461392
1.2185045
1.2192215
1.217446
1.1928845
1.232571
1.168466
1.6235735
1.2328875
1.1850585
1.5800645
1.528252
1.536177
1.2989955
1.5549755
1.2124755
1.1844105
1.542171
1.540263
1.6051745
1.5500915
1.2220645
1.2462045
1.225529
1.2575555
1.2305845
1.367462
1.525411
1.5245385
1.2777845
1.5674755
1.479714
1.3137465
1.207529
1.2658555
1.200863
1.404277
1.1771585
1.352206
1.2813865
1.2104955
1.4733355
1.2646355
1.2289925
1.31428
1.2509525
1.1832705
1.227672
1.492763
1.4782555
1.321597
1.17486
1.206594
1.451114
1.271014
1.1753015
1.306774
1.2607785
1.318861
1.280857
1.3643355
1.4019185
1.2300985
1.331763
1.206953
1.326743
1.411497
1.594304
1.4558905
1.1825585
1.575291
1.587738
1.251129
1.1793585
1.435733
1.4062685
1.2048
1.381482
1.224017
1.4436865
1.21916
1.4612845
1.1790645
1.2426505
1.389649
1.4642185
1.1938475
1.402523
1.292897
1.204257
1.2778555
1.325751
1.5100405
1.208434
1.2541015
1.1863185
1.4018105
1.436563
1.530192
1.60404
1.3773345
1.313214
1.4210415
1.262386
1.1835815
1.3861
1.449071
1.1832215
1.2582415
1.2851355
1.4068355
1.219352
1.485857
1.1570185
1.32538
1.313329
1.22868
1.276174
1.1923385
1.3706965
1.414591
1.250711
1.169506
1.396252
1.280285
1.538289
1.5558555
1.2728245
1.404006
1.220412
1.394614
1.168897
1.2138985
1.2367
1.1994245
1.5221415
1.230557
1.4259815
1.2326355
1.5352325
1.4698985
1.3872525
1.455583
1.4669415
1.3182615
1.2109325
1.4519385
1.383624
1.754137
1.1927815
1.467754
1.2148615
1.196426
1.592862
1.2176185
1.202348
1.4334845
1.4840185
1.1867355
1.5472575
1.182706
1.5795845
1.179483
1.2990895
1.238337
1.495074
1.578643
1.3826125
1.445491
1.1950985
1.25484
1.161149
1.433825
1.590843
1.205006
1.582334
1.185997
1.2767
1.232025
1.2578415
1.203334
1.395257
1.4008935
1.561023
1.289123
1.24734
1.6852925
1.6421525
1.2922215
1.1730075
1.421375
1.2130955
1.2997095
1.7853445
1.231326
1.4387605
1.404114
1.4997555
1.169569
1.375065
1.4492055
1.203951
1.7218555
1.3898245
1.4024755
1.2841865
1.2700295
1.1713245
1.3228075
1.183
1.2212185
1.27944
1.195529
1.3912295
1.4018695
1.2570985
1.1748215
1.3921755
1.2630495
1.493043
1.2539265
1.2981585
1.3127415
1.237083
1.255498
1.2473425
1.277172
1.4007845
1.491797
1.157617
1.212294
1.442309
1.453594
1.4601
1.223832
1.41658
1.4027675
1.382197
1.2265615
1.225088
1.250426
1.2028585
1.5312695
1.2717015
1.6266295
1.4919615
1.2567125
1.1854585
1.4204695
1.451631
1.5842905
1.5053785
1.576894
1.26852
1.2441325
1.2428985
1.5028665
1.413751
1.1643725
1.4794615
1.946763
1.3072525
1.2878895
1.222814
1.5071415
1.1860215
1.41998
1.3520575
1.4815615
1.392217
1.383931
1.441422
1.4517245
1.491077
1.1720925
1.400671
1.457113
1.4787045
1.5678705
1.248414
1.41294
1.2330095
1.280191
1.1813905
1.4194015
1.4926615
1.268686
1.252997
1.180912
1.32626
1.4824815
1.252409
1.179731
1.420226
1.271243
1.336343
1.22566
1.2976815
1.451151
1.51316
1.285097
1.198292
1.2767045
1.3546425
1.4688905
1.178283
1.322054
1.591517
1.1536185
1.450531
1.293791
1.513221
1.406189
1.25602
1.1784585
1.37376
1.5374665
1.4805555
1.57826
1.2525845
1.224477
1.2353925
1.4886
1.1776875
1.189755
1.4424135
1.198951
1.2546265
1.2183695
1.2568805
1.3027815
1.2782955
1.25992
1.45962
1.3910335
1.570729
1.4859305
1.3834555
1.3994615
1.456243
1.468566
