24.0517
8.5046
7.9582
8.38
9.6591
8.6455
8.7729
8.2012
8.2222
7.9363
7.9587
8.5837
7.7773
8.4572
8.3815
8.188
8.1378
8.1465
8.872
8.2286
8.3108
7.8627
8.292
8.7126
8.6185
8.484
8.1089
8.1695
8.1262
7.8781
8.5535
8.8597
8.2206
7.8581
8.7837
8.1803
13.8941
8.4283
8.9529
9.4052
9.8046
7.4018
8.312
8.1237
7.8381
7.8024
8.2464
8.0031
8.555
7.9298
8.2403
7.2637
8.3108
8.9354
8.3455
8.6182
8.28
8.1818
8.9129
8.3717
9.5563
9.1733
9.1188
7.8991
8.2274
8.1311
2.9732
2.3025
8.7957
11.3911
8.4015
8.4621
7.7388
9.8486
9.1843
5.1255
2.3699
8.9748
11.1114
4.2252
2.6246
2.1911
10.1901
13.8151
7.2055
5.2692
2.58
8.9656
4.3068
5.0138
6.3163
10.335
8.5031
4.7689
6.4471
9.7083
10.5514
5.6797
4.0514
6.1939
9.3009
9.1865
8.5434
8.8579
14.4246
9.4837
11.6058
3.9683
8.6535
9.7486
3.2462
2.676
2.5354
9.599
8.0006
2.9056
2.8409
8.2621
9.391
2.4037
3.2046
2.12
9.1169
8.1024
2.4942
2.8046
9.3898
17.329
8.776
8.7573
7.5674
8.3246
8.2782
4.168
2.8471
8.7526
8.9003
8.0397
2.456
3.7283
9.6308
9.2908
2.3985
2.6917
9.4582
10.0271
2.8311
3.0908
2.392
9.2154
7.9464
3.248
3.0409
8.4031
9.012
3.0135
2.6763
2.7
8.3378
8.9218
2.5126
2.7963
10.7212
9.5754
2.8837
4.1852
2.0034
9.3486
8.339
5.12
2.74
2.5751
10.8689
3.452
4.3671
2.1311
9.3065
8.112
2.4471
3.2858
8.607
7.6963
2.6342
3.9671
9.7849
10.0899
2.3858
2.3065
2.4923
8.9711
7.8569
3.2902
2.1228
9.6283
8.6575
2.5344
3.7904
3.0867
11.9243
3.1074
9.4311
3.9304
8.3012
8.8003
6.3311
2.4495
8.7468
8.5526
9.7403
5.0049
3.8582
8.8726
9.0012
2.4837
3.7154
3.659
10.4237
3.3938
3.8591
3.5606
3.3957
8.7268
3.228
15.5978
8.6468
7.9656
8.1019
9.1575
8.3129
9.6954
8.9686
7.884
9.5784
4.5348
13.3283
8.6858
3.9917
2.9185
8.3624
11.2031
2.7197
2.7292
8.8098
8.8296
9.436
3.5806
5.0695
9.2926
8.3148
3.9326
8.2175
2.6837
9.5277
8.5194
3.7056
4.1886
8.9003
9.4335
3.4991
3.9827
2.7175
10.0453
9.4785
3.3424
2.8046
8.924
7.6825
2.768
2.8643
2.1062
40.212
9.0944
2.904
2.1661
10.3332
9.2443
2.9203
2.1775
2.4932
8.7221
7.848
3.972
3.1255
8.5428
10.3024
3.7067
2.2739
2.4304
10.8563
3.197
2.4686
2.9757
10.5661
8.696
2.4274
4.508
2.592
8.9357
9.0572
3.1822
2.3652
8.4311
9.7569
3.9403
2.9194
2.1055
8.9342
7.8382
2.46
2.7492
8.8501
9.4302
5.0652
2.2474
2.4772
8.8369
7.8031
3.3637
2.0305
9.1424
9.0597
2.732
2.2788
4.196
10.1809
7.9984
8.2258
8.2105
7.6532
9.6972
8.6526
10.6252
8.0019
8.1111
8.1425
8.6111
7.8843
7.6969
10.7148
8.1563
8.8696
8.5425
7.5123
7.519
8.4071
8.604
7.6822
5.9474
2.5483
2.3738
9.7926
8.3526
2.0806
3.04
2.1086
9.3508
5.4659
5.9683
3.1723
9.9714
24.8677
2.0886
3.0068
3.1827
9.56
8.0098
2.7163
2.9726
10.0612
13.4052
5.4203
6.8397
2.5295
9.6554
8.7723
3.0345
3.3123
9.672
9.2043
4.3612
7.0886
10.5911
9.971
8.4797
7.6046
4.468
9.9643
13.7323
3.1216
4.2215
2.5237
9.8006
8.3757
5.7997
3.8957
2.5791
9.2037
4.9259
3.2397
4.3366
3.5625
9.0283
2.5649
2.5988
9.1256
9.1744
2.6741
3.7443
2.3012
8.6751
8.6302
2.2197
2.2643
8.9083
10.856
3.2578
3.8253
2.3809
8.5984
7.863
2.652
2.4043
8.964
8.8588
2.5108
2.6185
4.9597
10.7262
8.0126
2.728
2.5705
8.6837
10.5896
1.9982
3.5089
5.3221
9.5052
8.201
3.1572
2.656
9.2428
9.684
2.3837
2.6686
2.6597
9.7855
8.2557
2.6615
2.6052
10.3123
8.6649
2.76
2.7231
2.484
9.4283
8.0994
2.4883
2.4853
9.4197
9.2942
2.8114
2.673
2.8773
8.856
8.8142
2.715
3.8631
9.1889
9.247
2.6104
3.1415
2.7818
9.3945
8.6489
2.6837
4.552
9.0034
9.0326
2.9
3.6895
2.7806
8.6354
8.2843
2.7628
2.2782
9.9652
8.6517
3.1547
2.6253
2.176
9.0597
7.8246
2.7169
4.7895
9.6794
9.888
2.6889
3.6661
2.5655
8.6661
7.4911
4.7191
4.6541
5.4766
9.7926
2.7824
2.4102
2.5489
6.6732
8.5021
2.6514
4.8345
8.7144
9.8308
2.7056
3.8264
2.0006
8.6449
7.788
4.2262
2.7742
8.8508
10.5157
2.7501
2.5302
2.4502
9.7612
8.2671
3.4258
8.4899
8.7437
8.856
8.2677
8.4009
8.4902
9.6831
8.2988
8.3289
8.3843
8.3452
8.6163
8.1185
8.2831
12.5538
8.7339
7.8434
8.2957
7.9271
7.7382
9.3683
8.9274
8.5905
8.3419
9.0422
8.1418
9.468
8.2981
8.3825
8.3246
11.1058
8.0861
8.6616
8.1301
8.2203
8.4548
8.264
8.2366
8.6065
7.5578
8.0009
8.6181
8.152
8.8861
8.3612
8.5905
8.4363
8.6043
8.5141
8.8378
8.1784
8.1062
9.2929
2.9886
7.9641
10.1314
9.3028
2.7907
3.3363
3.5286
9.7797
8.6363
2.356
2.6584
8.52
9.9517
3.7471
2.5535
2.3886
8.8219
8.5686
2.639
2.316
8.4908
10.3757
8.3849
8.8862
8.1828
8.6154
8.3896
8.4138
9.592
7.9816
7.7403
7.8083
7.7471
8.0655
9.7705
7.8222
7.8434
8.0231
8.3628
7.5714
8.2892
8.1391
8.7649
8.3991
8.0302
9.4809
8.5077
7.7883
8.5246
8.2265
8.5917
7.4421
8.0766
8.4984
8.1138
8.0582
8.2591
9.5689
9.1975
8.5508
8.5545
8.3283
7.6523
7.9693
8.999
7.9126
9.4646
8.0446
7.8877
10.0849
9.8379
8.0139
2.4877
3.0083
8.9083
8.9883
3.1677
2.4437
2.3388
9.6314
8.2363
2.5545
3.9495
12.0166
8.6
2.356
8.4086
40.324
8.6948
7.7182
9.1618
8.3468
10.664
10.8872
4.6225
3.9548
4.5184
8.9139
5.7236
5.468
5.2117
9.7957
10.1643
10.9766
4.8455
3.152
9.8988
4.404
4.9529
8.3357
6.2625
12.3606
9.3486
6.3492
9.0483
8.9443
8.4351
6.504
5.2
2.4329
8.2428
9.5859
3.3277
2.6566
9.4988
3.1948
9.2474
8.1545
9.3221
8.1868
3.536
4.9222
7.8794
10.064
3.5861
2.3517
2.9861
8.6403
7.8142
2.82
2.7886
8.2852
9.0314
3.1194
3.3172
3.1062
9.6077
7.5624
3.2434
3.2704
7.5031
9.4867
2.5957
4.2508
2.2858
10.0603
7.856
3.4351
2.6637
8.7194
8.1938
2.6591
2.6576
2.3018
8.9163
8.8258
2.7951
2.7787
9.5092
9.5717
3.6972
4.8243
2.4065
8.5821
4.4293
3.0772
2.7083
8.852
9.8533
4.0975
3.3803
1.9794
10.5659
8.8834
2.6261
2.7855
9.1861
8.6618
3.4785
3.2557
1.9744
9.8791
7.9421
3.44
2.5366
8.6317
9.5394
5.1495
2.2464
2.6092
8.9813
8.3375
2.7917
2.6729
10.3929
10.0046
4.1126
2.688
3.0286
9.7849
8.5708
2.2357
4.0772
9.1111
8.4723
4.3459
2.6988
2.0628
8.924
8.3394
2.7384
9.8111
9.3289
9.3096
2.623
3.6286
2.0394
8.6751
8.4292
2.9674
2.5271
9.3852
9.7188
3.7378
4.0025
3.6224
8.1578
8.0046
2.676
2.3782
9.4062
9.5102
3.5526
3.492
2.4425
8.3092
8.2468
3.3181
2.5603
9.7142
9.7536
3.2572
4.3649
2.0545
8.3791
9.6323
3.0326
2.1883
8.5289
10.8305
2.3
3.6622
2.6483
8.4895
8.3157
3.2101
2.561
10.3701
7.9708
2.7234
2.3809
9.1129
9.884
2.46
2.5634
2.2634
9.7219
8.2514
4.7631
2.8169
9.5637
9.2046
4.9274
2.3271
2.4806
8.344
8.1692
3.2824
8.7342
9.904
9.2603
10.1163
2.5529
2.7972
9.1031
8.5674
2.9102
2.404
10.068
9.7123
3.9489
4.3083
2.2551
9.2699
8.1342
2.7821
2.7261
11.0695
8.8849
2.7932
2.6628
2.4206
11.1003
8.7027
2.5711
2.8695
9.3514
11.4757
3.3465
2.6677
2.2932
9.6917
2.1206
2.4261
2.5551
8.3714
9.6963
3.7175
3.6711
2.7865
10.5508
8.0378
2.652
3.695
8.4738
8.9942
3.58
2.8308
2.0563
8.9129
8.104
3.2021
3.8065
8.7818
8.8671
3.2627
2.8683
2.513
8.5871
8.1258
2.2314
2.1182
9.7086
11.9259
3.168
2.6661
2.3212
9.2446
8.1905
2.4246
2.5695
9.3228
10.8219
3.8511
2.665
2.9055
8.2717
10.0486
2.7837
3.4791
9.5185
9.0886
2.3341
3.0234
2.6218
8.2622
8.2858
2.9101
2.4179
9.6144
8.8566
3.4557
2.6077
2.2508
10.208
7.988
4.2434
7.3991
2.188
11.4893
4.9954
4.2914
3.9181
9.288
8.2821
5.0421
6.1782
9.4028
11.5898
11.0009
5.8369
2.1542
12.4877
8.2249
5.5046
2.465
2.5665
3.0222
4.7139
4.7973
9.9301
8.0255
8.7456
5.9613
2.7114
4.2317
9.9634
5.5151
5.0707
