3.6820715
2.536103
2.479654
2.647737
2.631231
3.34166
3.5587085
3.273792
2.4752355
2.5927155
3.1719415
2.55912
2.8781015
2.564417
2.84652
2.571286
2.818871
2.5078615
2.5317295
2.8434835
2.5826
3.38716
2.888977
3.0736755
2.7954185
2.935559
2.55364
2.8713505
3.209514
2.6307075
2.9743375
2.5157135
2.6488925
3.3201755
3.174077
2.4850495
2.967231
3.177011
3.183483
3.005437
3.25094
2.529731
3.3033105
3.42218
2.448446
2.574791
2.501345
2.560848
2.905057
2.4329355
2.465649
2.4816845
2.495891
2.678212
2.576234
2.6652215
2.528617
2.4543045
2.607514
3.243629
2.6128325
2.547671
2.6712925
2.4705305
2.607711
2.6218445
2.759243
2.5908385
2.5223015
2.618636
2.553931
2.557809
2.546524
2.9965045
3.406856
2.430746
2.994177
2.8361185
3.3019385
3.3172045
2.7072
2.829417
3.346889
3.3040815
2.4869185
3.045112
2.835488
2.8737525
3.3394755
2.66586
2.8851475
3.1951155
2.504214
2.4565015
2.9550445
2.5869485
3.2520415
2.69025
2.569174
2.8333735
2.5194675
2.5359615
2.609797
2.5549915
2.4795615
2.561797
2.512971
2.4590725
2.5687865
2.837833
3.341217
2.4777445
3.0293845
3.10338
2.9436255
3.3195955
2.621237
2.6197755
3.4068045
2.750414
2.5978615
2.636697
2.6433925
3.259734
2.453908
2.8425905
2.5351755
2.508709
2.6993215
2.669288
2.6317475
3.3710785
3.293558
2.453889
2.5183815
2.591054
3.3341295
3.3761415
2.5836615
2.523703
2.940003
2.526948
2.463857
2.4830385
2.62486
2.524037
2.647555
2.721071
2.7187875
3.014363
3.2744845
2.4636985
2.588292
2.787923
2.8387845
2.5410725
2.706077
2.9603815
3.2095785
2.9757665
2.451503
3.010326
3.0298785
2.4805275
3.3712275
2.582886
2.591811
3.061005
2.614951
2.468077
2.7848605
2.7194815
2.6993245
2.5515785
2.4635725
2.625866
2.478545
3.1928
2.4521615
2.802426
2.5511955
3.2235585
3.338769
3.3677815
3.2529585
3.1433275
2.554497
2.65636
2.5175845
2.6202075
2.7823355
2.5560345
2.7766925
2.6361215
3.4892415
3.4936695
2.4755245
2.5029445
3.1310305
3.3276795
2.504229
2.729009
2.6889125
3.2459045
3.3489095
2.4700615
2.5078015
2.671883
3.016071
2.453603
2.7437625
2.5195355
3.23856
3.3267
2.5745505
2.9548155
3.2390815
2.878418
2.4805505
2.5745735
2.5135955
3.2800845
2.5398955
2.4642445
2.592892
2.7984265
2.748925
2.4718135
2.5702385
2.540825
3.2061615
2.6031675
2.5724725
2.569956
3.2901475
2.5250445
2.4663265
2.5662105
2.533326
2.49998
2.908875
2.4925785
2.519957
2.59896
2.5471525
2.435949
2.9205985
2.5254785
2.647543
3.3301895
2.518645
3.079917
2.891291
2.929109
2.4402265
2.7996045
2.948289
2.5375815
3.4034215
2.6121955
2.8227985
2.623466
3.3390445
2.463206
2.611611
2.871656
2.826308
3.41012
2.850077
2.878411
3.0378955
3.0518325
2.6656665
2.94954
3.033475
3.2662415
2.571347
2.847405
2.9707125
3.161486
2.503743
2.4738015
2.593426
2.6027585
3.2582675
2.6463915
2.7167095
2.7502755
3.077657
2.5325265
2.55704
2.652983
2.639565
3.257563
2.994622
2.7568325
2.8368165
2.699137
2.6686355
2.4462325
2.687549
2.8060705
2.622543
3.327097
2.4990675
2.981937
2.60524
2.8691375
2.4683845
2.968105
3.4204505
3.3418075
3.107426
2.4537355
2.686717
3.1882675
3.263277
2.450729
3.1602625
3.02456
2.5231895
2.652443
2.5832475
3.0125355
2.7502355
2.592397
2.529646
2.733974
2.5865525
2.509928
3.402763
2.4409845
2.558143
2.5313155
3.36142
2.4556295
2.668308
2.915426
3.6265275
3.292557
2.6595145
2.6980015
3.0108725
2.599988
2.455094
2.614615
2.693703
2.5534695
2.8256245
2.549611
2.762943
2.797477
2.5202865
2.4683615
3.035377
2.6288925
2.989337
2.5414665
2.5323645
2.912483
2.5341045
2.9511275
2.5264105
2.5232525
2.536457
2.605254
2.7691325
2.6640605
2.5281725
2.6381185
2.550231
2.524809
2.5162355
2.5582075
2.6477945
2.559349
2.6432355
2.5009495
2.6239245
2.6748575
2.695165
2.6366105
2.638571
2.9462325
2.567171
2.524957
2.7135815
2.5514535
2.5344645
2.4515045
3.1589975
2.646708
2.5205845
2.825966
2.5648785
2.688183
2.616845
2.528606
2.4615275
2.697279
2.53972
2.5428015
2.8843275
2.6312845
2.8990685
2.641654
2.50734
2.473466
2.6444725
2.5052725
2.8774965
2.5694895
2.5281585
2.6125705
2.5885525
2.5320555
2.4629445
2.8119575
2.591363
2.691639
2.575426
2.50004
2.675263
2.5305385
2.5560925
2.4573445
2.5296325
2.5279415
2.639945
2.5294615
2.477517
2.58078
2.5956265
2.5234815
2.4700105
2.6089385
2.5104245
2.5086
2.587586
2.5261905
2.7607495
2.611946
3.049196
3.5028695
2.5793385
2.5330815
2.7424275
2.4466305
2.525095
2.60954
2.569619
2.581586
2.5615675
2.594785
2.5894955
2.813855
2.4530155
2.6457685
2.8592615
3.291208
2.565077
2.522823
2.575663
2.552486
2.5157895
2.639189
2.5873015
2.9939045
2.9709
2.5659415
2.4629615
2.626852
2.8518355
2.4997415
2.4565705
2.9381385
2.572499
2.5195475
3.03433
2.70766
2.506649
2.9228105
2.7373385
2.6943555
2.4952125
2.533568
2.6249295
2.588511
2.4882675
2.600983
2.8188585
2.5337785
2.461123
2.624022
2.510417
2.5142245
2.62852
2.469666
2.6155415
2.590125
3.332708
2.4520105
2.684669
2.5727785
3.23158
2.947251
2.514731
3.4519525
3.0834675
2.508472
2.6052785
2.6128525
2.5271675
2.6109445
2.62047
2.494877
2.549648
2.5437465
3.5167895
2.4629445
2.575257
2.5282955
3.197832
2.5598525
2.6707505
2.5042265
3.147888
3.0705475
2.5699315
3.02951
2.529205
2.5003985
2.6165925
2.9622675
2.5156215
2.731091
2.9622015
3.5865
3.2363215
2.54184
3.349612
2.4991015
2.7402215
3.163857
2.5570095
2.7597865
3.583631
3.032862
3.5636955
3.5954725
2.939023
2.642123
3.2417845
3.1602475
2.7656975
2.532273
2.948289
3.033657
3.5270215
2.741543
3.5758875
3.675005
2.4843
2.569394
3.0378795
2.735207
2.9925555
3.6227
3.5747215
2.5862185
3.591246
2.7917215
3.41756
2.8562285
2.959554
3.25296
3.2886305
2.4759645
3.2831015
3.652833
3.300446
3.392162
2.847243
2.700497
3.5602015
3.341495
3.060664
2.56388
2.773676
3.4031675
3.3985045
2.5046075
2.7713185
3.428181
3.468957
2.673261
2.55736
2.935589
3.2932525
2.5753955
2.4957925
3.0245955
3.144917
2.6491275
2.477503
2.8684385
2.889137
2.5025725
3.436917
2.77062
2.550989
2.6394645
2.55314
2.4500535
2.7348585
3.0417325
2.5094
3.3678505
2.59076
2.917925
3.0018705
3.0947305
2.5157015
2.905637
2.655546
2.735395
2.5910185
2.933562
2.61022
2.84326
3.415471
2.4461695
2.7741155
3.1687065
3.3241845
2.471798
2.9056845
2.8226415
3.2418
2.554226
2.56696
2.579417
3.116874
2.5487615
2.45478
3.030168
2.5397185
2.4909385
2.537191
2.5694955
2.7075755
3.1229615
3.3577415
2.4477325
2.4750815
2.5292865
2.9267725
3.0206215
2.5070155
2.990738
2.9428935
3.10778
2.4806905
2.505657
2.6286385
2.506714
2.528886
2.4683095
2.7078905
2.978901
2.8021205
2.458986
2.617626
2.7908675
3.220289
2.551394
2.4809725
2.696003
2.649689
2.67808
2.44298
2.6324245
2.537677
3.38878
2.550383
2.548357
2.6401245
2.87962
2.5199845
2.454151
2.8925895
2.509777
2.584526
3.354743
2.532466
3.015497
2.5233495
2.5329375
2.6925615
2.850591
2.7911995
3.315163
2.43804
2.7894675
2.5054215
2.488137
3.029931
2.7448055
2.8085985
2.7244295
3.339763
2.7586105
2.525605
3.0526845
3.2899185
2.58138
2.458874
2.7197165
2.6347955
3.3617015
2.4858125
2.507617
2.9052185
3.2568105
3.216983
2.56228
2.6292215
3.114503
3.316869
2.4452245
2.5700585
2.631574
2.598359
3.382169
2.4480785
2.5430895
2.6009185
2.740454
2.440017
2.5011155
2.53252
2.997638
2.784427
2.5437
2.652717
2.590137
3.3739105
2.4491735
2.5431495
2.5372665
2.5746355
2.5411385
2.5412985
2.6173
2.55152
3.3623
2.5168555
2.5151955
2.5100495
3.1283365
2.466443
2.5324045
2.599583
2.909857
3.321434
2.805644
2.505377
2.629423
2.575866
2.4587925
2.5421675
2.547314
2.544492
2.8497195
2.564403
2.4991985
3.1817615
2.5308215
2.469637
2.7217445
2.847503
2.9628065
2.895407
2.916403
2.5694215
2.9634935
2.5564925
2.4818155
2.9907815
3.310217
3.3589705
2.5736125
2.5630075
3.0993795
2.633854
2.7081535
2.4549015
2.682966
2.7224785
2.805766
2.5538095
2.5097815
2.5751725
2.5920355
3.1243155
2.6380645
3.100148
2.776115
2.7522845
2.840417
3.063508
3.0387305
2.600857
2.5448805
2.4211615
3.282425
2.522786
2.5462155
2.9738585
2.853329
2.570877
3.13174
3.31708
2.481686
2.567603
3.183943
3.249577
2.550437
2.654803
2.473074
2.6066385
3.0075825
2.5543735
2.519957
2.769446
2.5283755
2.584257
2.5130105
2.839531
2.949287
2.545434
2.452163
2.704043
2.9154175
2.7074475
2.986477
2.6964235
3.09139
2.7286415
2.528691
2.457169
2.4798325
2.522142
2.507223
2.71684
2.499508
2.449685
2.489423
2.528006
2.649435
3.150302
2.7757315
3.154926
3.388763
2.5985155
3.242668
3.067943
3.20508
2.444546
2.6092445
2.9319845
3.2412635
2.5936015
2.447583
2.7864695
2.7885675
3.315844
2.452089
2.8050815
2.982834
3.2052445
2.985737
2.7806015
2.7535295
3.1902625
2.6146335
2.5933165
2.6999685
3.0072185
2.59904
2.9611925
2.495023
2.7350615
2.541751
2.894461
2.448909
2.547586
2.5775755
2.5233415
3.3844525
2.5671525
3.1332915
2.7672975
2.5510585
2.618509
2.881897
2.5964735
2.668478
3.3733925
2.6297985
2.844529
3.033681
2.987858
2.448457
2.517726
2.9824155
2.5456445
2.9537875
2.5215
2.73176
2.535956
2.7292745
2.6733725
3.0134445
2.7998955
2.697739
2.5827015
2.5951245
2.5260815
3.07262
2.542211
2.5565725
2.7866015
2.61906
2.7739595
2.7533475
2.452788
2.58456
2.589557
3.1056415
2.5073735
2.6276985
2.738454
4.1561565
3.5035645
4.163689
2.5532785
3.4463595
2.602952
2.6074615
3.149231
2.835091
2.9740015
2.5498045
2.683432
2.52486
2.9795415
3.2428245
2.9256065
3.239399
2.468569
2.8540495
3.3702615
2.7678415
2.8710645
3.5222945
2.519523
2.4760815
2.855463
2.8625385
3.4648955
3.4430925
2.504723
2.8306495
2.60606
3.2759785
2.45372
2.6913215
2.5064925
2.5252815
2.548174
2.4501525
2.6247155
2.602034
2.5013125
2.458671
2.609829
2.793037
2.9839225
3.256198
2.8535455
2.5168185
2.77034
2.9858505
2.5131355
2.7135555
2.511197
2.927154
3.3464475
2.6005785
2.872646
