2.671
2.535
2.668
2.8
3.298
2.628
2.88
2.622
2.609
2.615
2.403
3.936
2.566
2.717
2.616
2.413
2.135
1.981
2.381
2.443
2.705
2.72
2.947
2.652
2.185
2.714
2.637
2.314
2.314
2.606
2.569
2.8
2.674
2.929
2.754
2.523
2.406
2.588
2.16
2.209
2.834
2.354
2.474
2.302
2.625
2.824
2.449
2.381
2.631
2.64
2.422
3.483
3.182
2.594
3.222
2.563
2.456
2.714
2.221
2.585
2.625
2.618
2.52
2.8
2.594
2.489
2.175
2.637
2.594
2.742
2.735
2.511
2.56
2.936
2.772
2.88
2.145
2.778
2.702
2.243
2.714
2.763
3.477
2.249
2.692
2.342
2.624
2.766
2.717
2.569
2.625
2.575
2.803
2.554
2.449
2.28
2.172
2.474
2.566
2.492
2.511
2.588
2.32
2.692
2.535
2.224
2.526
2.508
2.566
2.172
2.48
2.92
2.397
2.187
2.739
2.311
2.369
2.366
2.375
2.335
2.911
2.763
2.262
2.369
3.139
2.631
2.926
2.397
3.825
2.677
2.265
2.609
2.48
2.338
2.403
2.508
2.258
2.372
1.225
2.88
3.154
2.357
2.314
2.563
2.369
2.787
2.929
2.846
2.32
2.415
2.646
2.677
2.606
2.634
2.883
2.566
2.677
2.649
2.298
0.846
2.126
2.603
2.932
3.76
2.409
2.403
2.535
2.461
2.425
3.48
2.612
2.714
2.828
2.415
2.735
2.834
2.194
2.271
2.695
2.237
2.302
2.298
2.874
3.707
2.865
2.6
2.191
2.283
2.508
2.348
2.243
2.523
2.178
2.729
2.231
2.259
2.329
2.736
2.283
2.289
2.138
2.48
2.664
2.372
2.391
2.979
2.363
2.425
2.394
2.539
2.631
2.64
2.234
2.997
2.169
2.529
2.677
2.351
2.36
2.821
2.2
2.437
2.363
2.523
2.514
2.434
2.517
2.302
2.394
2.428
2.369
2.616
2.603
2.489
2.336
2.326
2.182
3.587
2.311
2.6
2.32
2.637
2.689
2.307
2.252
2.268
2.695
2.311
2.649
2.877
2.625
2.504
2.224
2.397
2.055
2.547
2.366
2.541
2.188
2.862
3.144
2.44
2.33
2.36
2.483
2.357
2.477
2.101
2.179
2.742
2.311
2.619
2.348
2.634
2.468
2.434
2.351
2.483
2.283
2.437
2.421
2.631
2.794
2.778
2.326
2.412
2.683
2.384
2.234
2.187
2.901
2.449
2.305
2.231
2.12
2.579
2.557
2.502
2.726
1.843
2.969
2.548
2.434
2.477
2.603
2.939
2.449
2.413
2.554
2.726
2.446
2.618
2.56
2.64
2.412
2.511
2.237
2.077
2.523
2.345
2.486
2.2
2.68
2.425
2.329
2.892
2.683
2.465
2.729
2.104
2.412
2.529
2.221
3.797
3.434
2.932
2.197
2.52
2.206
2.464
3.286
2.474
2.597
2.431
3.317
2.138
2.653
2.28
2.812
2.815
2.572
5.692
2.378
2.372
2.212
2.335
2.834
2.803
2.674
2.304
2.523
2.126
2.354
2.6
2.508
2.637
2.576
2.246
2.498
2.461
2.323
2.634
2.911
2.615
2.6
2.492
2.477
3.868
2.366
2.178
2.551
2.384
2.424
2.394
2.391
2.474
2.274
2.692
2.274
2.637
3.6
2.335
3.778
3.464
2.117
2.295
2.612
2.197
2.382
2.486
2.625
2.412
1.086
2.12
2.929
2.145
2.351
2.923
36.025
2.289
2.612
2.018
2.182
3.031
2.541
2.182
2.394
2.474
2.338
2.474
3.102
2.24
2.225
3.895
2.935
2.483
3.061
2.354
2.834
2.074
3.464
2.788
2.2
1.32
2.843
2.431
2.446
2.262
2.332
2.249
2.381
2.277
2.594
2.326
2.412
2.603
2.6
2.563
2.659
4.141
2.698
2.661
2.542
2.708
2.656
2.187
3.015
3.117
1.572
2.569
1.585
2.234
2.267
2.271
2.683
2.708
2.249
2.831
2.652
2.283
2.317
2.582
2.335
2.409
2.895
2.32
2.428
2.455
2.978
3
3.643
2.547
3.471
2.64
2.185
2.271
21.991
2.175
2.6
2.477
2.514
2.249
2.649
2.526
2.086
2.305
2.27
59.644833
2.302217
2.27412
2.280523
2.24914
2.289329
2.4305795
2.2817415
2.4843505
2.2637615
2.3475015
2.330623
2.474152
2.314706
2.353883
2.3678495
2.438158
2.2668045
2.290128
2.265206
2.374586
2.3506505
2.322026
2.2599155
2.387096
2.268494
2.379529
2.4604215
2.582372
2.475032
2.264457
2.2915905
2.340471
2.296829
2.406363
2.2494105
2.3441215
2.399978
2.294669
2.370532
2.2808905
2.441129
2.307833
2.3215685
2.289657
2.341731
2.3053755
2.2967325
2.27374
2.3188525
2.2740415
2.613706
2.280891
2.4442
2.6885245
2.2640705
2.266126
2.296983
2.271688
2.2562695
2.2939555
2.619569
2.339923
2.334922
2.3029815
2.302769
2.33024
2.314407
2.673568
2.2721815
2.2875615
2.276275
2.357171
2.264832
2.426279
2.27546
2.271703
2.4145185
2.2777155
2.3236755
2.3845755
2.408583
2.24964
2.5915345
2.380336
2.2786135
2.2233755
2.283577
2.691275
2.3021325
2.603332
2.2906475
2.2444095
2.317066
2.3705
2.3539485
2.346691
2.2936615
2.306954
2.292808
2.2983355
2.2685185
2.28986
2.417097
2.47218
2.285692
2.597657
2.9397095
2.6451325
2.895223
2.470679
2.285066
2.276728
2.256343
2.4126245
2.275748
2.27314
2.542848
2.2662585
2.2768275
2.282829
2.2692725
2.2449215
2.2719725
2.3138015
2.2665645
2.3222925
2.519386
2.578388
2.318203
2.3344675
2.3447525
2.473523
2.3533395
2.3124785
2.2983755
2.380243
2.2902135
2.4403905
2.401531
2.3837615
2.4826075
2.3606905
2.711046
2.697404
2.8638
2.3546155
2.336571
2.7170645
2.7396
2.797691
2.8126645
2.7105785
2.73418
2.715883
2.2657445
2.617103
2.683674
2.332426
2.6182385
2.728209
2.42228
2.466766
2.382466
2.3425905
2.413026
2.683177
2.329357
2.522741
2.363309
2.800882
2.412945
2.808237
2.2975185
2.471606
2.4176275
2.7020615
2.4816105
2.5051785
2.387486
2.4242755
2.6494185
2.452668
2.3117095
2.693605
2.3574015
2.910229
2.5227555
2.6695305
2.7419985
2.735308
2.3495535
2.4547475
2.365769
2.637886
2.2914015
2.743329
2.4932705
2.676097
2.7858785
2.3703295
2.661097
2.52548
2.7163025
2.25982
2.408757
2.7642295
2.755177
2.432651
2.3448895
2.4731205
2.822882
2.8111335
2.2893275
2.4259065
2.6613875
2.395834
2.4358215
2.3244815
2.515894
2.564777
2.947814
2.34256
2.432792
2.4281985
2.692526
2.4318015
2.30328
2.4123985
2.7138415
2.557797
2.2871555
2.4295215
2.3101505
2.264894
2.3264015
2.4560245
2.4387845
2.3645015
2.410254
2.2529555
2.382566
2.63862
2.7195475
2.4363845
2.4216585
2.467383
2.528111
2.768909
2.369675
2.3945415
2.449529
2.4425135
2.6589755
2.4649725
2.3911325
2.6080095
2.952365
2.276651
2.5873845
2.7167265
2.396752
2.637929
2.603513
2.9247495
2.483471
3.044773
2.2829815
2.543057
2.6212185
2.364083
2.4836645
2.397528
2.765248
2.67658
2.4414555
2.3356875
2.694109
2.4660725
3.0901595
2.43602
2.538234
2.3654
2.9290415
2.4726985
2.2795585
2.322512
2.2679585
2.2967415
2.509946
2.299634
2.311951
2.705454
2.3976355
2.2582385
2.956985
2.716902
2.3954
2.7968875
2.498306
2.7205865
2.4667135
2.38448
2.2821355
2.3608735
2.4424985
2.3395645
2.9572385
2.713702
2.4800445
2.494471
2.765252
2.2731615
2.667731
2.699674
2.4323905
2.5337045
2.725923
2.290848
2.8835865
2.470208
2.66408
2.71577
2.695574
2.922883
2.3104475
2.4410355
2.8837735
2.9407725
2.40308
2.3068275
2.890037
2.6310445
3.009677
2.27892
2.4402185
2.9850185
2.3768155
2.4772155
2.951034
2.475557
2.393266
2.37508
2.263183
2.586386
2.815797
2.3203355
2.6244385
2.48378
2.7241135
2.823223
3.0289215
2.907384
2.692994
2.917883
2.8485095
2.9758985
2.8057
2.3237845
2.4608605
2.4338815
2.3106615
2.6367245
2.370007
2.680803
2.9214
2.469523
2.8485625
2.3183785
2.363937
2.3648915
2.8284585
2.7251585
2.55466
2.8995475
2.3497785
2.6230005
2.695932
2.74648
2.450529
2.671303
2.3636475
2.3524245
2.8659585
2.366443
2.4667875
2.345323
2.690411
2.2774675
2.4229
2.614509
2.771092
2.5239035
2.3416275
2.5808135
2.399997
2.450394
2.3540265
2.44808
2.406271
2.4841785
2.4803725
2.4079065
2.43042
2.328169
3.183086
2.317131
2.694262
2.7131
2.3519
2.548949
2.4289695
2.7278125
2.7010905
3.064114
2.328608
2.6635925
2.428323
2.7590705
2.463517
2.848508
2.8117525
2.9071505
2.969723
2.633995
2.70396
2.898166
2.876376
2.85013
2.352157
2.431914
2.433043
2.394614
2.2738
3.0527635
3.0121925
2.373705
2.3557925
2.363472
2.4623475
2.4444215
2.819643
2.318257
2.385211
2.497149
2.3645785
2.4355135
2.56023
2.669336
2.705327
3.137251
2.261611
2.7239585
2.7175905
2.5131925
2.8151875
2.390436
2.3861185
2.4921185
2.403611
2.573283
2.425331
2.6987445
2.3510045
2.597606
2.3719495
2.4213815
2.698869
2.8059245
2.320776
2.35786
2.402608
2.704143
2.5154445
2.295329
2.342997
2.9118415
2.9068415
2.532006
2.401277
2.68767
2.764211
2.51674
2.580143
2.6919555
2.7091295
2.382051
2.2954325
2.56409
3.0130325
2.484777
2.4827585
2.438926
2.6724815
2.904663
2.9419075
2.7030095
3.0376625
2.8157485
2.8511295
2.834483
2.9274955
2.702413
2.4579185
2.711484
2.532503
2.406952
2.5204015
2.866608
2.420369
2.552506
2.4899985
2.7506905
2.468403
2.3931755
2.432695
2.672748
2.815232
2.2788295
2.4414385
2.8435875
2.346028
2.715971
2.3856955
2.6294445
2.5043135
2.4547185
2.333209
2.5084135
2.4564185
2.45462
2.480877
2.4154075
2.515686
2.469989
2.8814535
2.280672
2.2723555
2.5448805
2.4049675
2.686885
2.3789465
2.8380875
2.726403
2.8171275
2.449114
2.4168645
2.4445725
2.7582585
2.426774
2.508931
2.665886
2.7448645
2.3810785
2.4319585
2.350291
2.714643
2.751255
2.5502695
2.3990875
2.4947755
2.6547135
2.4202185
2.264032
2.346392
2.5627015
2.493295
2.590043
2.8233365
2.875246
2.7467555
2.843569
2.6538245
3.008391
2.734514
2.7044475
2.9960895
2.50268
2.4655725
2.5379295
2.450028
2.274066
2.667254
2.4035445
2.737848
2.4158245
2.505526
2.5258445
2.699651
2.3948755
2.29786
2.709537
2.425631
2.362689
2.453891
2.4255895
2.6359755
2.4826475
2.496557
2.2902585
2.7045715
2.401694
2.768577
2.6237825
2.697697
2.5645095
2.5578005
2.4814185
2.7599905
2.4984725
2.643032
2.7139155
2.8260325
2.5967615
2.6030125
2.422834
2.93188
2.24862
2.5210815
2.4394215
2.3491755
2.425185
2.585734
2.700697
2.49188
2.823626
2.436509
2.552803
2.794156
2.798603
2.8988535
2.4678955
2.4404125
2.658763
2.754623
2.4996895
2.734623
2.4291555
2.694371
2.8609215
2.2920955
2.4242215
2.9006185
2.9951975
2.6894705
2.731817
2.9018045
2.738186
2.941894
3.030624
2.795954
2.5580145
2.674706
2.4816985
2.456834
2.4051615
3.17708
2.5504155
2.4718125
2.8438785
2.653511
2.8259675
2.272114
2.6752325
2.674401
2.663257
2.59831
2.493774
2.9560015
2.759689
2.7521615
2.263057
2.5881985
2.476029
2.368489
2.409466
2.4075265
2.570557
2.4069555
2.4896945
2.3778155
2.411094
2.4359505
2.3803555
2.5004935
2.6933955
2.4536725
2.4544275
2.5171155
2.291537
2.637637
2.4255525
2.4002955
2.503915
2.5307075
2.400146
2.4919145
2.409197
2.3696305
2.4752265
2.462706
2.426235
2.8179015
2.295831
2.4266505
2.686414
2.401566
2.2867325
2.466494
2.7019715
2.4283215
3.24011
2.568972
2.4057905
2.4363435
2.592149
2.7705735
2.70748
2.484465
2.5768905
2.8767335
2.3376585
2.4700405
2.477051
2.8007675
2.4369905
2.5025955
2.4717895
3.387422
2.5337325
2.3739075
2.652417
2.8517475
2.4672015
2.5238015
2.7067815
2.880114
2.8878865
2.48722
2.46808
2.501352
2.722209
2.3773705
2.2931045
2.4656615
2.718671
2.7373355
2.7673585
2.3947445
2.317834
2.7792875
2.4044215
2.3702155
2.3269845
2.4344365
2.39458
2.7067755
2.6659185
3.0197615
2.4119815
2.4838695
2.291777
2.6728355
2.666924
2.3439275
2.712478
2.389134
2.4358365
2.649076
2.405286
2.2968125
2.5413985
2.387931
2.367595
2.865138
2.3693495
2.4069465
2.4290015
2.3844105
2.33056
2.4384355
2.4303245
2.4625075
3.8491075
2.3946015
2.344954
2.4008475
3.009127
2.278523
2.2842815
3.1460975
3.060832
2.5155815
2.599149
2.726354
2.679603
2.8575185
2.4343105
2.401008
2.711871
2.6819755
2.8806105
2.403208
2.376406
2.701674
2.40878
2.419691
2.4608295
2.535506
2.374123
2.39116
2.379849
2.5661045
2.428566
2.8188645
2.285231
2.6081125
2.731071
2.5155745
2.7354445
2.379797
2.762883
2.774697
2.8263645
2.556417
2.764254
2.6301695
2.8085305
2.2875905
2.3842495
2.739805
2.7811265
2.483029
2.5435475
2.7224385
2.412817
2.8165615
2.26954
2.668497
2.6293385
2.7702465
2.4763775
2.3308415
2.5230645
2.3699905
2.8936295
2.29124
2.42785
2.3858585
2.378306
2.4581925
2.280303
2.521448
2.3984185
2.768174
2.5427635
2.6763285
2.6922985
2.363937
2.826689
2.5099815
2.475063
2.4150045
2.4687125
2.368854
2.815454
2.827706
2.7401505
2.579077
2.425234
2.4476215
2.3528105
2.8375785
2.26612
2.5207
2.6818125
2.6817075
2.71804
2.5063875
2.6372145
2.76104
2.397197
2.28562
2.7775645
2.5145845
2.3955705
2.823252
2.3295215
2.576712
2.620923
2.6258245
2.3391
2.3590305
2.423052
2.725364
2.795582
2.5244625
2.7372395
2.6361935
2.430994
2.2908305
2.535534
2.662457
2.3983275
2.8310415
2.523857
2.7151585
2.8417445
2.730132
2.284483
2.3325075
2.635603
2.3914275
3.204012
2.3415765
2.30526
2.5096055
2.5721905
2.29912
2.4165925
2.3723725
2.693597
2.8119415
2.408514
2.5016525
2.655945
2.4540725
2.4267905
2.608966
3.0785455
3.048694
2.8057285
2.2872585
2.558343
2.468394
2.40786
2.306263
2.415934
2.3975615
2.5387325
2.5682385
2.3808505
2.453628
2.3863555
2.631477
2.2927245
2.498817
2.467391
2.785466
2.422497
2.454106
2.4045785
2.5088265
2.412894
2.312448
2.4973525
2.5938875
2.644829
2.4496475
2.5950985
2.4044215
2.418451
2.522037
2.325966
2.3717415
2.628649
2.422297
2.6486555
2.445217
2.421706
2.7163075
2.9118585
2.2682705
2.4072845
2.425937
2.416663
2.4531815
2.4746665
2.502857
2.390797
2.6712415
2.2798445
2.3950125
2.431814
2.4751785
2.472646
2.3151075
3.102324
2.4180275
2.7378155
2.4024455
2.4687585
2.4324665
2.35814
2.44486
2.4188635
2.8179015
2.420283
2.8610815
2.3005275
2.659937
