7.1084385
5.304323
5.260554
5.4944045
5.727378
5.3095415
5.576406
5.21684
5.221046
5.3265645
5.47423
5.4829555
5.2958645
5.305577
5.6027885
5.4572385
5.387759
5.346288
5.2886425
5.2387915
5.573226
5.2932555
5.2719105
5.4018785
5.24604
5.287289
5.332186
5.395874
5.2532
5.2624445
5.2414755
5.337031
5.47812
5.414291
5.2697185
5.2391505
5.434829
5.3120355
5.277923
5.23858
5.258104
5.2811755
5.2370525
5.232903
5.252183
5.240997
5.2386815
5.479886
5.3120935
5.2756125
5.4120345
5.2642955
5.24632
5.2844385
5.3079675
5.3783785
5.2558045
5.4987365
5.274388
5.2373215
5.2473
5.217229
5.603158
5.360007
5.3882765
5.268234
5.243373
5.222071
5.371689
5.529908
5.22316
5.4852815
5.237656
5.290623
5.2394585
5.2322045
5.3158145
5.3933075
5.226931
5.2243355
5.2538325
5.323331
5.4702125
6.040197
5.34514
5.379172
5.30012
5.2552245
5.3864185
5.276645
5.239208
5.678637
5.297746
5.2362125
5.3970905
5.2735445
5.2998585
5.264888
5.2458645
5.2435495
5.4462735
5.5117235
5.2876385
5.2721415
5.2888645
5.2458495
5.4720935
5.3148875
5.2931475
5.4098045
5.2412265
5.2476845
5.384117
5.519335
5.5122125
5.2672495
5.277273
5.247577
5.617254
5.2107015
5.35016
5.254865
5.2465
5.238146
5.2862955
5.233986
5.424352
5.498249
5.262137
5.2899185
5.2308815
5.500868
5.269754
5.28398
5.2373725
5.4901915
5.2250015
5.221883
5.385808
5.2987155
5.4859345
5.289489
5.23062
5.2385015
5.23168
5.324516
5.260766
5.50348
5.3814985
5.241377
5.5346415
5.2214525
5.277954
5.2373955
5.571474
5.236686
5.250149
5.3850095
5.254565
5.2679185
5.245426
5.291877
5.429433
5.3071405
5.2316385
5.387389
5.399931
5.245343
5.2385125
5.3154
5.2703785
5.306743
5.267909
5.23978
5.3543155
5.500289
5.2746785
5.2798845
5.53502
5.2987135
5.318547
5.599205
5.3846915
5.2611645
5.3703645
5.540513
5.487106
5.307783
5.4008975
5.4385725
5.65416
5.2648015
5.2903895
5.419917
5.640013
6.045477
5.349166
5.579411
5.4931525
5.70818
5.2836445
5.444543
5.681616
5.263989
5.2906135
5.40272
5.29866
5.456985
5.3973735
5.269832
5.618617
5.2678615
5.532441
5.282229
5.2544645
5.34032
5.467677
5.380843
5.2522155
5.4849955
5.264735
5.3598535
5.289197
5.536623
5.3014965
5.842678
5.4053495
5.3231155
5.404612
5.4624245
5.5470385
5.4113385
5.3905295
5.34388
5.244197
5.234803
5.329866
5.4658705
5.420512
5.66458
5.2745465
5.4824045
5.625978
5.5794925
5.3467735
5.343694
5.2580935
5.332539
5.2902385
5.2535885
5.283413
5.2741485
5.392203
5.2543645
5.3321355
5.285309
5.3042015
5.411069
5.22286
5.3892945
5.250337
5.5600925
5.2546075
5.837946
5.3674785
5.255672
5.289883
5.3470365
5.3015105
5.3162785
5.381005
5.2319275
5.58566
5.363921
5.674838
5.5868255
5.257072
5.2457585
5.3310295
5.543203
5.2378535
5.242512
5.3137845
5.358883
5.56462
5.311491
5.3000535
5.262773
5.2555645
5.3244775
5.492692
5.4238865
5.490415
5.339578
5.4228935
5.229794
5.247409
5.4241335
5.2442245
5.385746
5.4767555
5.762309
5.223626
5.316306
5.2318155
5.272066
5.6891135
5.238681
5.276912
5.552146
5.3439275
5.24016
5.3726725
5.25502
5.389671
5.8480665
5.3298785
5.283817
5.3212505
5.5202895
5.2312215
5.2367725
5.319869
5.2964215
5.631524
5.2320275
5.3059445
5.3749015
5.3532475
5.2182355
5.2802495
5.24406
5.2466525
5.233617
5.24856
5.270225
5.291045
5.2355155
5.2620585
5.3326385
5.44594
5.5527765
5.2373225
5.271336
5.4561115
5.602051
5.522234
5.4196645
5.4478395
5.4269995
5.554543
5.217846
5.42229
5.2901045
5.343489
5.454986
5.248849
5.319969
5.2633155
5.3560475
5.2281665
5.2557045
5.3521735
5.320526
5.2520445
5.2551415
5.2419005
5.4901695
5.54632
5.2482555
5.229843
5.283069
5.4801215
5.31772
5.7265395
5.2792505
5.4826725
5.4194965
5.270533
5.311437
5.3032515
5.438754
5.5432255
5.250554
5.254566
5.3525325
5.380307
5.2156275
5.337063
5.337171
5.466389
5.557657
5.4085845
5.3625305
5.293166
5.6463785
5.3213835
5.237869
5.396805
5.4202155
5.2860785
5.307603
5.2767755
5.491817
5.56738
5.288747
5.2473585
5.6078645
5.6173195
5.227231
5.3393665
5.273531
5.404525
5.476583
5.2890555
5.5473895
5.401742
5.5376525
5.2492445
5.2705275
5.248071
5.251686
5.582849
6.353926
5.453783
5.2442665
5.239977
5.6439435
5.524529
5.778568
5.294729
5.9099915
5.487621
5.70302
5.259703
5.5177185
5.3846265
5.3671355
5.790237
5.527149
5.286117
5.7786065
5.2607365
5.5164695
5.2629645
5.2408955
5.276063
5.8582475
5.236671
5.2311355
5.2870645
5.7744065
5.522343
5.4392575
5.2626845
5.264126
5.76807
5.309109
5.2620815
5.5215205
5.335712
5.588254
5.326679
5.686963
5.782415
5.788477
5.3093845
5.6056315
5.2573245
5.285965
5.257831
5.255525
5.217434
5.386583
5.310717
5.4273925
5.2257155
5.2355395
6.0833095
5.2305845
5.3077695
5.5067785
5.2343445
5.2283385
5.340889
5.2116415
5.300989
5.495165
5.297023
5.684197
5.268568
5.2362125
5.371686
5.2597045
5.220397
5.251097
5.575677
5.2446045
5.274694
5.225726
5.3254185
5.4363305
5.249803
5.287523
5.2999715
5.240929
5.3007305
5.308226
5.7894955
5.2245445
5.5080725
5.563688
5.3972505
5.4485495
5.22636
5.5187015
5.367823
5.426068
5.4587305
5.9031365
5.7162855
5.402508
5.319497
5.4555785
5.5815215
5.2151415
5.345285
5.454275
5.3943645
5.7664385
5.480379
5.3849725
5.4253585
5.290064
5.2302505
5.3104755
5.2694155
5.480068
5.7227
5.246385
5.239546
5.2257125
5.240934
5.22766
5.32308
5.367299
5.790617
5.24986
5.2834955
5.2959955
5.2430845
5.531803
5.230109
5.2208675
5.351322
5.411501
5.2730525
5.3014
5.3797635
5.264103
5.550222
5.3319615
5.24638
5.5115275
5.291513
5.447354
5.241949
5.258757
5.310457
5.2509585
5.2439485
5.2183355
5.35412
5.3061845
5.231743
5.249511
5.288951
5.5945725
5.517144
5.2218045
5.484233
5.5362695
5.5328785
5.272323
5.2327815
5.306099
5.4019125
5.553632
5.4489925
5.299478
5.392463
5.317592
5.2570815
5.332434
5.2954275
5.43753
5.5443065
5.220546
5.350757
5.8402675
5.4199075
5.304771
5.3306065
5.420858
5.309392
5.321849
5.272757
5.292709
5.5787345
5.280537
5.2331155
5.341531
5.4889255
5.448629
5.4475
5.5664405
5.250677
5.3316815
5.4466705
5.251112
5.2273065
5.4656385
5.2516585
5.3391275
5.229971
5.407096
5.246786
5.3838505
5.342262
5.675226
5.3656845
5.377291
5.246457
5.281423
5.291171
5.42502
5.405
5.2308
5.238797
5.278896
5.231545
5.2308385
5.3381555
5.2751295
5.2244335
5.243586
5.2551475
5.2267305
5.314728
5.520663
5.216771
5.2914785
5.238457
5.3101195
5.4304355
5.2412985
5.665692
5.2762455
5.5446105
5.280992
5.25786
5.2695755
5.566771
5.2534955
5.2586215
5.2334
5.2517445
5.2472015
5.3572955
5.280823
5.2467015
5.5006555
5.2834955
5.3627325
5.348823
5.403306
5.3074165
5.3603325
5.26662
5.5134645
5.3406455
5.3507525
5.3508525
5.36367
5.3119955
5.3994175
5.3473785
5.291987
5.2891665
5.245786
5.2125525
5.237249
5.2473705
5.3775425
5.5285725
5.2384985
5.4731125
5.2779785
5.2599735
5.317612
5.3309385
5.3746905
5.2622955
5.267097
5.3187705
5.2459385
5.248634
5.282083
5.4247015
5.2931245
5.2665845
5.226432
5.5655725
5.259166
5.325917
5.322849
5.6380695
7.0809055
5.230677
5.594094
5.4402295
5.551008
5.25192
5.53725
5.608938
5.4953985
5.2863555
5.486186
5.4750145
5.4221415
5.6942625
5.3802845
5.2653905
5.2795535
5.2347245
5.3031005
5.3393605
5.4236045
5.249869
5.2563015
5.236663
5.3244755
5.3827145
5.5554705
5.2167355
5.2319905
5.227443
5.451873
5.3395725
5.2553305
5.51182
5.2589555
5.525463
5.2197125
5.313857
5.22848
5.3007125
5.5316725
5.248151
5.25688
5.283863
5.6155815
5.2376585
5.258603
5.2221665
5.319826
5.2550155
5.5586105
5.233328
5.2619035
5.335889
5.215357
5.24997
5.384385
5.242743
5.2675085
5.5351405
5.5990695
5.36678
5.4568
5.32591
5.4162755
5.272405
5.2298875
5.535126
5.2572045
5.3991135
5.3562305
5.5332625
5.2113185
5.4342735
5.3170755
5.4333655
5.2224725
5.245417
5.2438355
5.5760185
5.525464
5.2993775
5.234057
5.3921785
5.2551045
5.41844
5.2415385
5.5524815
5.474584
5.676519
5.339476
5.2260215
5.294431
5.359957
5.2237665
5.2508245
5.3304355
5.555519
5.533017
5.2445705
5.279546
5.3775645
5.515694
5.2390425
5.2451705
5.5640615
5.4628615
5.535717
5.3486075
5.549917
5.455
5.4944535
5.439243
5.318572
5.529865
5.248397
5.543157
5.2459985
5.313323
5.2842075
5.393186
5.246209
5.250694
5.5284265
5.3314465
5.625266
5.264626
5.4695645
5.453805
5.3174675
5.284106
5.2740015
5.28274
5.2769755
5.2477275
5.342183
5.3287325
5.285391
5.2469245
5.316338
5.3500175
5.512492
5.528362
5.270264
5.420271
5.249503
5.4316705
5.3235415
5.227803
5.30416
5.36452
5.309869
5.2625735
5.242752
5.2119385
5.2909895
5.3104555
5.215869
5.2180665
5.3051315
5.2703695
5.4218095
5.338949
5.3293795
5.23456
5.46109
5.23842
5.348945
5.246014
5.393868
5.2425475
5.2858495
5.25292
5.724083
5.519162
5.301551
5.235103
5.2524045
5.273766
5.226912
5.3480935
5.253751
5.2765125
5.264694
5.256086
5.2915725
5.2675845
5.518214
5.376637
5.326754
5.324526
5.6861275
5.2987755
5.217723
5.244551
5.23414
5.619411
5.234926
5.354466
5.383591
5.580952
5.248491
5.58936
5.3711555
5.4323705
5.537828
5.350504
5.3094
6.316472
5.3862835
5.2522905
5.341631
5.2868255
5.429623
5.437903
5.245969
5.316297
5.259354
5.48208
5.2320925
5.295883
5.243821
5.2738155
5.54538
5.3746885
5.475709
5.4039485
5.5408045
5.3021185
5.44092
5.297006
5.6344305
5.412292
5.248445
5.31074
5.243443
5.2435725
5.2281925
5.2640295
5.298843
5.2314755
5.259709
5.2439955
5.480583
5.3064475
5.330117
5.2915915
5.4645315
5.262757
5.2655215
5.208546
5.246578
5.417251
5.4856245
5.2698355
5.244866
5.268326
5.420503
5.5661065
5.278571
5.2656155
5.247019
5.241566
5.6524845
5.251117
5.377779
5.37712
5.50408
5.2790675
5.296754
5.2713905
5.4758765
5.455954
5.2551
5.262717
5.240729
5.2566555
5.2516895
5.445334
5.2469935
5.538307
5.5322585
5.3655355
5.3500025
