432
192
200
192
192
200
192
208
192
200
33000
200
208
200
192
208
200
192
192
192
200
192
208
192
192
208
192
192
200
200
224
216
216
200
200
192
200
192
312
216
200
192
200
200
200
200
192
200
192
208
200
200
192
192
192
192
200
192
192
200
192
208
200
208
192
192
192
200
200
192
272
224
200
200
200
192
192
200
200
208
200
192
200
216
216
200
200
200
200
200
192
200
200
192
208
200
192
192
200
192
200
192
208
224
200
192
200
192
208
192
192
200
192
200
192
200
200
192
200
192
192
192
200
192
208
192
192
192
192
208
192
208
200
200
192
232
216
224
216
224
200
216
192
208
192
208
232
192
200
200
32992
208
200
192
200
192
192
200
200
200
200
200
192
200
192
200
192
192
200
200
192
192
192
192
192
200
208
192
192
208
192
200
200
200
208
200
192
192
208
192
200
192
192
192
200
192
208
192
192
200
208
192
200
200
200
192
224
224
296
192
200
200
208
192
200
208
208
200
192
200
192
192
192
192
192
200
200
208
200
192
192
192
200
200
192
192
192
208
192
200
200
200
200
192
200
32992
200
200
208
192
192
200
200
200
200
200
224
216
224
232
232
240
216
232
216
208
232
224
216
224
248
224
264
240
224
224
232
224
232
232
216
248
232
240
232
232
240
240
240
224
216
216
232
224
216
224
216
208
208
232
232
216
208
232
224
208
240
240
240
232
216
240
224
232
224
232
232
33128
232
232
232
216
216
216
208
272
232
224
224
224
264
232
232
216
216
232
216
216
232
224
216
224
232
216
224
240
240
240
224
248
224
248
216
256
208
224
224
216
224
240
264
224
248
256
240
216
208
240
232
240
264
232
224
33640
216
224
208
216
232
240
216
240
216
216
240
224
224
232
264
216
240
240
216
208
208
200
208
192
200
200
200
200
208
200
192
200
192
200
200
192
200
200
192
192
192
192
200
200
200
200
192
192
200
200
200
192
208
192
192
192
200
192
200
192
200
208
208
216
208
200
200
200
216
200
33016
192
192
192
192
200
208
232
200
232
224
1200
216
224
224
200
224
216
192
240
216
216
224
208
216
224
208
216
256
216
224
224
216
208
224
208
704
248
272
216
33144
200
192
208
200
192
192
208
200
200
192
192
208
208
192
192
200
200
192
192
200
192
192
200
208
208
200
192
200
192
200
200
208
200
200
200
192
200
192
200
200
192
200
192
200
200
192
200
192
200
200
200
192
200
200
208
208
200
200
208
192
200
200
200
192
200
192
200
200
200
200
192
200
200
192
208
200
200
200
192
200
192
200
200
192
208
200
192
248
216
216
192
208
200
200
200
192
200
200
192
200
200
200
200
200
192
200
192
200
200
192
200
208
200
208
200
208
200
192
208
200
200
208
192
208
192
192
192
200
208
208
208
200
208
208
208
200
200
200
200
208
192
200
200
200
200
192
200
208
200
200
192
200
200
192
200
200
208
208
200
200
208
200
208
200
192
200
208
200
208
192
192
192
192
192
192
200
200
208
192
192
208
200
208
192
200
208
208
200
200
208
192
208
192
192
200
192
208
200
208
208
200
200
200
200
200
200
200
200
208
192
192
192
208
200
200
208
200
192
200
208
208
200
192
200
200
208
208
208
200
200
200
208
200
192
192
200
200
200
200
192
208
192
208
192
232
232
200
280
232
192
192
200
200
192
200
192
200
192
208
192
192
192
200
200
200
192
200
192
192
192
200
200
192
192
192
200
200
192
192
192
200
200
192
200
192
200
192
200
208
192
200
200
192
200
200
208
200
192
208
192
200
208
192
200
192
192
200
192
192
192
192
200
200
208
192
192
192
200
192
200
208
200
192
192
200
192
208
192
192
200
200
192
200
200
200
200
200
192
200
200
200
192
208
33008
200
192
200
192
200
200
200
200
200
192
192
192
208
192
200
192
192
208
192
200
192
208
192
192
208
192
192
200
200
200
200
208
200
200
192
192
192
200
192
192
192
216
216
208
200
192
200
208
200
192
200
192
192
200
192
200
192
200
192
192
192
200
200
200
192
200
208
208
200
208
200
192
200
200
192
200
192
208
208
192
192
208
192
200
192
192
208
208
200
200
200
200
192
200
208
192
200
192
208
192
208
200
192
200
192
192
200
208
208
192
192
208
200
192
200
208
200
200
200
200
192
200
200
208
200
200
200
192
208
208
192
208
200
192
192
192
208
192
200
200
192
200
192
200
192
200
192
192
200
200
200
208
192
192
192
200
200
192
208
200
200
200
200
200
200
200
200
200
192
200
192
