33088
55232
22408
55152
56152
55608
55664
55624
55688
55704
55632
59928
22408
23616
55760
55136
22360
55160
22360
22352
55200
22408
55152
22360
55200
22408
55208
22416
22408
55200
72664
55200
22688
55136
22360
55144
22408
55120
22408
22408
55160
22408
55200
22408
55200
22408
55184
22408
22408
55208
22416
24888
55144
22368
22352
55152
22408
55200
22408
55200
22408
55208
22408
55200
22408
22832
22392
22360
22408
22416
55216
66544
22928
55128
22360
55208
22408
55208
22368
55216
22408
55208
22408
55200
22408
22408
55200
22408
55208
22408
55200
22416
56616
22408
55200
22408
55208
22408
55152
22408
55152
22408
55152
22408
22416
22408
22320
55104
22256
22320
55112
22240
22320
55112
22240
22320
59104
55320
22264
22320
55112
22240
22320
55112
22240
22320
55112
55056
22248
55120
55040
22408
22456
55608
56048
55424
22320
22320
55120
22240
22320
55112
22240
22320
55112
22240
22320
55112
22240
22320
55112
22264
22320
55112
22264
22320
55120
22240
22320
55120
55048
22680
22608
22728
55120
22240
22320
55112
55048
22240
55112
55048
22248
55112
55048
22240
55112
55032
22240
55112
55040
22240
55112
55040
22248
55112
55048
22240
55104
55288
22248
22320
55120
22240
22320
55112
22248
22320
55112
22240
22320
55120
22240
22320
55120
22248
22320
55120
55032
22240
55120
55120
22248
22320
55112
22248
22320
55112
22240
22320
55112
22240
22320
55112
22256
22320
55120
22248
22320
55112
22240
22320
55120
22240
22320
55112
22240
22320
55112
22240
22320
55120
22240
22320
55104
22240
22320
55104
22240
22320
55120
22248
22312
22320
55112
22240
22320
55112
22248
22320
55120
22248
22320
55104
22240
22320
55112
22240
22320
55112
22248
22320
55120
22240
22320
55112
22240
22320
55112
22248
22320
55112
55096
22256
55120
55040
22240
55104
55040
22240
55112
55064
22240
55112
55048
22248
55112
64592
55464
22320
22368
55120
55040
22240
55112
55040
22240
55112
55040
22248
55112
55040
22240
55104
55112
22240
22320
55120
22240
22320
55112
22240
22320
55120
22240
22320
55112
22240
22320
55112
22240
22320
55120
22240
22320
55120
22240
22320
55112
22240
22320
55120
22248
24416
23712
23360
56160
56904
55344
22456
22632
55400
55448
56960
22608
22336
55112
55048
22240
55112
55040
22240
55112
55040
22248
55112
55040
22240
55112
55112
22248
22320
55112
22240
22320
55112
22248
22320
55120
22240
22320
55112
22248
22320
55112
59200
23864
22344
55112
22240
22320
55120
55048
22240
55112
55040
22240
55112
55040
22240
55120
55048
22240
55112
55088
22240
22320
55112
22248
22320
55112
22240
22320
55112
22240
22320
55112
22240
22320
55120
22240
22320
55120
22240
22320
55112
22248
22320
55112
22240
22320
22536
22312
22320
55128
22240
22320
55104
55040
22240
55112
55048
22240
55104
55056
22240
55112
55096
22240
22320
55112
22240
22320
55112
22240
22320
55120
22240
22320
55112
22240
22320
55120
22240
22320
55112
22240
22320
55120
22240
22320
55112
22240
22320
64416
55656
55112
22256
22320
55120
22240
22288
55096
22240
22288
55112
22240
22304
55112
22256
22304
55096
22240
22320
55104
22240
22296
55096
22240
22320
55120
22240
22320
55112
55040
22240
55096
55048
22256
55120
55040
22240
55120
55040
22240
55120
55032
22240
55112
58544
55128
22240
55120
55040
22240
55120
55040
22240
55112
55040
22240
22320
55112
22248
22320
55288
22480
22304
55112
22248
22320
55120
22240
22320
55120
22248
22320
55120
22240
22320
55120
55296
22240
55112
55040
22240
55112
55216
22240
55296
55288
23200
22512
22520
85146
55704
22424
22528
22656
55440
55936
56800
22600
23696
22344
55120
22240
22320
55112
22248
22320
55112
22240
22320
55112
22240
22400
22320
55112
55056
22240
55112
55048
22240
55112
55032
22240
55112
55112
22240
22304
93944
23576
22336
55088
22240
22304
55096
22240
22304
55088
22240
22320
55120
22240
22320
55112
22248
22320
55120
22248
22320
55112
55040
22240
55112
55040
22240
55120
55048
22240
55112
55040
22240
55120
55064
22240
55120
55040
22240
55104
55120
22240
22320
55112
25128
23480
22320
55120
22240
22320
55112
22240
22320
55112
22248
22320
55112
22240
22320
55112
22240
22320
55112
22240
22320
55112
22240
22320
55120
22240
22320
55120
22248
22320
55112
55032
22240
55120
55040
22248
55112
55040
22240
55120
55048
22248
22320
55112
22240
22320
56480
55056
22240
55096
55040
22240
55104
55040
22240
55096
55048
22240
55096
55080
22240
55096
55120
22240
22320
55120
22240
22320
55120
22240
22328
55120
22240
22320
55120
22240
22320
55112
22248
22320
55112
22240
22320
55120
22240
22320
55120
22240
22320
55120
22256
29640
22344
55112
55032
22240
55120
55040
22240
55120
55040
22240
22320
55112
22240
22320
55112
22240
22320
55120
22240
22320
55120
22240
22320
55120
22240
22320
55112
22240
22320
55120
22240
22320
55112
22248
22320
55120
22248
22320
55112
22272
22320
55112
22272
22320
58016
56792
22264
22336
55120
22248
22320
55112
55048
22240
55120
55032
22240
55112
55032
22240
55112
55040
22240
55112
55032
22240
55120
55112
22240
22320
55112
22240
22320
55112
22248
22328
55120
22240
22320
55112
22248
22320
55112
22240
22320
55120
22240
22320
55120
22240
23600
22320
55112
22248
22320
55120
22248
22320
55112
22240
22320
55112
22240
22320
55112
22240
22320
55112
22240
22320
55112
22240
22320
55112
55056
22240
55120
55040
22240
55120
55048
22256
55120
55048
22248
55112
55112
22240
22320
55112
22256
22320
55120
22240
22320
58336
56120
22352
22352
55112
22240
22320
55112
55040
22240
55112
55040
22248
55112
55064
22240
55112
55040
22240
55120
55088
22248
22320
55120
22240
22320
55120
22240
22320
55112
22240
22320
55112
22240
22320
55120
22248
22320
55120
22240
22320
55064
22248
22320
55112
22240
23640
22296
55088
55392
23464
22320
55112
22248
22320
55104
22240
22320
55112
55088
22240
55112
55032
22248
22320
55112
22240
22312
55120
22240
22320
55104
22248
22320
55112
22240
22320
55120
22240
22320
55120
22248
22320
55120
22264
22320
55120
22240
22320
55112
22272
23568
23624
24056
55600
55496
55376
23992
22616
22968
55408
55600
22720
22656
22728
22584
55536
55432
22320
22560
22648
55536
55560
55344
22560
22448
23336
56096
56064
22856
22608
22840
23432
56360
56312
23288
23328
23176
