6200
2248
2224
2272
2256
2264
2232
2264
2256
2248
2280
2256
2256
2264
2224
2248
2240
2232
2280
2256
2264
2280
2280
2280
2248
2296
2280
2280
2288
2264
2272
2216
2256
2240
2256
2232
2272
2224
2272
35376
2232
2248
2248
2256
2232
2280
2280
2248
2240
2224
2256
2240
2240
2256
2304
2264
2288
2264
2232
2256
2264
2256
2264
2264
2256
2240
2256
35392
2240
2208
2248
2240
2232
2232
2264
2248
2248
2272
2248
2264
2264
2248
2256
2264
2264
2304
2272
2272
2256
2256
2248
2232
2240
2272
35400
2240
2232
2264
2256
2256
35416
2272
2288
2264
2248
2272
2256
2240
2264
2256
2248
2256
2256
35416
2248
2256
2256
2256
2264
2272
2264
2256
2232
2264
2224
2256
2232
2280
2248
2264
2232
2248
2248
2272
2240
2248
2240
2280
2256
2256
2264
2224
2264
2240
2248
2264
2232
2256
2280
2264
2272
2232
2264
2272
2208
35440
2280
2248
2272
2248
2264
2248
2264
2264
2248
2280
2240
2256
2272
2256
2264
2240
2248
2240
2232
2256
2280
2248
2248
2256
2264
35432
2232
2264
35392
2256
2272
2248
2232
2248
2264
2232
2248
2248
2248
35416
2264
2232
2272
2240
2264
2256
2248
2256
2264
2280
2240
2240
2256
2240
2272
2240
2296
2248
2272
2248
2280
2240
2272
2264
2272
2248
2256
2280
2248
35424
2264
2256
2280
2232
2248
2248
2272
2240
2264
2240
2256
2240
2256
2256
2264
2224
2280
2240
2256
2248
2264
2240
35352
2264
2216
35384
2248
2240
2256
2280
2224
2240
2240
2232
2232
2240
2272
2224
2240
35368
2240
2288
2248
2288
2264
2264
2256
2736
2248
2256
2216
2216
35408
2240
127272
2232
2256
2232
2224
2208
2232
2232
2248
2264
2600
2256
2272
2272
2256
2280
2248
2216
2280
2264
2248
2224
2232
2232
2232
35504
2192
2200
34992
2192
2200
2192
2200
2200
2192
2192
2200
2200
2192
2208
2192
2320
2200
2200
2192
2200
2200
2200
2200
34992
2288
2200
2200
35000
2192
2200
2200
2192
2600
2208
2192
2192
2192
2208
2192
2200
2200
2192
2192
2192
2192
2208
2192
2192
35008
2192
2192
2192
2192
2184
2192
2200
2200
2200
2192
2192
2192
2192
2200
2200
2192
2184
2208
2192
2200
34992
2192
2192
2200
2192
2200
2192
2192
2192
2192
2200
2192
2192
2192
13256
2216
2184
6848
2240
35416
9440
2224
2232
2224
2208
2232
2224
2216
2216
2624
2240
2232
2472
2232
2256
2224
2232
2240
2216
2224
2240
2248
2232
2232
2248
2240
2232
2264
2264
2272
2240
2256
2232
2312
2240
2232
2224
2216
2256
2232
35144
2208
2256
2248
2232
2224
2616
2288
2280
2232
2256
2248
2296
2208
2616
2248
3384
2232
35160
2248
2224
2240
2216
2256
2264
2256
2232
2256
2280
2232
2248
2240
2256
2232
2248
2240
2712
2272
2240
2232
2240
2240
2240
2240
2240
2264
2248
2240
2248
2264
2264
2280
2240
2248
2248
2272
2248
2240
2240
2224
2232
2248
35176
2232
2264
2240
2288
2256
2232
2256
2248
2224
2224
2264
2248
2248
2288
2256
2232
2248
2272
2256
2240
2232
2272
2240
2216
2248
2256
35152
2248
2264
2240
2264
2272
2296
2248
2240
2248
2248
2280
2216
2264
2240
35160
2240
2256
2264
2256
2256
2240
2256
2296
2256
2264
2256
2240
2248
2280
2240
2240
2248
2240
2296
2248
2240
35680
2688
2256
35168
2256
2240
2256
2232
2280
2312
2264
2296
2240
2272
2248
2264
2240
2232
2240
2264
2232
35144
2256
2224
35136
2248
2248
2216
2248
2232
2248
2264
2256
2248
2232
2240
2248
2240
2240
2264
2264
2272
2240
2232
2248
2248
35144
2256
2272
2240
2240
2248
2248
2248
2240
2240
2256
2280
2776
2256
2248
2248
2248
2240
2280
2672
2304
2280
2240
2232
2264
2248
2240
2248
2248
2248
2264
2240
2248
2248
2264
2248
2248
2240
2232
2248
2240
2240
2256
35664
2248
2232
2256
2272
2240
2256
2248
2256
2248
2256
2280
35168
2240
2272
2248
2232
2264
2256
2240
2272
2240
2224
2256
2280
2280
2280
2256
2240
35136
2232
2312
2224
2272
2256
2240
2240
2272
2256
2232
35160
2232
2224
35528
2240
2304
2272
2272
2248
2248
2232
2240
2232
2224
2224
2256
2256
2272
2240
2248
35136
2248
2264
2232
2312
2272
2312
2288
2240
2248
2240
2232
2264
2240
35144
2240
2240
2256
2232
2264
2232
2280
2728
2280
2312
2312
2272
2256
2248
2296
2328
2280
2304
2304
2240
2320
2280
2312
2264
2296
2312
2312
2288
2240
2240
2296
2304
2280
2280
2288
2296
2344
2312
2312
35456
2280
2272
2280
2232
2248
2288
2272
2232
2328
2304
35440
2280
2392
2368
2320
2336
2336
2296
2312
2256
2272
35392
2288
2368
2240
2240
2240
2240
2640
2240
2224
2232
2232
2232
2240
2224
2224
2240
35368
2264
2224
2240
2240
2240
2240
2232
2376
2224
2224
2216
2224
2224
2208
2224
2232
2232
2264
2232
2224
2224
2248
2216
2224
2240
2240
2240
3192
2200
2200
2208
2200
2192
35000
2192
2616
159432
2224
2216
2240
2240
2240
2264
2224
2256
2296
2232
2256
2240
2256
2264
2248
2248
2232
2240
2272
35392
2320
2280
35344
2224
2264
2240
2224
2248
2216
2224
2224
2256
2232
2224
2232
2232
2216
2216
2208
2272
2232
2232
2232
2240
2240
2248
2296
2240
2248
2240
2208
2272
2224
2240
2240
2472
2224
2232
2224
2224
2280
2208
2240
2216
2224
2248
2224
2224
2656
2224
2304
2240
2256
2312
2288
2264
2224
2224
2232
2336
2264
2256
2224
2216
2232
2248
2240
2248
2248
2656
2240
2256
2248
2224
2288
2240
264720
2248
2240
2232
2232
2240
2256
2248
2240
2224
2304
2368
3216
2200
2192
2192
2192
2200
34992
2192
2192
2192
2192
2192
2192
2192
2192
2200
2200
2200
2192
2200
2200
2192
2192
2200
2200
2192
2200
35000
2200
2192
2200
2272
2272
2240
2240
2288
2304
2288
2200
2256
2280
2192
2192
2200
2200
2200
2192
2208
2200
2200
2192
