414200
360512
392416
398888
359480
359128
359040
392240
391992
359320
359064
359064
392072
392072
392272
359312
359416
359912
359824
361040
405824
409768
369160
406576
358256
374136
399872
360600
366464
358944
359016
359936
392512
417784
628104
360784
359696
402064
360544
397024
361984
359728
551760
393360
362328
360480
401976
392912
359672
395152
361640
396000
359088
359616
362632
359872
361024
392272
364248
392680
364992
442056
392952
361000
363520
396600
525360
398608
360320
360760
1605128
429680
401800
366368
392320
358680
391808
359144
366208
359064
362200
393048
396920
408352
392968
365064
360368
400496
361128
360280
395120
402416
392760
393528
393800
394728
359304
358808
361608
357040
392160
359120
358904
359624
367168
360208
358848
358656
391288
357928
434336
360224
393960
392328
360424
359960
371504
364152
399552
364176
365168
399576
362936
360440
565480
398584
398904
396040
449909
393712
360056
361376
361352
360744
373904
358032
395568
358152
361480
359048
827680
393072
393520
358664
359536
356480
404944
393544
360800
360408
360512
362096
400728
392680
394520
360560
361352
360944
399264
502800
677640
359904
358936
514096
406840
393080
394208
355272
355072
391936
455464
358608
363128
355552
355312
355184
395256
359024
361360
355576
355072
355240
515272
408304
355864
358360
355224
355072
355072
361288
357352
395512
394528
395216
363744
362808
358168
355272
355072
355072
355072
355080
402704
355760
355072
355072
355080
355080
355080
408680
388664
355072
387864
355080
388128
355080
364080
355328
355072
391920
357808
355080
580328
388752
355072
388024
355080
355080
355072
361728
391072
358272
355552
355072
355064
394744
358528
355136
355080
355016
355072
355072
520819
363824
365704
360256
359096
355176
413848
382336
359888
359624
359600
359584
443406
360304
355200
355080
355176
434704
496986
355920
355072
355072
355080
355064
355064
433504
388024
355064
387888
355080
388016
360184
355216
355072
355392
395192
429736
360800
482448
367568
355864
394480
404718
394672
410056
359336
393904
357848
355072
391496
410373
362472
429808
393504
360144
360944
408568
397568
362480
357600
355128
355080
355072
396296
355272
387872
355072
387912
355080
355080
360808
355072
355072
355072
355072
355064
398360
586640
355576
355088
387880
355064
388040
438075
357488
387880
355072
387864
355072
401144
355272
355072
355072
355080
387872
355080
411117
359152
355408
355064
355080
355080
365680
397808
394320
391712
391248
360408
363904
399912
400344
410992
410488
411264
410408
399608
395792
392584
361488
355864
355072
445211
388520
355080
387880
355080
387864
355080
414296
355128
355072
355080
387848
355080
398456
355264
355072
355080
355064
355072
355072
475504
390592
355072
387840
355072
355072
355080
357784
387920
355072
387864
355080
387864
360096
356792
355072
355136
387880
355064
387888
361296
355224
355072
355072
355080
355072
355080
362416
388008
355080
387872
355064
387856
355080
368624
387872
355072
387872
355072
387872
355080
362024
360776
360528
388672
355120
387872
363584
355864
355088
361128
355760
355072
356160
430995
356104
387864
355072
387864
355072
395992
355120
355064
355080
355064
355080
355072
716173
361928
357704
355168
355064
355072
373024
355704
387872
355072
387872
355072
473056
355912
355072
355080
355080
355080
355064
400288
358096
360696
356008
387872
355080
355080
363376
355128
387872
355008
387872
355072
391712
356432
355080
355072
355072
355080
355080
436032
437552
459296
358912
358352
434800
421440
362968
392584
355088
387864
355080
407680
357248
355064
355072
387872
355072
387864
379152
355176
387864
355072
356152
388216
490400
358264
355272
355072
355080
355072
385272
390128
355072
355080
355072
355080
355072
423680
355512
355080
355072
355080
355064
355072
443152
355424
607592
355608
355080
355072
361624
355272
391168
357520
355072
387880
418736
356536
355080
355080
355080
355080
355080
401816
355624
355080
355080
355072
355080
355024
407288
355272
355080
387888
355072
387864
355816
357240
387872
355072
387864
355072
355080
425704
355224
355072
387864
355064
387880
355032
433368
359464
359840
360368
362864
365344
375888
372264
411136
410784
411208
366000
363752
361888
359336
358888
355408
355072
355072
425832
355320
355072
355120
355064
355080
432080
355320
355064
355072
355080
355080
355072
435376
355368
355072
355072
355080
355080
388144
357656
387912
355080
355064
355080
355072
496176
355520
355072
355080
355080
355080
355072
392056
355072
355072
355080
355072
355072
362680
388360
355064
355080
355072
355080
355064
537823
355664
387864
355120
355072
355072
363248
387952
355072
387864
355192
387864
355072
480704
355272
355088
355072
355256
387920
378232
355328
387864
355064
396512
355080
355080
440505
501751
355080
355064
363648
355224
430944
396184
355168
355064
355080
355072
355064
355080
387872
355072
355080
355072
355080
357408
355072
355080
355080
355072
355064
355080
357624
387832
355080
387872
355080
387872
355064
405017
355712
355072
355080
355072
355072
355064
424680
355168
355080
355072
355072
355080
443536
355560
387872
355072
387880
355072
387864
434592
388136
355216
387960
355072
387864
355080
395360
397344
392640
355760
355072
355072
402248
355216
355080
355072
355072
355072
355080
357528
355120
355072
355064
355072
355072
494088
355376
355064
355072
355072
355080
355072
558720
388312
355176
387872
359216
357264
477984
391992
355480
355064
355080
355072
443640
355664
387872
355064
387888
355072
387864
505000
417488
359128
360336
360896
363448
370688
371720
411288
410696
410904
367320
364464
355376
387872
355080
387872
355072
387864
366152
355312
355080
355064
387872
355080
406360
388264
355080
387880
355072
387864
355072
418176
355120
355080
355072
355080
355080
355072
418192
355224
387872
355064
387872
355072
388568
359888
388160
355080
387880
355072
387872
449792
481144
361712
355904
355176
355128
483728
355560
355080
355072
355080
355080
387872
426096
388016
355072
387864
355080
387864
436488
355360
355000
402016
387864
355072
508544
355968
355072
355072
355072
355072
355072
500384
355664
572216
388160
355072
387864
523632
357368
355176
355072
355080
355072
521152
360904
355904
387872
355072
355072
473048
355608
387864
355080
387872
355072
355072
607911
356256
355072
355080
355072
355072
398481
357408
658936
388016
355072
387864
439000
355272
387872
355072
387864
355080
498336
357920
357168
388024
355072
387864
355072
500296
355616
355072
355176
355080
355072
507944
355672
355080
355080
355072
355072
355072
362088
388320
458328
388024
355080
387872
447672
355224
355072
387880
355072
387864
482808
358512
387864
355072
387864
355080
387872
499448
479136
355472
355080
355072
355080
607175
412768
393400
393240
362816
364064
357600
387928
355072
387872
355072
387872
505808
355416
355080
355072
355080
355080
355080
359856
359936
360040
362392
360080
594827
356272
355072
387864
355072
355080
364592
355072
355072
355072
387880
355064
387888
357520
387864
355072
387832
355080
387872
355072
390120
355072
355072
355080
355080
355072
418829
359016
