3816080
3714760
3880400
3764019
3837744
3779856
3885728
3766824
3871421
3792544
3681424
3687080
3641232
3714347
3820864
3954965
3766488
3695920
3681224
3782424
4092902
4920045
3866232
3697600
3850979
3712240
3765157
3691784
3717320
3860032
3974792
3994105
3646280
3669272
3689256
3637856
3686600
3815328
3803200
3649128
3679200
3646416
3681496
3646504
3677184
3792568
3917056
3691216
3687768
3684208
3736391
3944840
3760368
3975768
3777808
3691128
3669608
3649088
3644096
3674592
3687328
3929168
3746016
3703288
3769632
3836952
3772016
3738528
3792256
3697240
3681016
3739120
3766088
3676656
3724560
3704088
3635600
3740448
3702192
3783552
3636432
3887080
3714080
3788208
3769064
3758656
3714320
3667336
3683192
3783472
3785424
3703352
3731392
3702128
4001661
3813696
3668360
3673728
3670200
3698392
3633920
3634984
3639904
3637192
3682171
4298112
4245705
3849168
3747104
3807719
3704424
3744696
3944681
3687560
3636568
3639112
3652632
3642648
3798120
3677600
3681232
3665664
3681760
3649696
3636608
3641056
3702256
3643512
3641304
3636144
3697304
3829824
3754952
3678656
3697608
3672608
3672568
3671328
3635176
3680840
3686583
3775552
4028760
3709296
4030472
3826569
3692608
3702455
3681720
3699592
3694760
3704160
3716928
3794961
3649384
3633848
3702560
3635544
3639568
3632656
3666984
3730147
3699296
3794288
3677624
3963811
3679488
3716856
3639856
3634160
3637072
3632344
3770568
3703633
3703984
3872112
4295448
3936832
3792536
4174744
3756136
3919635
4260929
4047233
3798960
3636336
3640648
3679936
3886224
3802744
3672880
3670888
3668376
3668152
3767806
3635480
3802245
3719160
3637448
3880816
4766920
3789096
3992416
3789376
4025012
3828952
3979400
3854152
3982144
3853360
3888736
4130472
3924504
3778688
3894352
3789856
4151640
3858160
3987832
3791520
3958176
4052115
3873369
3801615
4106221
3781463
3674992
3942005
3785944
4119720
3777504
3948376
3839160
4051904
4424728
3670640
3869955
3961729
3786256
3966392
3751456
3888168
3862687
4106168
3726936
4369749
3677544
3872560
3866767
3769872
3767520
3741128
3673729
3784336
3905744
4100144
3874224
4293088
3698544
3934440
3745752
3955904
3780384
3877832
3967304
3886800
4001768
4285080
4138752
4075680
3808863
3880289
3781184
3891392
3788992
3778200
3882440
4281920
3742528
3922688
3992995
5434925
5083632
4158064
4803544
6489128
4176512
3959984
3880096
4505224
3765255
3669600
3749433
3811280
3983488
4106960
3932504
3758240
5167592
3976696
3760864
3905235
3705941
3891200
3786496
4069360
3841624
3677344
4307224
4008147
3665416
3664304
3718920
3708032
3723328
3640368
3634432
3966781
3791120
3971832
4299304
3834736
3961208
3927936
3706960
3758795
3683261
4097187
3883717
3858248
3786680
4199984
3699480
3860144
3767584
3961323
3697773
3950472
3983800
3772912
3764456
4015304
4181944
3997608
3755864
3958728
4287192
3927328
3846752
3947256
4372984
3964704
3787632
3887712
3776528
3940483
3714397
3959024
3780064
3987824
3779184
3898864
3747176
4018144
3948960
3992031
3693745
4091880
3804087
3983721
4045960
3926464
4039496
4060640
3756952
4195455
3719888
3776768
3646657
3912936
3917000
3896984
3854320
3748024
3910824
3763944
4234864
3701984
4039016
3828144
3939152
3774464
4033744
3905832
3995335
3747097
3846664
3752728
3940160
3799096
4788496
3789216
4152219
3719285
3941992
4213480
3751800
3788272
3771952
4170072
4024352
3923736
3765144
4111888
3807728
3967472
3944552
3891336
3790768
3977832
3718432
4168664
3819112
4015368
4137691
3976912
3708456
3639040
3701749
4098163
3659424
4368789
4300096
3947648
3843103
4031337
3842632
3986848
3679728
3972440
3887328
3949160
3672944
4018296
3800496
3951848
3883280
4070736
3860600
4120224
3851720
3953056
3787120
4526376
4095800
3965619
3771016
3635816
3631712
3688477
3768640
3886592
3795775
3718680
3873928
3637592
3724608
3636352
3666881
3759840
4051600
3856824
3882176
3784136
3908704
4018232
4280088
4055224
3961640
3795768
4240392
4256928
3899192
3985496
3790184
3797128
4020131
3800000
3722621
3768072
3940112
3866939
3703624
3716365
4336112
3938232
3950216
3788352
4277984
3760528
3978920
3744448
3934640
3849008
3967728
3791736
3986248
3672800
3960184
4235464
4013648
3794600
4036104
3872704
3906051
3706712
6729429
3841320
3925360
3929960
4179331
3733325
4006400
3837064
3885840
3724112
3858720
4031935
3804777
3839536
4030992
3882192
3941984
3674440
3670600
4146032
3875891
3883669
3773936
4040328
3744936
4142648
3885200
4036192
3807456
4309832
4124248
3776960
3850192
3955168
3981560
3867536
3841712
4121784
3767736
4148880
3844792
3955363
3699112
3775680
3674045
4181171
3725437
4016192
3640088
4200656
3787288
3924496
3790480
3959560
3839784
3904096
3744584
4387912
3817192
4088440
3833784
3859976
3783584
3856055
3699688
3692272
3872281
3807959
3932496
3931009
4128456
3892368
3923512
3776960
3900184
3750232
3889360
3873256
3985640
3933896
4017568
3781984
4624680
3750728
3903112
3777200
4017691
3703541
3914744
3998320
3807968
4068803
3919277
3835240
4251800
3778944
3857704
3861688
4010040
3858232
4038864
3784416
4064808
3755440
3772368
4070016
3935568
3829440
3903960
4299523
3774176
3660040
3703256
4082512
3953189
3675344
3891832
3873304
5444259
4991725
3854464
4033248
3817808
3924232
3930968
4256443
3741040
3848013
3928872
4856991
5006721
4137359
3866432
3775265
4138568
4119327
4052736
3785729
3861280
3947096
3758352
3942248
3792536
3872792
3704840
3964296
4013071
4095280
3828688
3833768
3697128
3662121
4192243
3690741
3983208
3793256
4007480
3921464
4469216
4117400
3791480
3950712
3790200
4365536
3798512
4650928
3866400
4129631
3665488
4016008
3799464
3889977
3863648
4050224
3803691
3676160
3689677
3925760
3752336
3991352
3781592
3925171
3700352
3713080
3846792
3786093
3807056
3636024
3704024
3695592
3692968
3787224
3794576
4219848
3643128
3898704
3720152
3887488
3876573
3871695
3701176
3680048
3695120
3636416
4403537
4046144
3936632
3800744
3724208
3781568
3912104
3785728
4036976
3832040
3873864
4269072
4066275
3862216
3707408
3769488
3879960
5107456
3714168
3719128
3694840
3724560
3953760
4436008
3700000
3871736
3659472
3692816
3723760
3659296
3762504
3675248
3665704
3693200
3639056
3699112
3665536
3694128
3732949
3637328
3643040
3636448
3644656
3670416
3677064
3680896
3940048
3956000
3641664
3678035
3684261
3677152
3677272
3643080
3647656
3640048
3846480
4025136
3728248
3917512
3644456
3721627
3676848
3881405
3695696
3716632
3726155
4033829
3777464
3864552
3732328
3640464
3682528
3668040
3669072
3781048
3703552
3775032
3695192
3669456
3781051
3644237
3941407
3641120
3699177
3842831
3831121
3867440
3750240
3891488
3708664
3971679
3705504
3725544
3765193
3782752
3796936
3652408
3747128
3699648
3774648
3710488
3766840
4134696
3775048
3704160
3725168
4074928
3768144
3679456
3740808
3987832
3922464
4173000
4431008
3928136
4052464
3789832
3783760
3843824
3744456
4017792
3638544
4086704
3795520
4038776
3790432
4108208
3863688
4131656
3826072
4015136
3796880
4224664
4166792
3792224
3887832
3741528
4274664
3765216
4169528
3768208
3870560
3999944
3784744
3862368
3992200
3849144
3773512
3775736
3769040
4189211
3646864
4202869
3792440
3852640
3768416
3889376
3770816
3957008
4006856
3886448
3766256
3951147
3697696
3742629
3936808
4035064
3778288
3888848
3635520
4003448
3742008
3767640
3990072
3775120
3883544
3872856
3953032
3876040
4100216
4418168
3919392
4020248
3832312
3977392
3793336
4024875
3638440
3650360
3643960
3632784
3687864
3701344
4118541
3681592
3941744
4580507
3828421
3861392
4020395
3696056
4091285
3871888
4204248
3861184
4043888
3862648
3991840
3875968
4008776
3784240
4105128
3909720
3998856
3674528
3820832
3865520
3953704
3822011
4151597
3840944
3929328
3885520
3899472
3786032
4141312
3847904
3806976
3789496
4966144
3868336
4106752
3935280
3859448
3637872
3640976
4309680
3715936
3716720
3723488
3789376
3704368
3768080
3771600
4767720
3996536
3722240
3705112
3637040
3721968
3635680
3736488
3879496
3699512
3947296
3636040
3793120
3635360
4043032
5204243
3741829
3749400
3966280
3825111
3716889
3994536
4115280
3783664
3734344
3735875
3870909
3750000
4010400
3786728
3718344
3747760
3716416
4177664
3717960
