656
184
176
176
192
192
176
176
184
184
176
176
184
176
176
176
184
192
176
176
176
184
184
192
176
184
176
176
184
184
184
176
184
176
184
192
176
184
184
184
304
296
248
216
256
192
208
208
224
248
256
240
224
272
264
240
208
240
232
232
232
264
200
280
216
216
232
216
264
216
240
240
216
240
248
240
200
280
224
304
184
184
176
176
176
176
176
184
184
184
184
184
176
192
176
184
176
184
184
184
176
184
176
176
176
176
192
176
184
176
192
176
216
184
176
192
192
176
176
176
184
192
184
184
184
184
184
184
192
184
176
184
32984
184
176
184
184
184
184
184
184
192
176
176
176
208
200
192
184
200
192
184
176
192
184
176
200
176
192
192
192
184
192
192
192
184
192
176
192
192
184
184
176
192
184
192
192
192
184
184
184
192
184
184
184
184
216
224
224
232
216
176
192
192
192
176
184
200
184
192
184
192
200
184
192
184
192
184
184
184
176
184
200
184
192
184
184
176
184
184
184
184
184
184
184
184
192
184
200
184
184
192
200
192
192
176
192
184
200
192
192
176
184
192
192
184
184
216
272
216
224
224
200
248
200
33152
232
200
200
208
208
224
208
232
224
208
240
216
200
200
224
232
232
200
272
208
33152
208
216
208
216
216
224
224
216
200
240
208
232
248
192
240
200
224
208
240
192
232
200
208
208
208
224
208
200
232
216
208
208
216
224
216
200
208
224
216
200
232
224
240
232
208
208
224
224
232
232
232
208
248
256
280
256
264
256
224
232
216
208
208
280
200
248
280
256
264
256
256
240
264
200
200
232
248
232
272
248
256
240
216
208
232
288
272
216
224
232
256
264
216
216
240
280
280
256
264
256
264
248
256
192
176
184
184
184
200
192
192
184
184
192
184
184
192
192
192
192
184
184
184
192
192
176
184
184
192
192
176
184
184
184
192
184
184
200
192
184
184
184
184
184
184
176
184
184
184
184
176
184
192
200
184
184
184
200
192
184
176
184
184
184
192
176
184
192
184
176
192
184
176
184
192
184
184
184
184
176
184
184
192
176
184
184
184
184
184
184
176
176
184
176
176
184
192
176
184
176
176
184
176
184
176
176
192
184
184
192
184
184
184
192
176
176
184
184
184
184
176
192
184
176
176
184
184
176
184
176
176
176
176
184
176
184
176
184
184
184
184
184
184
176
184
176
184
192
184
184
184
176
184
184
184
176
192
184
184
184
192
184
176
192
184
176
176
184
176
176
176
184
192
184
184
192
184
192
184
184
184
192
184
192
192
184
184
176
192
176
192
176
176
192
176
192
176
184
184
184
176
184
176
184
184
184
184
192
192
184
200
200
184
184
184
192
184
184
184
176
184
176
184
176
184
184
176
184
184
176
184
184
192
176
184
184
184
176
176
184
184
176
176
176
192
176
184
184
176
184
184
192
176
184
176
192
192
184
184
176
176
176
192
184
192
176
184
184
184
184
176
176
176
184
184
176
176
184
184
184
184
192
176
192
200
192
184
192
184
200
184
192
176
184
200
184
192
176
184
184
184
192
176
192
192
184
184
176
184
184
184
200
192
176
192
184
184
176
192
192
184
184
184
184
192
200
184
192
184
192
192
184
192
192
184
184
200
176
184
184
192
184
184
184
184
192
184
184
184
192
200
200
176
184
184
192
200
184
192
200
192
192
192
184
184
184
192
184
176
184
184
184
192
184
192
176
184
192
184
184
192
184
200
184
192
184
184
184
184
192
192
184
176
200
184
192
192
184
200
192
184
176
192
192
192
192
176
192
200
184
184
176
192
192
184
200
184
184
184
192
192
184
184
200
192
184
184
184
184
192
200
176
184
184
192
184
192
176
192
184
184
184
184
176
184
32976
200
176
200
184
200
176
176
184
184
192
176
184
184
176
192
192
176
184
176
176
176
192
184
192
176
176
184
192
184
184
200
192
176
176
200
176
192
192
192
192
192
192
192
176
184
176
184
192
192
192
176
192
184
192
184
184
192
192
184
184
216
216
216
208
216
264
184
176
184
184
184
184
184
184
184
176
184
184
176
176
192
192
176
200
176
184
176
192
176
176
184
184
192
184
184
184
32976
192
192
184
192
176
192
184
184
176
184
184
176
184
176
184
176
184
184
184
176
184
184
184
184
184
184
184
184
184
176
184
192
192
176
176
176
192
184
184
184
192
184
192
192
176
184
192
192
176
184
32992
184
184
192
184
192
192
192
184
192
176
184
176
176
192
176
184
192
176
184
33008
192
184
184
176
192
176
176
184
184
