40360
66688
22920
22784
55480
22696
22856
55496
22688
55536
22696
22712
55496
22728
55528
22736
55528
22728
22728
55576
22736
55536
22736
55528
55536
22744
55536
22744
55528
22736
55504
22736
55528
22712
22744
55528
22688
55552
22736
55528
22720
22656
55480
22696
55536
22744
55496
22736
79136
22824
55496
22696
55480
22704
55496
22696
22696
55488
22712
55488
22696
22696
55576
22784
55528
22736
55528
22736
22736
61496
22896
55528
22712
55536
22736
22736
55536
22736
55536
22720
55544
22736
22688
55528
22736
55488
22728
22696
55528
22728
55528
55624
22688
55480
22712
55592
55512
22736
55544
22784
55528
22744
22728
55536
22744
22992
22688
55352
55056
22616
55488
55088
22480
85912
22528
22664
55272
22328
22672
55384
55064
22520
55480
55104
22472
22664
55272
22320
22664
55400
55056
22496
22680
55216
22384
22664
55272
22304
22680
55416
55032
22552
55480
55096
22488
22672
55272
22328
22688
55312
22256
22688
55400
55056
22536
22664
55200
22736
55200
22760
55200
22392
22672
55312
22256
22680
55392
55056
22504
22696
55200
22384
22664
55272
22336
22672
55400
55040
22528
55464
55096
22480
22688
55200
22384
22696
55384
55064
22552
22672
55200
22376
22688
55304
22264
22664
55392
55056
22528
22680
22696
66568
22744
55200
22384
22688
55312
22264
22664
55384
55056
22536
55480
55144
22400
22664
55272
22336
22672
55384
55056
22552
22672
55200
22384
22664
55272
22328
22680
55368
55032
22528
55480
55096
22472
22680
55264
22304
22664
55344
55048
22616
112389
23304
23232
23336
56040
55992
55904
22832
23256
23088
23064
55928
55872
22960
23456
23768
22912
56216
55992
55968
22744
23224
23072
23088
55912
55784
22792
23344
23264
23128
56328
56320
55848
23040
23168
23104
23168
23272
56064
55736
55712
22984
23408
23192
55952
55880
55736
23152
22976
23488
55888
55872
55600
23000
23368
23192
23128
56224
56280
55760
22752
23000
23264
23032
55864
56400
56248
22896
23448
23104
56032
71256
22968
55808
55632
22720
22920
22904
23360
55888
55624
55880
23032
57184
56192
55704
23216
23376
23176
23200
55776
55488
22328
22680
55368
54992
22600
55488
55104
22480
22696
55248
22304
22688
55312
59512
23688
23512
23400
23976
55456
55056
22512
55480
55104
22480
22664
55264
22328
22664
55320
55048
22616
55488
55096
22480
22688
55200
22368
22680
55384
55056
22552
55488
55096
22488
22696
55272
22312
22656
55344
55048
22608
55488
55096
22480
22664
55200
64128
58216
55960
56048
23456
86971
46075
57168
56120
55912
22808
23232
23416
55768
66672
25576
56704
55928
56128
23232
23240
22792
55272
22328
22672
55328
22256
22696
55392
55024
22552
105152
56224
56552
23472
24376
23264
23440
56552
55888
22640
23064
22952
56152
56296
56480
23112
24728
22680
55200
22392
22672
55272
22328
22664
55392
55056
22536
55488
55096
22488
22664
55272
22320
22688
55328
22264
22688
55376
55056
22552
30568
56256
55544
55104
22512
22672
55200
22384
22672
55280
22328
22672
55312
55056
22624
55488
55032
22552
22664
55200
22416
22672
55264
22328
22664
55400
55064
22536
55488
55104
22488
22688
55208
22384
22672
55272
22312
22664
55416
55064
22536
55488
55096
22488
32168
22696
55424
22320
22672
55312
55056
22608
55488
55072
22480
22688
55200
22384
22664
55272
22320
22672
55392
55040
22520
55456
55104
22488
22664
55200
22392
22680
55312
22256
22672
55400
55056
22552
22680
55128
22456
22688
55424
22328
22672
55312
55064
22608
60632
56000
56072
22960
23584
23312
56688
56272
56904
23640
23264
23464
23344
56936
55592
22400
22696
55320
22264
22696
55400
55056
22504
22696
55200
22376
22664
55272
22312
22672
55408
55040
22512
55472
55104
22480
22992
23272
22656
55488
55096
22480
22696
55264
22304
22664
55336
55080
22616
55440
55024
22552
22664
55200
22376
22664
55272
22328
22672
55384
55064
22560
55480
55096
22480
22664
55240
22328
22688
55312
22256
22664
55392
55056
22544
22696
55200
22384
22664
55272
22336
56520
22864
24232
22672
55344
22264
22696
55392
55056
22520
22696
55200
22384
22672
55272
22328
22664
55392
55064
22528
55488
55096
22480
22688
55200
22384
22672
55328
22256
22672
55408
55056
22488
55488
55096
22488
22664
55248
22312
22688
55320
22256
22696
63432
55560
55184
22416
22664
55272
22320
22672
55392
55064
22536
55480
55096
22488
22688
55272
22304
22656
55344
55048
22616
55488
55096
22480
22672
55200
22392
22672
55312
22256
22672
55392
55056
22528
55480
55096
22480
22664
55272
22328
22672
55392
55032
22552
23696
55392
55056
22616
55384
55064
22560
22672
55200
22392
22664
55320
22256
22664
55384
55056
22528
22664
55200
22376
22672
55272
22328
22664
55384
55064
22528
22664
55200
22376
22696
55320
22256
22664
55392
55064
22536
55480
55104
22480
22696
55272
22304
22672
23240
55408
55056
22536
55488
55088
22480
22664
55272
22328
22672
55320
55080
22616
55488
55104
22480
22696
55200
22384
22664
55272
22328
22680
55392
55064
22536
55480
55096
22480
22664
55272
22320
22688
55328
22256
22688
55384
55056
22552
22696
23648
22944
23040
23120
57192
56592
57160
22592
22688
55128
22464
22664
55272
22328
22664
55328
55056
22608
55440
55024
22552
22664
55200
22384
22664
55272
22328
22664
55368
54992
22616
55488
55096
22488
22696
55200
22384
22688
55320
22256
22672
55384
58584
55480
55128
22464
22688
55200
22384
22688
55312
22256
22664
55400
55056
22528
22704
55128
22456
22696
55280
22328
22672
55328
55056
22616
55488
55104
22488
22688
55208
22384
22672
55272
22328
22672
55408
55064
22528
55488
55088
22480
22664
55248
22320
22696
74897
58704
57128
56848
55528
22488
22672
55392
55056
22536
22656
55200
22376
22664
55328
22256
22672
55400
55056
22536
22688
55200
22376
22664
55272
22320
22672
55400
55056
22528
55488
55088
22480
22688
55272
22320
22664
55352
55056
22616
60864
56216
73431
22976
55440
55088
22472
22696
55200
22616
22656
55344
55048
22624
55488
55096
22488
22688
55200
22392
22688
55320
22256
22672
55416
55056
22544
55480
55096
22480
22664
55416
22320
22672
55400
55064
22528
22680
55176
22392
85328
22536
22696
55320
22256
22704
55400
55064
22520
22696
55184
22392
22696
55272
22296
22664
55344
55056
22624
55440
55016
22544
23072
23352
56840
56696
55456
22480
22688
55264
22304
22696
