7416
2216
35752
2256
2352
2208
2296
10704
2240
2272
2304
2312
2216
26168
2344
35392
2224
2216
2216
2208
2216
2216
2216
2216
2216
2224
2216
35000
2208
35016
2208
2216
2216
2216
2272
18225
2384
2408
2312
2328
2240
2208
2280
2304
3256
2216
2352
2296
2480
2216
2304
2272
2296
2312
2296
2480
2288
2392
2344
2344
2344
2352
2288
2296
2224
2208
2216
35008
2216
2208
2216
2216
2208
2216
2208
2216
2216
2216
2208
2208
2216
2216
2216
2216
2208
35016
2208
2216
2216
2216
2208
2216
2216
2216
2216
2216
2216
2216
26232
35008
2208
2216
2216
2208
2216
2216
2216
2216
2208
2216
2208
2216
2208
2216
2216
2208
2216
2216
2216
2208
2208
2232
2224
2224
2216
2224
2224
2240
2224
2224
35016
2232
2232
2208
35024
2224
2224
2216
2224
2208
2216
2224
2216
2208
2224
2216
2224
2224
2208
2208
2224
2208
2216
2216
2216
2224
2224
2224
2224
2216
2224
2224
2216
2224
2240
2240
2240
2232
35016
2240
2240
2232
2224
2232
2224
2224
35008
2224
2216
2216
2224
2232
2216
2216
2208
2232
2232
2240
2216
2216
2216
2208
2232
2232
2232
2232
2240
2224
2216
2224
2216
2208
2208
2224
2224
2232
2216
2216
2216
2224
2224
2216
2224
2224
2216
2216
2216
35008
2240
2232
2240
35008
2224
2224
2208
2224
2224
2208
2216
2216
2216
2208
2216
2216
2224
2208
2216
2224
2224
2216
2224
2224
2224
2224
2224
2224
35016
2216
2216
2200
35016
2208
2224
2216
2224
2224
2216
2224
2224
2216
2224
2224
2224
2208
2208
2224
2224
2224
2224
2224
2224
2224
2224
2224
2224
2224
2224
2224
2224
2224
2216
2224
2224
2224
2224
35016
2216
2224
2224
35016
2216
2216
2224
2216
2216
2224
2208
2208
2216
2224
2208
2224
2216
2224
2224
2224
2224
2224
2224
2224
2224
2208
2224
2224
35016
2224
2208
2216
35008
2224
2224
2224
2216
2208
2216
2216
2208
2224
2224
2216
2224
2216
2216
2216
2216
2224
2224
2224
2224
2216
2224
2224
2216
35016
2216
2224
2216
2216
2224
2216
2208
2208
2224
2224
2224
2224
2224
2224
2216
2216
2224
2224
2224
2224
2224
2224
2224
2208
2224
2224
2208
2208
35008
2208
2224
2216
2216
2216
2224
2224
2208
2224
2224
2224
2224
2224
2224
2216
2224
2216
2224
2224
2208
2208
2224
35016
2216
2216
2216
2224
2208
2216
2224
2224
2216
2232
2224
35200
2216
2216
2224
35016
2216
2224
2224
2216
2224
2224
2224
2224
2224
2224
2208
2224
2224
2224
2208
2216
2240
2224
2224
2216
2224
2216
2224
2224
2224
2224
2216
2224
35000
2216
2216
2224
2224
2224
2216
2224
2224
2224
2208
2208
2224
2224
2224
2224
2224
2240
2216
2208
2224
2216
2224
2224
2216
35000
2224
2224
2216
35032
2216
2216
2216
2216
2224
2224
2224
2216
2224
2216
2224
2224
2224
2224
2224
2208
2224
2224
2216
2216
2208
2216
2224
2216
35024
2216
2224
2224
2232
2232
2232
2216
2216
2208
2232
2232
2232
2208
2224
2240
2240
2224
2216
2216
2224
2216
2216
2224
2224
2224
2224
2224
2224
2224
2224
2224
2224
2224
2216
2224
2224
2224
2224
35032
2224
2224
2224
35064
2224
2224
2224
2224
2216
2224
2216
2224
2224
2224
2224
2224
2216
2216
2224
2208
2216
2224
2224
2224
2224
2216
2224
2224
35016
2224
2216
2224
2216
2224
2224
2224
2224
2216
2224
2224
2224
2224
2224
2224
2224
2224
2224
2224
2224
2224
2224
2224
2216
2224
2224
2224
2208
2224
2232
2224
2216
2216
2216
2224
2224
35008
2224
2224
2224
2224
2224
2224
2216
2224
2216
2224
2216
2224
2224
2224
2224
2216
2216
2216
2224
2224
2224
2216
2224
2216
35008
2224
2216
2224
2224
2224
2224
2224
2224
2312
2232
2256
2288
2336
2304
2304
3248
2232
2224
2216
35016
2224
2224
2216
2224
2224
2216
2224
2216
2224
2224
2216
2224
2208
2224
2224
2224
2224
2224
2216
2216
35016
2224
2224
2224
2224
2224
2224
2224
2224
2216
2216
2224
2216
2240
2224
2216
2224
2224
2216
2224
2216
2216
2216
2216
2208
2224
2216
2224
2224
2224
2224
2224
2224
35024
2216
2216
2224
2224
2224
2224
2224
2224
2224
2224
2216
2224
2216
2208
2224
2224
2224
2240
2240
2232
2224
2240
2224
2240
35032
2224
2232
2232
2232
2240
2232
2232
2232
2232
2224
2240
2240
2232
2232
2240
2232
2224
2224
2224
2224
5432
2480
2336
2392
2296
35392
2272
2280
2304
2296
2248
2288
2280
2240
2256
2256
2264
2272
2280
2288
2256
2304
35440
2280
2312
2256
2288
2328
2312
2336
2288
2296
2280
2280
2288
2296
2296
2280
2288
2288
2296
2320
2320
2304
2304
2312
2296
2304
2296
2296
2320
2296
2296
2288
2304
35432
2304
2280
2272
2288
2280
2328
2280
2280
2296
2296
35424
2272
2280
2256
2288
2280
2288
2296
2288
2288
2312
2288
2264
2288
2304
2296
2296
2312
2280
2248
2280
2368
2320
2320
2304
2376
2296
2320
2376
2288
2296
2280
2576
2320
2296
2296
2312
2312
2344
2392
2272
2320
2280
2248
2264
2264
2240
2248
2304
2256
2256
2296
2288
2288
2240
2256
2304
2656
2392
2288
2288
2304
2280
2312
2296
2288
35448
2280
2368
2240
2304
2392
2224
2216
2216
2224
2216
2224
2224
35184
2224
2224
2224
35008
2224
2224
2224
2224
2224
2224
2216
2272
2304
2248
2248
2280
2272
35416
2280
2296
2296
2248
2256
2432
2256
2312
2320
2296
2248
2240
2248
2256
2256
2272
2296
2248
2248
2248
2304
2248
2320
2272
2264
2296
2320
2224
2272
2256
2280
2280
2280
2248
2256
2248
2288
2336
2264
2288
2280
2296
2296
2288
2328
2392
2272
2312
2312
2248
2264
2312
2256
2248
2280
2256
2248
2280
2304
2296
2240
2296
2280
2288
2328
2312
2304
2304
2304
2296
2312
2744
2320
2312
2304
2296
2304
2320
2312
2304
2320
2816
2288
35216
2304
2296
2872
2312
2304
2304
2288
35224
