944888
398800
363024
362640
378760
432168
400736
396344
362208
899688
752720
616344
944688
398384
824336
394920
428128
362136
394960
362152
362064
608504
700968
582176
434920
362896
362344
396088
362872
362160
362360
362024
394944
362160
362376
460560
400376
494208
369240
448080
405600
403304
371728
406072
372488
408528
373216
407808
447056
404856
369448
370576
403904
445568
371496
402648
676936
369400
435641
372512
403392
551519
533424
400936
394912
414880
394968
394944
362160
362040
473104
402080
369672
396712
394928
403296
394944
362152
362168
362152
399896
399880
368328
401832
368344
410376
368368
402760
368328
368736
372248
402248
367760
395008
471552
362352
394944
395360
362136
362144
371824
377824
362152
362152
362152
362048
394952
411824
394928
362144
362144
362144
362160
401144
394944
362144
362144
362144
362056
398872
394848
394832
362144
362152
362160
394952
490463
404424
403552
394960
394944
362336
395552
362144
362144
362152
395376
404616
385032
403896
402160
403512
370288
373008
416240
363336
362160
362176
394928
410880
364936
394944
394928
362144
362136
362088
370880
365320
367456
362152
394936
394936
402968
362144
362168
362160
394952
394944
401808
362160
362152
362152
362168
394960
394880
406288
362136
362144
362168
362160
394952
402320
362112
362144
362160
362176
394952
394952
405288
375088
367840
362144
362176
362160
404632
394952
362152
362144
362152
362168
486168
400120
394952
394944
362144
362136
374112
362160
362184
394960
394880
362144
362136
363464
362152
362168
394936
394944
362168
439128
362192
394960
394944
362136
362056
372344
371248
367544
364528
362320
362184
376296
362128
362152
394944
362152
362136
362160
371248
362160
394968
400016
394952
362160
372056
405536
394840
362056
362144
362160
406520
362152
394952
394936
362144
362152
362160
408928
362176
394944
394936
362136
362144
371592
362176
366832
362152
394952
362144
373896
364592
364000
362104
461792
362184
369272
362160
394952
394928
362040
362160
362088
465545
362168
362152
362160
362160
394952
409744
394952
362072
362144
362080
362152
427720
362072
362136
362144
394952
394944
362144
400712
362144
362144
362456
362168
394952
401680
394944
362144
362136
362184
362144
400808
394944
362136
362144
362152
362152
394952
396912
394952
362152
362152
362176
394952
473232
362160
362056
362160
394944
394960
409808
362136
362136
362152
362192
394944
398568
362144
362144
362184
364544
367800
366712
412664
362152
362144
362544
362704
394968
442752
586208
367592
370248
405240
413944
383776
418656
418696
384272
403480
431199
362152
362184
394960
394944
362128
451104
365280
362088
492256
362136
362144
513269
403184
395112
394928
362152
362160
369704
362144
362152
394912
394944
362048
416552
396168
362144
362080
362152
394952
394936
402432
362176
362144
362152
362160
394960
400528
394968
362144
362168
362160
394952
398552
395952
362160
362144
362160
362160
394912
442344
362080
362480
362504
362152
394952
401856
362056
362144
362152
362176
394944
399360
395008
362144
362120
362120
362152
394936
410320
394960
394944
362144
362152
362168
402688
394912
394888
362128
362144
362160
366080
362160
394944
394936
362152
362072
362152
440411
404528
368480
370328
439600
480528
362152
394944
362144
362120
362152
362184
483256
394936
362144
362144
362152
362144
586389
362160
361952
362152
394920
394936
403584
362136
362136
362160
362152
394936
423184
362152
394960
394880
362088
362160
368064
362168
362152
394936
394944
362144
362152
369320
362160
362160
394960
442736
362144
495304
363472
362160
394952
394936
362152
426347
362160
362160
394912
394952
362144
447176
362096
362120
406920
363456
398584
362152
362152
394952
394936
362144
362064
445664
362152
394968
362144
362152
362160
370000
362152
394944
394944
362152
362056
439520
394936
362152
362144
362120
362160
395896
362152
362152
362152
362152
394944
362056
432240
689584
394968
362136
362136
436920
394952
394944
362136
362152
362176
469680
444965
362120
362152
362152
367152
367168
363064
394944
394944
362152
362152
362152
381464
362152
362144
394952
394944
362144
372416
362400
505448
362152
362144
362160
375032
362168
362160
394944
394944
362144
362168
363624
362176
362160
394952
362144
362136
368360
362160
362152
394952
394928
362136
366184
368824
362144
362168
362160
394936
362152
368872
367608
394904
413752
362144
362104
371608
410080
410736
394960
394944
362136
373000
362160
362152
362160
394856
394936
400384
394960
362056
362152
362160
394944
395088
455075
362136
362152
362184
394944
394904
505024
394960
394936
362136
362160
362160
482784
394960
394944
362088
362128
362888
543487
401872
402496
404880
367488
372024
403976
369552
362152
537208
394952
420344
365392
362160
362136
394952
362152
362152
370368
362152
362152
362160
394944
394936
447953
396968
394936
362144
362144
362056
456960
362152
394944
394944
362144
362112
448136
394944
394936
362144
362152
362160
511592
369848
371208
403880
403472
401856
439360
379136
366384
366592
362144
362152
373400
362152
362152
394952
394960
362144
455856
362136
362168
362160
394944
362160
443600
366120
362144
362144
362160
394944
445952
394936
362144
362064
362096
362160
394960
440768
362144
362160
362160
394944
394848
451840
362088
362112
362144
394944
362152
510163
406384
394696
362160
362152
362160
407072
362120
394944
394944
439312
362600
422928
362160
362176
394944
394952
362136
362056
459773
362072
394960
394944
362144
362136
413120
362152
362152
362160
394920
394944
452176
362152
362160
362152
394824
362144
452928
362152
362088
362128
394944
362136
451736
366440
362816
620968
394952
394928
462392
368696
362160
362160
394864
362152
425952
395144
362152
362144
362152
362152
478632
394936
362144
362136
362152
362168
442144
394936
362152
362144
362160
362432
366248
368744
362128
362168
362152
394952
454104
436432
372328
362168
362168
394856
408928
362144
394968
394872
362144
362168
362152
600600
407232
362152
362152
394944
445120
362176
362144
394952
394824
362144
362136
363896
362152
362160
362152
394960
394936
453608
362160
362192
362160
394920
394944
424192
400216
362160
394952
395000
362144
450656
401704
362112
362160
362152
394944
458392
400896
362048
362152
362120
362168
485664
394928
362144
362136
362160
362168
477416
401952
398176
362152
362144
362160
394960
566203
362160
362160
362160
362176
394952
497829
371872
404872
597408
362144
452616
362320
367416
365800
362112
362176
492440
394920
394936
362160
362144
362152
475320
394928
394936
362144
362136
362160
476072
394944
362136
362056
362160
394968
462744
425120
418064
366840
362160
362168
427440
362168
362184
362160
394864
362144
362152
362144
394976
394944
362136
362080
362160
404960
394840
362152
362144
362152
362152
451184
362064
394936
362136
362152
434176
460144
362160
394888
394944
402144
397320
445960
394952
362144
362160
362144
394952
489888
394952
362080
362144
362152
362152
490864
362160
394936
362168
362136
362168
523960
367728
362160
394936
487184
362136
570056
517944
415888
377752
374792
408200
368712
489552
402200
369024
362064
409776
362168
