664
184
176
184
192
184
208
176
192
216
176
200
176
176
200
184
192
184
192
240
184
176
200
184
200
184
192
192
200
184
184
208
184
176
176
176
192
208
264
216
216
216
248
256
256
232
272
216
216
240
256
240
208
232
232
288
200
240
216
224
288
280
232
232
280
272
280
400
224
272
264
264
240
200
224
208
256
208
240
344
232
256
256
224
184
216
200
208
176
192
192
200
184
184
184
176
184
208
192
184
176
176
184
192
184
232
184
232
192
184
176
352
192
216
192
208
224
192
256
192
240
184
248
184
224
208
184
192
200
200
184
192
176
256
216
264
280
216
256
240
216
264
288
232
248
216
288
240
240
280
224
240
248
248
232
248
232
248
232
224
240
248
240
248
240
240
248
248
240
232
232
240
256
240
240
232
224
240
248
232
216
240
240
216
216
208
224
224
224
224
256
200
224
216
208
232
248
224
208
184
192
200
192
192
192
256
208
248
224
248
184
200
216
224
184
232
176
184
192
184
184
184
192
176
184
192
192
184
184
184
192
192
184
184
184
192
184
184
192
184
184
200
192
192
184
184
184
184
32992
200
184
184
184
184
184
192
184
184
176
184
192
184
184
184
200
192
192
192
184
184
184
184
184
33032
192
192
184
184
176
184
184
192
200
32992
200
192
184
184
192
192
192
184
184
176
184
216
192
240
224
224
216
224
232
256
240
224
232
232
248
232
232
232
240
232
248
232
232
232
256
232
224
240
232
256
232
232
248
240
248
232
240
224
232
240
232
216
232
256
224
240
240
224
240
240
240
232
240
232
232
240
248
232
208
240
232
240
232
232
232
240
248
240
224
248
208
216
232
224
208
208
304
224
240
240
264
240
232
216
224
224
232
232
216
184
184
176
176
184
184
200
184
176
192
200
184
200
176
288
232
216
224
176
192
192
184
184
176
176
192
176
176
176
184
184
184
192
192
192
176
184
192
192
192
184
176
176
184
184
192
192
184
184
192
184
184
192
176
176
184
184
184
184
176
192
192
192
184
192
184
192
192
176
176
184
176
192
176
184
176
184
184
176
176
192
184
192
176
192
192
184
184
184
192
192
184
192
184
176
184
192
192
192
184
176
176
184
184
192
192
192
184
184
184
176
192
184
192
184
33048
192
184
184
184
184
192
184
184
176
176
192
192
192
192
184
192
184
176
184
176
192
192
176
184
176
184
192
184
192
192
184
184
176
192
176
176
184
184
192
184
176
176
192
184
176
232
208
232
192
208
216
176
192
208
200
200
184
184
184
192
192
184
192
176
176
176
184
176
224
240
208
248
264
248
248
176
184
192
192
192
192
192
184
192
184
184
176
33008
176
176
176
184
184
176
176
184
184
192
184
184
176
176
176
184
176
176
176
184
184
184
176
184
176
184
184
176
184
184
176
192
192
184
184
176
184
176
176
192
184
184
192
176
192
176
184
176
184
184
184
184
184
176
192
184
176
176
176
200
192
192
176
184
176
192
192
176
176
192
176
184
184
176
176
184
176
176
184
176
176
184
176
184
192
184
184
176
184
192
176
176
176
184
184
192
184
176
184
192
232
208
232
224
184
184
184
176
184
192
192
184
176
184
184
192
184
176
184
184
184
184
184
184
184
184
184
184
184
192
184
200
184
192
192
176
184
176
184
192
200
192
184
184
184
192
184
176
192
192
184
200
184
192
184
184
184
176
184
192
184
184
184
192
192
192
240
240
248
248
240
232
224
184
184
200
184
192
184
192
184
184
184
184
192
184
184
192
184
200
184
184
184
184
200
184
192
184
176
192
184
184
184
176
192
184
184
192
176
192
184
192
192
184
192
200
184
184
184
200
192
184
192
176
184
176
192
184
176
184
184
184
208
184
176
232
256
216
184
184
184
184
184
192
192
184
192
184
192
184
192
192
176
184
184
184
184
184
184
184
184
184
176
176
176
176
184
184
184
192
176
184
176
176
192
192
200
192
176
176
184
200
176
240
216
1256
200
224
240
208
224
200
232
200
272
248
232
256
264
208
224
224
232
256
248
216
232
216
240
224
224
232
224
200
208
208
224
216
264
224
216
232
248
232
224
248
240
272
232
232
240
256
240
264
264
240
248
248
240
288
248
248
256
232
224
272
256
240
248
248
240
280
264
248
240
224
232
248
248
216
248
232
224
264
264
240
248
248
248
272
240
240
216
232
240
248
248
264
224
200
240
256
248
224
232
208
200
200
224
872
224
216
248
232
232
248
240
224
248
240
256
256
264
232
208
184
184
184
192
184
176
184
192
