39200
55832
55576
22688
55536
22688
55488
55488
22696
22680
55480
22688
55488
55488
22696
68088
56880
56784
22736
22688
55480
22688
55520
22688
22696
55488
22688
22688
55480
22688
55496
22688
22688
55488
22688
22688
55488
24808
55528
22792
55480
22688
22696
55488
23960
25656
55520
22696
169816
56472
56312
23104
57104
62304
62832
56968
56808
56952
56464
56632
56432
23656
23176
23536
23400
23320
56240
56344
56776
26960
22888
22688
55480
22688
55488
22688
22688
55480
22696
55480
55480
22688
55488
22688
22688
55544
22680
55496
22696
22688
55480
23160
55648
22688
22704
55480
22696
55488
55488
22680
55488
22696
22688
55488
55752
55168
22552
22664
55200
22408
22664
55272
22328
22664
55368
55056
26192
58152
55384
55056
22520
22672
55200
22384
22672
55440
22328
22672
55392
55056
22536
55488
55096
22496
22664
55200
22392
22664
55272
22336
23840
56736
176720
56648
55448
22560
55488
55088
22488
22688
55200
22392
22696
55312
22256
22672
66656
56584
55536
55056
22608
55400
55056
22552
22696
55176
22376
22656
55272
22312
22672
55344
55048
22608
55440
55032
22520
22696
55200
22384
22672
55280
55200
22608
55400
55016
22552
22688
55200
22376
22664
55272
22328
22672
55368
54976
22616
55480
55032
27232
23896
22696
55184
22400
22696
55272
22304
22680
55304
22256
22664
55392
55056
22536
55480
55088
22480
22696
55200
22384
22672
55328
22256
22672
55616
55024
22552
55496
55104
22488
22664
55264
22304
22688
55320
22264
22664
55392
55032
22544
22688
55184
22376
22664
56456
55456
22400
22664
55272
22336
22664
55320
55048
22616
55440
55016
22528
22696
55200
22384
22664
55272
22336
22672
55320
55048
22616
55440
55032
22552
22664
55200
22384
22672
55272
22328
22664
55312
55056
22616
55480
55096
22480
22688
55200
22384
22688
55272
56632
22720
22664
55344
55056
22616
55440
55024
22560
22680
55200
22424
22664
55272
22328
22672
55368
54984
22616
55488
55096
22472
22688
55200
22384
22672
55272
22328
22672
55328
55048
22616
55440
55024
22552
22696
55200
22384
22680
55280
22320
22664
55304
22256
23120
24960
55472
55096
22496
22664
55272
22328
22664
55328
55056
22624
55376
55056
22544
22688
55184
22392
22672
55408
22328
22664
55328
55056
22616
55440
55080
22472
22688
55200
22392
22664
55272
22320
22672
55368
22696
55488
55072
22472
22664
55200
22384
25400
22648
55344
55048
22616
55376
55064
22536
22688
55168
22392
22672
55272
22328
22680
55328
22272
22688
55384
55056
22536
22688
55128
22464
22696
55272
22288
22656
55272
22312
22672
55392
54976
22608
55488
55104
22464
22664
55200
22376
22664
55272
22328
22672
61368
55488
22256
22664
55400
55072
22552
55496
55088
22488
22664
55200
22392
22672
55272
22320
22672
55400
55056
22536
55480
55104
22488
22672
55200
22384
22672
55272
22328
22664
55328
62032
22592
22696
55272
22328
22664
55320
22256
22688
55392
55056
22536
55480
60104
56976
22472
22672
55264
22328
22696
55312
22256
22672
55400
55056
22536
55488
55096
22472
22688
55192
22384
22664
55264
22304
22664
55408
55056
22536
55488
55104
22488
22688
55200
22400
22664
55264
22328
22664
55328
22256
22696
55392
55056
22536
22688
55136
22464
23928
55488
55104
22480
22656
55256
22328
22680
55312
22256
22696
55384
55056
22512
55488
55096
22480
22664
55240
22320
22688
55312
22256
22680
55400
55040
22520
55488
55096
22488
22664
55200
22400
22664
55272
22336
22664
55320
55056
22624
55384
55064
22520
22672
61112
56464
22704
22688
55344
55056
22616
55480
55024
22552
22664
55200
22384
22680
55272
22336
22664
55368
54984
22616
55480
55096
22488
22664
55200
22384
22664
55272
22328
22664
55304
55072
22616
22944
22680
22688
55272
22296
22696
55328
61288
74839
56272
55960
56936
23768
22696
55936
56472
56288
23272
22736
55400
55056
22520
22688
55568
22976
22704
23744
56080
55952
55984
22696
23672
56072
56088
55504
22328
22672
55384
55056
22552
22688
55200
22384
22664
55272
22312
22664
22984
55536
55056
22608
55480
55088
22480
24216
55680
56176
58672
22872
22888
23384
56024
55792
56680
24440
23256
22840
55728
55568
22656
23584
24824
57688
56144
57200
23784
24520
25008
56216
57264
56264
24432
25000
23568
57680
57016
56352
56944
22888
23272
23008
23280
55944
55848
56248
23264
22696
22680
55200
22392
22672
55272
22328
22664
55744
55656
22736
23336
22696
55272
22328
22664
56192
56352
55824
22936
23568
22688
55384
55040
22512
55464
55104
22480
23312
24256
24280
56472
55728
23184
23760
22672
55408
55024
22552
23088
56912
55968
56280
24304
22664
24456
57032
57256
24624
23952
23064
23344
56168
56160
55608
22776
23032
23160
55952
55952
56552
55856
22984
24208
22952
23368
23472
56640
56360
74176
68946
23504
23000
22904
56112
55504
22400
22672
55272
23520
23024
23624
23144
56464
56112
56088
23568
22688
23760
56288
55472
22336
24288
23408
56208
56624
56600
23408
23624
23536
56136
69840
58776
58408
25592
25408
25200
58624
58280
59040
25360
25784
25568
58464
58456
58624
25144
25544
25536
58408
58304
25472
25976
25392
55936
58008
58376
58216
24792
24880
24920
25024
57864
57640
56992
23856
25296
28528
25760
58568
58584
58768
25720
25736
25656
58528
58728
58312
25504
25784
25632
58480
58168
58272
25712
25768
25880
58544
58560
58000
23264
24952
24984
28112
58256
58208
58112
57872
57848
24536
23696
24072
58344
58464
60760
22608
22688
55312
55048
22600
55480
55064
22480
22672
55200
22384
22672
55272
22328
22680
55368
54992
22608
55496
55096
22488
22696
55200
22384
22664
55272
22320
22672
55376
54992
22616
55488
55088
22488
22696
55200
22384
22664
55272
22328
22664
55368
54976
24320
22640
55392
55040
22536
55480
55104
22496
22688
55200
22376
22672
55344
22256
22672
55392
55056
22520
55480
55104
22472
22688
55200
22384
22672
55264
22296
22672
55344
55064
22616
55440
55056
22520
22664
55200
22400
22664
55272
22328
22672
55368
55032
22512
63600
55432
55104
22480
22656
55344
22264
22664
55392
55064
22528
55480
55088
22480
22696
55200
22384
22672
55272
22328
22672
55392
55056
22536
55480
55088
22480
22688
55200
22384
22664
55272
22296
22680
55408
55040
22536
55488
55088
22488
22680
55200
22376
22672
61768
58184
22336
22680
55384
55056
22552
22656
55128
22464
22696
55424
22320
