12512
2360
35392
2224
2224
2264
2248
2208
2256
2232
2808
2264
2248
2272
2248
2264
2296
2248
2264
2256
2248
2256
2256
2256
2272
2240
2272
2240
2240
2248
2264
2280
2232
35176
2280
2256
2240
2248
2248
2272
2232
2240
2248
2264
2264
2248
2264
2256
2272
2272
2248
2272
2248
2232
2240
2232
2248
2224
2240
2264
2256
2264
2256
2256
2248
2248
2264
2264
2272
2248
2248
2264
2288
35184
2240
2272
2272
35168
2256
2264
35216
2272
2264
2280
2280
2280
2232
35168
2264
2232
2264
2264
2272
2608
2224
2272
2704
2248
2248
2248
2272
2272
2272
2240
2264
2272
2256
2248
2248
2248
2256
2240
2248
2224
2192
2720
2232
2240
2264
2240
2240
2256
2240
2272
2224
2232
2224
2648
2232
3736
2232
2624
2256
2216
2256
2224
2232
2216
2232
2232
2232
2224
2232
2216
2240
2240
2224
2224
2256
2240
2208
2248
2232
35136
2232
2240
2240
2248
2264
2240
2256
2264
3000
2256
2224
2224
2232
2248
2232
2248
2624
2240
2248
2248
2240
2240
2240
2248
2232
2224
2264
2200
2216
2632
2248
2224
2248
2248
2200
2288
2256
2240
2248
2248
2864
35168
2272
2216
2256
2240
2232
2240
2256
2240
2256
2224
2208
2280
2240
2256
2232
2264
2232
2272
2280
2240
2248
2232
2248
2240
2240
2256
2240
2256
2224
2240
2232
2304
2240
2224
2240
2264
2248
2256
2256
2240
2216
2256
2296
2248
2224
2232
2248
2232
2240
35168
2248
2272
2240
2288
2216
2232
2232
2232
2320
2248
2232
2232
2216
2240
2232
2256
2296
2248
2264
2240
2264
2280
2264
2232
2264
2256
2600
2248
2264
12200
2256
2280
2272
2256
2216
2200
2208
2280
2264
2256
2248
2272
2256
2232
2248
2232
2272
2240
2256
2240
35152
2224
2232
35144
2232
2248
2256
2240
2232
2248
2240
2240
35128
2256
2240
35136
2248
2232
2240
2216
2256
2256
2256
2248
2256
2216
2224
2280
2256
2256
2224
2248
2240
2240
2240
2264
2248
2240
2256
2248
2224
2448
2264
2240
2264
2248
2232
2248
2240
35168
2240
2248
35136
2256
2224
2288
2232
2232
2216
2224
2232
2264
2256
2248
2232
2256
2248
2240
2256
2248
2232
2264
2240
2216
2256
2224
2240
2240
2248
2256
2232
2296
2240
2240
2224
35128
2248
2272
35200
2264
2248
35152
2232
2240
35160
2232
2232
2256
2240
2256
2240
2240
2240
2240
2256
2464
2248
2240
2224
2240
2264
2240
2256
2256
2264
2248
2264
2240
2240
2496
2208
2248
2256
2280
2304
2264
2240
2264
2208
2368
2208
5856
2224
2296
2248
2264
2240
2240
2240
2240
2240
2240
2288
2232
2240
2296
2256
2256
2208
2240
35664
2248
2232
2240
2264
2272
2216
2256
2216
2232
2200
2232
2200
2216
2240
2272
2240
2216
2248
2224
2216
2216
2232
2240
2248
35152
2280
2272
2208
2240
2232
2256
2256
2248
2240
2232
2240
2248
2240
2288
2248
2256
2216
2264
2232
2256
2280
2280
2240
2280
2248
2256
2264
35152
2240
2280
2264
2224
2256
2288
2272
2248
2240
2272
2264
2240
2264
2272
2264
2264
2256
2272
2256
2280
2256
2256
2296
2272
2248
2232
2248
2208
2216
2256
2240
2232
2328
2208
2232
5616
2344
2216
35136
2232
2216
2312
2224
2224
2264
2312
2224
2280
2248
2200
2272
2216
2224
2272
2216
2216
2224
2200
2208
2256
2200
2216
2208
2216
2224
2208
2224
2288
2208
2224
2248
2232
2208
2224
2216
2224
2216
2216
2272
2208
2208
2224
2216
2224
2272
2208
2240
2208
2208
2584
2216
2216
2200
2224
2224
2240
2216
2232
2264
2216
2208
2232
2232
2632
2224
2648
2240
2576
2584
2216
2216
2224
2216
2240
2600
2224
2208
2256
2208
2224
2216
2224
2208
2216
2224
35272
2248
2232
11216
2216
35128
2224
2224
35136
2240
2216
35160
2224
2248
2200
2248
2216
2200
2216
2216
35136
2216
2256
2240
2208
2216
2264
2200
2216
2208
2232
2256
2208
2216
2576
2216
2248
2216
2232
2232
2232
2232
35136
2224
2216
35136
2232
2200
2240
2600
2232
2240
2256
2368
2248
2240
2232
2248
2248
2248
2224
2288
2240
2304
7264
2248
2256
2256
2288
2272
2264
2272
2304
2264
2224
2272
2216
2240
2232
2248
2280
2224
2304
2232
2312
2264
2248
2248
2200
2208
2248
2344
2232
2256
2248
2240
2256
2304
2240
2256
2264
2280
2256
35136
2224
2296
2248
2224
2208
2216
2240
2584
2248
2240
2280
2280
2224
2240
2256
35176
2248
2232
2280
2240
2264
2232
2240
35160
2248
2264
2256
2240
2256
2280
2272
2256
2240
2256
2280
2232
2232
2248
2240
2248
2240
2224
2240
2280
2248
2224
2208
2232
2280
2232
35136
2240
2232
2248
2224
2240
2216
2248
2624
2632
2208
2248
2240
2248
2240
2224
2256
2240
2216
2240
2208
2264
2216
2232
35128
2224
2248
2240
2232
2232
2232
2240
2288
2984
35696
3504
3392
2216
2240
2232
2248
2616
2208
2272
2240
3392
2248
2280
2224
2256
2632
2232
2232
2624
2208
2232
2232
2232
2224
2224
2232
2232
2248
2224
2216
2224
2232
2216
2232
2208
3120
2224
2272
2216
2256
2256
2264
2248
2256
2240
2232
2216
2224
2240
2248
2248
2272
2272
2248
35192
2248
2264
2216
2240
2232
2248
2232
2264
2224
2248
2312
2240
2240
2264
2264
2240
2216
2264
2224
2248
2240
2232
2216
2272
2232
2296
2240
2256
2232
2224
2200
2288
2240
2248
2208
35184
2240
2232
2240
2224
2216
2216
2216
2296
2240
2768
2216
2264
2296
35168
2240
2264
2264
2248
2256
2240
2272
2368
2352
2288
2288
2328
2288
2232
2416
2312
2232
2264
2256
2240
2264
2272
2288
2280
2288
2304
2224
2256
2208
2272
2208
2184
2176
34984
2192
2184
2176
2184
2184
2192
2184
2280
2272
2280
2256
2240
2328
2176
2184
2184
2192
2280
2248
2288
2272
2248
2224
2400
2264
2192
2176
2184
2192
2200
2200
2184
2200
34992
2192
2184
2184
2184
2192
2176
2184
2192
2184
2176
2176
2176
2184
