383440
611696
368536
394976
362160
362088
362144
362072
394912
362160
362344
376056
362160
394888
395448
362624
367752
362144
394936
362752
362320
363320
416104
375760
408312
407848
378680
407760
408144
374552
408240
411984
443320
408048
408472
374616
416016
408144
375192
408704
408760
424352
409296
375632
409048
375744
408736
375688
410264
408648
379384
408800
409040
375400
408944
412608
376000
485192
409144
376168
412712
408896
376920
409584
414240
407976
408144
375152
408336
407744
375272
374744
408624
377912
375080
408112
374912
527992
418552
445800
375216
409056
375008
408488
408592
375712
412480
379288
408976
408736
375552
409032
409208
375640
409056
409136
408640
412096
375528
375496
408840
409136
408400
412064
374880
408816
423328
369440
434568
374344
368152
403040
401176
401632
401560
405832
368448
368776
369800
402424
404512
488495
403912
394848
362128
362152
362184
370072
362112
394936
362160
362144
833032
374312
362160
362144
362144
394904
399824
400592
399648
367888
368024
368016
417136
400520
369408
439512
401080
368488
373008
365952
367080
398264
362376
362144
370480
369344
405008
402608
403672
403624
402952
394936
394840
362320
362152
362144
367600
397168
395152
402000
362144
362160
362144
367160
394936
394856
362152
362176
362128
399616
394936
394944
424736
394936
394944
362120
362144
362144
362144
394936
362144
362144
366704
362144
394912
394944
362144
362144
371168
362152
366360
399712
363992
394944
394936
366888
362144
362144
362144
394936
362144
374688
362144
362144
362120
394936
394936
367640
363936
362152
362152
394952
398480
394944
371256
362136
426072
394944
362152
362144
373064
368680
363488
362144
362152
394936
402600
394944
362152
362144
362152
394944
394944
403928
362152
362152
362136
362160
394944
402304
362152
362144
362144
362152
394928
399224
400920
394944
362136
362152
362144
394928
405032
394832
422712
394928
394936
362152
370096
362144
362144
394936
394936
362040
370992
366960
368072
397656
362144
362168
362112
403256
394936
394936
362160
362144
362144
369536
362136
394944
362160
362144
362144
366776
364152
362144
394944
362136
368216
362152
367824
362152
394944
394904
362136
362152
376600
362152
362136
394952
424792
362136
400312
362064
394936
362144
362144
362040
362144
480792
396576
394936
362152
362144
362144
372352
362072
394944
394944
362144
362136
368840
372040
423224
425856
423272
421544
386672
413776
425304
423664
423496
418752
422248
413952
423752
424776
760912
422104
411896
373112
365688
378784
410672
415288
378896
368296
417760
401752
368288
365464
362088
362216
394952
362152
362152
445576
374056
362040
362144
394936
394944
368720
362136
362152
362168
394944
394952
366288
366768
400080
400368
366992
367096
371424
396824
362128
362152
362144
369072
394936
403632
394944
362112
362152
362144
362152
409320
394952
394848
362144
362152
425960
401440
395952
362152
362152
362144
394960
394952
402032
362152
370360
365160
410160
412256
502336
379704
402536
409056
401288
362664
402544
394960
362152
362144
367000
362048
370336
369072
362072
362136
394928
394856
532896
367400
362152
362144
362144
362144
401272
399752
366400
365136
366544
399304
407392
394936
394944
362144
362072
362144
395208
398152
394944
394936
362160
465792
394960
406976
407264
371016
372608
406536
401024
408160
367920
372312
401000
404400
401136
370056
370008
374928
400704
412808
415976
381640
413088
403288
409400
375000
410608
402376
369440
373928
369624
406376
417976
369256
401976
401552
371088
368752
409424
401096
469912
404304
369768
368528
405672
471328
402608
402560
369152
4552016
370392
366408
10409248
450176
400216
366416
365880
366272
442320
399008
398608
399344
367088
365312
439856
367216
399080
399456
398920
366864
367656
366192
368128
398528
398648
476384
399904
365368
365832
365632
399056
440432
401496
399240
366360
798152
448064
366224
401000
399768
366800
367912
443592
398664
398720
399800
366896
366576
440344
367280
404520
398248
412000
411320
412592
378864
368448
408544
401864
440288
399360
365536
366528
366752
403896
746632
370944
423160
423456
390256
455328
418720
415176
458560
424784
423944
447768
382752
421528
423952
423488
493928
418392
412536
400576
401064
400576
439888
401256
367856
368072
368280
402824
472888
398488
368640
368664
366664
399720
473384
399736
398672
366168
370808
765400
366888
376512
366632
377512
451056
412688
412936
372688
419440
400792
475120
399728
366856
369136
367456
399712
487272
402504
364664
367976
368632
399760
472552
399280
366960
364864
365920
366232
366592
366184
400992
399824
366944
446448
368176
367408
398960
399096
367328
450240
366856
398416
399232
398320
399040
546672
366256
400504
399544
399168
366304
402160
435592
400112
399712
398408
442448
367104
372920
400024
409664
411680
452280
380464
371784
402096
406272
398848
399960
399136
365984
366872
369016
443688
400736
401616
692728
399904
443264
368576
368752
366536
398600
398920
441760
400328
365568
366424
368184
437880
448648
399256
398640
400504
366104
368896
430681
362144
362152
394840
362088
362144
432624
362112
362144
362056
394944
362144
365640
362048
362144
394952
362144
367240
365024
362096
362152
394976
394944
362160
362144
431376
362160
362160
362504
362152
394936
397816
362136
362160
362144
394944
394952
362048
362272
424328
362152
362152
362144
394944
402168
362144
362136
362152
362912
372320
373192
362400
394864
394928
362136
362144
362072
511096
367000
367464
368040
368632
449664
368480
437744
368168
369088
367984
413792
403112
402960
371104
366256
365240
373696
367056
365816
365968
366296
365736
515520
362184
400344
369624
375344
413264
489048
414936
407104
372152
365552
362080
462735
362160
362144
362152
366064
394944
478184
399816
400688
398288
398056
400792
503888
368872
367648
401224
399752
399440
446649
362160
362224
529944
394952
394944
370944
369992
403000
402952
402312
448416
368376
369096
401688
404856
403320
382112
368952
402168
402488
403536
368768
377144
402120
403000
403080
370744
369672
434471
412256
410576
366688
379280
589568
412456
374824
368560
419160
423232
492992
387200
418624
415000
424304
488840
422880
382512
417176
420560
423624
490456
419704
386784
411384
400328
402280
475048
394888
362152
362160
362048
362152
474024
398072
399184
366008
365880
366536
438784
367624
398912
399352
368568
367496
398624
399520
365768
367856
366688
440784
366288
398664
399392
370968
364480
444672
362144
370976
364608
378176
412048
449376
413016
368672
375936
365168
362152
432480
394944
362144
362152
362144
362160
430072
362152
362144
362144
394952
362152
373192
362144
362160
362144
394952
394952
362144
365264
362112
426744
362144
362136
362152
475584
398432
398912
399608
366312
366856
394888
425808
362144
362152
394960
405632
394888
362112
362160
362152
394952
394944
365152
362152
368232
362144
394856
394936
365320
362176
362152
362176
394928
362144
362152
428456
394960
362144
362168
362096
362144
398072
394944
362040
362088
362048
394936
424384
362152
394936
394936
362072
362144
362144
397832
394920
362144
362152
362144
424376
371920
362160
