680
192
216
208
216
216
208
216
208
200
216
208
216
208
208
216
208
216
208
200
200
208
200
216
208
216
216
208
200
200
208
216
200
208
216
208
216
208
208
216
216
216
208
208
208
216
208
208
216
200
208
216
216
200
208
216
208
208
208
200
216
272
288
256
224
232
240
232
264
248
232
240
256
248
264
264
232
240
240
264
256
240
232
224
232
248
224
240
240
240
240
240
224
240
240
73072
240
224
264
232
232
232
232
232
240
224
272
232
240
232
240
272
248
240
248
232
240
232
272
240
256
240
248
240
232
248
240
248
240
240
264
240
232
248
240
232
248
232
240
248
224
256
208
240
248
240
232
248
224
240
224
232
240
224
248
240
240
240
256
248
224
232
248
264
240
248
256
248
264
248
232
256
240
232
224
232
232
248
240
256
240
240
240
224
248
232
240
240
224
232
224
208
232
224
240
232
232
240
256
240
232
216
224
224
240
224
232
240
240
240
232
240
240
248
224
216
240
224
232
240
256
240
248
256
232
232
232
240
256
208
240
232
256
248
240
232
224
216
240
224
240
232
224
232
224
224
256
240
224
248
216
33416
224
224
216
216
224
232
216
224
240
240
232
208
216
216
240
256
216
208
208
224
216
224
240
232
232
232
216
232
224
232
224
216
256
208
232
224
224
240
224
216
224
216
232
224
208
256
208
232
240
224
240
232
224
224
232
216
224
224
240
664
240
216
232
224
240
224
648
232
232
248
672
248
224
256
240
216
240
224
216
224
224
256
216
240
240
224
232
232
33352
240
224
216
224
224
232
240
232
240
256
224
232
240
208
232
240
240
232
216
216
232
248
232
248
240
224
224
224
240
224
232
224
224
240
232
240
224
232
224
232
224
224
232
232
256
232
232
232
232
216
216
208
232
264
208
240
216
232
232
240
240
240
248
232
232
256
256
256
216
248
232
240
248
256
224
224
240
232
248
240
256
216
232
240
216
224
240
240
256
240
232
224
232
216
248
232
232
224
248
240
232
240
224
240
232
232
216
224
224
256
232
240
232
232
264
280
240
232
232
240
240
232
232
224
256
224
224
256
232
224
240
216
224
224
232
216
672
208
280
208
224
232
232
240
240
232
240
216
240
224
224
216
224
232
224
208
216
232
240
224
232
224
232
232
232
224
224
256
232
224
232
224
240
232
232
216
224
232
224
224
248
240
224
240
240
256
232
256
232
232
232
240
232
248
232
248
232
232
232
232
224
240
216
232
224
240
224
224
224
232
248
224
240
240
224
232
240
216
656
248
232
240
248
232
232
256
240
256
240
232
232
256
224
264
224
232
240
232
240
232
216
240
256
280
248
264
248
256
240
272
232
256
240
232
240
264
264
264
256
232
232
248
256
264
248
248
224
248
256
264
240
248
272
240
232
240
216
240
248
264
240
248
264
240
248
248
248
240
256
272
264
248
264
272
240
232
248
248
248
256
256
240
248
256
240
232
256
264
272
240
248
248
248
240
264
256
256
240
248
240
248
256
272
264
272
256
256
264
256
272
240
248
240
248
264
248
240
264
256
256
248
272
240
264
240
248
248
256
264
272
240
264
256
248
264
232
240
264
280
248
256
248
264
256
240
248
256
240
248
232
256
232
240
240
256
256
240
240
240
240
248
224
240
240
248
256
33424
248
264
248
272
232
264
256
256
240
264
240
256
256
256
240
248
248
240
248
224
248
256
240
240
33448
248
584
240
248
232
248
264
256
240
240
272
240
256
248
240
232
256
232
240
248
232
248
248
256
240
240
256
256
248
240
240
232
248
248
256
240
33440
248
248
248
280
240
248
248
248
232
232
240
272
248
248
248
256
256
248
240
240
248
248
240
240
256
224
256
264
240
256
224
240
240
264
256
248
256
264
248
248
264
240
248
240
240
248
256
232
248
248
240
272
240
264
248
248
248
256
248
240
256
248
240
224
248
256
240
240
248
248
240
256
248
256
256
256
240
248
256
256
248
240
248
256
256
256
232
264
232
264
248
256
264
232
248
248
248
240
248
248
240
264
256
240
232
1184
216
216
208
256
224
232
208
216
240
240
216
224
216
184
216
192
184
192
200
208
192
200
200
184
216
192
200
192
200
208
200
192
200
192
200
200
192
200
200
192
216
200
192
184
184
216
192
192
184
200
208
192
192
200
224
232
224
224
216
192
192
192
200
192
192
192
192
216
200
192
192
192
216
192
200
200
192
200
192
192
192
184
216
200
192
192
184
208
200
200
200
192
33016
192
192
200
200
192
200
200
200
192
184
200
