7456
2200
2192
2208
2200
2200
2200
2192
2208
2208
2192
2192
2200
35000
2192
2200
2192
2200
2192
2200
2192
2192
2200
2200
2192
2232
2192
2192
2208
2192
2208
2192
2200
2192
2192
2192
2208
2208
2200
2200
2192
2200
2192
2208
2200
2200
2192
2200
2200
2208
34992
2200
2192
2192
2192
2208
2200
2224
2304
2264
2200
2208
2208
2192
2192
2192
2200
2200
2200
35000
2192
2200
2200
2192
2192
2200
2192
2200
2200
2200
2208
2200
2192
2192
2200
2192
2192
2192
3584
2192
2192
2200
2200
2192
2208
2200
2192
2192
2200
35000
2192
2192
2192
2200
2200
2304
2240
2328
2456
2248
2232
2248
2256
2296
2448
2288
2344
2488
2272
2480
2336
2528
2256
2344
2280
2528
2304
35600
2256
2256
2256
2280
2248
2288
2264
2264
2232
2264
2248
2248
2304
2248
2240
2304
2272
2296
2296
2272
2288
2312
2280
2288
2296
35576
2408
2488
2440
2264
2296
2200
2208
2200
2216
2192
2200
2208
2216
34992
2200
2216
2200
2216
2192
2200
2216
2216
2192
2200
2216
2216
3576
2240
2264
2256
2200
2200
2200
2208
2208
35000
2200
2192
2192
2192
2192
2200
2200
2200
2200
2192
2192
2200
2200
2200
2200
2192
2200
2192
2200
2192
35000
2200
2192
2200
2200
2192
2200
2192
2192
2208
2200
2200
2200
2192
2200
2192
2192
2192
2200
2200
2200
35000
2192
2192
2200
2200
2208
2200
2200
2200
2192
2200
2200
2192
2192
2200
2200
2192
35008
2200
2192
2192
2200
2200
2192
2200
2200
2192
2192
2200
2208
2200
2192
2200
2200
35008
2192
2200
2200
2192
2200
2200
2192
2200
2192
2200
2200
2200
2200
2200
2192
2200
2192
2200
2192
2192
35000
2192
2192
2192
2192
2200
2200
2200
2200
2192
2200
2192
2192
2200
2200
2200
2200
34984
2200
2200
2200
2200
2272
2216
2272
2256
2200
34992
2200
2200
2200
2200
2192
2192
2192
2200
2192
2200
2200
2192
2200
2192
2200
2192
2200
2200
2192
2192
34984
2200
2200
2200
2200
2200
2200
2192
2200
2192
2200
2208
2192
2200
2200
2192
2192
34992
2192
2200
2192
2192
2200
2200
2200
2200
2192
2200
2208
2192
2200
2192
2192
2200
2208
2192
2200
2192
2200
2200
2200
2192
2192
2200
2200
2200
2192
2208
2192
2192
2200
2192
2216
2208
2216
2200
2200
2208
2208
35000
2216
2208
2216
2208
2200
2200
2200
2216
2200
2200
2200
2208
2200
2208
2208
2216
2200
2216
2208
2216
35008
2200
2216
2208
2216
2192
2208
2200
2208
2192
2216
2208
2216
2192
2200
2200
2216
2192
2208
2200
2208
2288
2216
2216
2216
2232
2272
2248
2256
2224
2248
2288
2664
2216
2256
2224
2240
2232
2240
2640
2280
2272
2200
2312
2312
2352
2352
2296
2752
2256
2424
2320
2336
2248
2312
2272
2272
2224
2224
2224
2256
2288
2232
2264
2528
35408
2264
2256
2264
2224
2224
2256
2216
2216
2248
2256
2256
2216
2280
2224
2256
2360
2320
2224
2224
2272
2248
2232
2208
2240
2248
2240
2288
2216
2264
2232
2224
2272
2240
2272
2256
2264
2216
2248
2296
2384
2336
2240
2224
2240
2256
2232
2240
2232
2264
2256
2360
2312
2232
2288
2392
2296
2248
2272
2224
2288
2240
2216
2256
2280
2216
35416
2272
2264
35344
2232
2232
2296
2240
2240
2272
2232
2232
2320
2240
2232
2224
2224
2240
2696
2304
2280
2232
2232
2248
2248
2248
2248
2216
2240
2264
2232
2232
2216
2264
2256
3224
2208
2192
2192
2200
2192
2192
2192
2472
35264
2256
2264
2264
2240
2200
2272
2200
2216
35264
2280
2616
2296
2200
2200
2280
2240
2264
2208
2192
2216
35000
2208
2208
2208
2216
2256
2256
2256
3200
2192
2192
2256
3224
2264
3208
2216
35272
2240
2272
2280
2264
2192
2192
2224
2256
35232
2240
2248
2256
2272
2264
2312
2224
2272
2216
2336
2200
2200
2200
2216
2200
2200
2208
2208
2192
2208
2208
2208
2200
2216
2208
2200
34992
2208
2208
2208
2208
2200
2208
2216
2208
2200
2192
2216
2208
2200
2216
2216
2208
2200
2456
2248
2264
2224
2264
2312
2304
2288
2232
2256
2200
2248
3216
2208
2240
2328
2224
2264
2240
2256
2240
2224
2232
2240
2232
2624
2240
2248
2232
2248
35128
2288
2232
2240
2264
2240
2280
2216
35152
2224
2264
2280
2648
2240
2296
2304
2312
2248
2288
35216
2264
2232
2232
2272
2256
2368
2264
2288
2224
2272
2240
2232
2312
2648
2248
2288
2240
2224
35168
2224
2216
2256
2216
2248
2272
2248
2240
2296
2240
2280
2312
2264
2232
2224
2256
2232
2248
2224
2240
2232
2320
2232
2224
2416
2552
2312
2264
2304
2328
2320
35152
2248
2240
2248
2232
2272
2240
2256
2248
2560
2288
2312
2336
2304
2264
2240
2256
2240
2256
2248
2264
2248
2280
2240
2216
2240
2272
2224
2248
2328
2264
2232
35200
2416
2264
2216
2272
2256
2232
2224
2216
2232
2256
35136
2312
2352
2232
2256
2208
2240
2248
35160
2280
2384
2248
2264
2224
2224
2240
2248
2240
2416
2240
2232
35152
2280
35168
2232
2224
2296
2232
2280
2248
2288
2240
2224
2256
2232
2224
2248
2280
2256
2240
2248
2288
2328
2256
2264
2272
2232
2240
2248
2256
2216
2272
2264
2320
2408
2224
2288
2248
2256
2248
2216
2232
2280
2648
2296
2320
2400
2256
2240
2312
2256
2288
2728
2256
2240
2288
2248
2312
2232
2232
2240
2256
2312
2224
2224
2256
2264
2248
35168
2256
2216
2288
2232
2248
2248
2232
35136
2240
2256
2248
2304
2240
2272
2256
2248
2288
2272
2648
2256
2544
2304
2288
2264
2312
2368
2256
2240
2264
2256
2224
2232
2240
2256
2232
2576
2288
2448
2280
35184
2256
2232
2240
2248
2240
2256
2232
2216
2224
2248
2256
2216
2216
2256
2480
2304
2288
2224
2272
2256
2224
2256
2288
2232
2280
2240
2376
2232
2224
2224
2336
2352
2224
2384
2440
2248
2248
2240
2256
2256
2232
2248
2232
2224
2240
2240
2232
2248
