418504
377104
370784
371840
397896
416600
411960
378024
402816
375664
375936
400288
367064
367600
400528
473840
368224
400664
368416
401160
367752
367992
400480
367984
405664
369296
401008
368216
368256
406480
368824
400584
368624
399600
381424
400128
368248
401944
368456
402992
362160
362144
394912
394944
362192
362160
362168
394952
362136
394952
362160
425400
362160
362064
369296
362160
394952
395144
362168
370888
362104
394952
394952
362152
362152
362152
362160
394960
394952
362136
368304
362160
394936
362112
362160
368352
395216
395672
362792
362688
395240
371112
402296
372864
371272
419642
362400
402424
398368
436592
405688
397120
366728
362072
394952
409624
394960
362160
362072
362152
362152
402040
394944
362176
427360
395208
362184
369512
363328
362544
362152
394952
394960
362120
373304
362152
362048
362152
394968
362184
368160
362160
362128
394952
394880
362096
453663
371256
362160
394944
394976
362168
367104
362160
394960
394952
362168
362160
362168
400152
394936
394952
362144
362152
362152
401504
394936
362096
362160
362152
362152
400200
396144
394976
362144
362168
362168
394952
401728
394960
362160
362160
362096
394952
402080
362176
362168
362160
362096
362048
362152
364288
362120
394960
394912
362168
362152
379152
368992
362480
362152
362152
394944
399920
362176
362160
362152
362152
394952
362160
365664
364080
362152
362152
394872
394968
369520
362152
362152
362160
394968
394968
387303
406640
406664
373864
373496
373928
410064
407048
405696
407016
406488
373696
376792
406712
406792
406984
405744
406896
466016
406776
406408
406664
406992
373568
393418
362208
362160
362160
394864
362168
362168
365144
362120
362152
394952
394960
362176
375776
362160
362144
362152
394952
394952
369960
362160
362152
362160
394952
394952
362168
370584
362152
362144
394944
394960
362176
369744
362304
362152
394936
394976
362168
367224
363192
362152
362152
394960
362176
362160
375984
362152
362152
394944
394952
400288
403856
362128
362168
362152
362056
394960
362168
363952
362176
362152
362152
394952
394968
403672
362160
362152
362776
371320
374032
420936
412976
379672
416168
406056
397272
407688
394912
362184
362152
362160
362160
407856
365536
362128
362160
394936
362168
362160
418760
362200
362064
362152
394968
394960
368592
362064
362160
362176
394960
394960
368824
364016
362176
362072
362152
394952
362176
371072
362160
362160
362152
394960
362168
370944
362064
362152
362160
394952
444800
490088
394952
394976
362176
362168
362152
394952
397264
394960
362160
364544
362176
362056
403024
394960
394976
362160
368632
364200
375264
362152
362160
394944
394856
362168
362160
426223
362224
394952
394968
362168
362160
372960
362160
362160
394848
395040
362160
367144
362160
362048
394952
362168
362128
362160
362056
394944
394960
362176
362152
362152
402688
394944
394952
362168
362160
362160
401152
362160
394952
362168
362160
362064
362152
408256
394888
394968
362152
362160
362176
399832
394920
362176
362152
362144
362160
396336
395328
362144
362152
362160
394928
394960
425569
362176
362160
394952
362168
362168
380032
365544
362152
362152
362152
394952
362088
362152
362168
362160
362152
394840
394976
370280
362160
362152
362152
394952
362160
368936
362152
362152
394952
394960
362160
362160
370624
362160
362160
394944
362160
362128
370080
362152
362176
394952
362160
362152
368760
362144
394944
394936
362144
362160
362152
375760
362152
394936
423400
362152
394960
406128
403752
405072
369272
362168
394944
408600
394968
362168
362160
362152
394968
394944
408864
394968
362160
362160
362160
394944
415968
394944
394960
362064
362160
362168
401360
394936
362368
362144
394952
394944
402296
362088
362152
362152
394952
394984
402080
363408
362096
362152
362160
394960
394976
404920
362096
362160
362160
394952
394872
406296
362168
362160
362168
362152
394960
362176
362160
362160
362160
364536
394952
394896
405184
362136
362160
362176
394952
394952
405840
395136
362168
362160
362160
394936
394976
370824
362168
362160
362160
394944
394960
369936
362152
362160
362168
394960
362176
362176
365904
362192
362144
394960
394952
362176
370296
362160
362152
394952
394952
362176
370976
362120
362072
362160
394880
362176
362088
373440
362112
362152
394952
394952
362176
418720
362168
362160
362152
362160
394952
403080
362168
362152
362160
394968
394896
362168
372192
362152
362160
394936
394944
362168
411144
362160
362144
362176
394928
394976
362136
405088
362168
362160
362152
394960
394960
406088
362168
362160
362152
362152
394944
405368
362168
362160
362152
362152
394944
362056
369888
362152
362152
362168
394952
394904
369856
362160
362160
362160
394936
394968
368232
362152
362152
362152
394960
394968
362176
433176
394944
362120
362152
362160
362168
434120
362152
362160
362152
394976
362176
371440
363320
362160
362160
394872
394968
362160
431640
394944
362168
362168
362152
362160
419192
379760
408440
408456
408016
374880
430096
408072
407360
374704
374784
407944
419152
408408
375208
374672
374568
407936
413840
407416
374856
374768
375296
408096
420728
375208
374928
374392
407872
407680
414592
374560
374864
375112
408304
407728
485560
408120
407920
407800
375032
375072
375120
374936
503888
408064
374872
380952
408072
408528
407720
408240
374952
430360
408320
408296
374960
374864
374816
417168
408000
407872
374256
374592
374968
418712
407408
408096
374808
374904
374360
428176
375232
375160
374544
408272
408136
575628
368040
362152
362160
362152
394944
420064
362176
394952
362168
362160
362160
372280
362160
394952
394968
362160
362152
365896
362160
362160
394920
394968
362176
362160
375120
362160
362152
394976
362192
362160
369264
362168
394952
394968
362176
362168
362168
404640
394960
394968
362160
362152
362152
402800
395104
362176
362152
362144
394952
428430
405488
362064
362152
362152
362152
394936
406168
394960
362184
362160
362152
394952
406960
406568
362160
394952
362168
362136
376248
362160
362160
362056
394952
362160
362088
376872
362152
362152
394896
394944
362176
369024
362152
362112
394944
394944
362176
414606
394984
394968
362160
362088
362160
394960
416648
394952
394960
362168
362160
362152
426632
406752
362336
362096
362088
362168
403784
362160
394952
394960
362168
362152
362112
422360
362160
362152
394920
394976
362176
385200
362160
362168
362152
394952
394960
428016
394960
394976
362056
362168
362152
430984
367872
362184
362160
362048
394952
394928
446000
362152
362152
394952
394928
362176
443304
362144
394944
362192
362184
362160
430320
362160
362056
362160
362160
394896
362168
400408
362160
362168
362160
394960
394960
414888
394960
362176
362160
362152
394976
411680
394944
362168
362152
362152
362152
394856
428760
362168
394960
394976
362184
362160
433256
362176
362168
362160
362160
394952
439856
362160
362048
394952
394960
362160
433032
394968
394960
362168
362168
362152
362152
432392
362232
362152
394944
394952
362168
490320
362152
362160
362152
394960
394960
496048
394896
362168
497912
394960
362088
441608
394960
394968
362184
362040
362112
500552
362160
394944
394976
362168
362160
465448
362056
