75144
56552
23744
56608
56368
23328
23448
23784
26240
23264
23280
23128
56832
23760
24072
56264
56528
56760
91688
57160
56496
56576
24248
23456
23392
23592
23616
23768
56512
56112
56776
56368
96080
23072
55584
22728
55512
22720
55512
22720
55528
22728
22736
55512
22720
55520
22736
55528
22720
55560
22728
22744
63560
23920
56456
23976
23168
24016
23824
56712
56760
56888
23800
24032
23928
24000
56768
56696
56792
24024
56672
56680
56720
23864
23968
23968
56808
56832
56864
23904
23856
23896
56888
56896
56728
56976
56968
56728
56904
23912
24008
23976
24064
56840
56768
56776
23824
23856
23984
56888
56976
23928
56792
56824
56864
57176
56816
56680
56712
23712
24056
23848
56832
56568
56640
23600
23920
23816
23952
56768
56648
56504
23832
23952
23976
56864
56648
86192
23856
56776
56784
56536
23584
23944
23856
23840
56824
56704
56712
23776
24000
23936
56720
56736
56536
23624
23928
23944
23936
56912
56672
56600
23704
23904
23768
56776
56576
56600
23680
23752
23952
23824
56752
76920
56800
56696
56528
23512
23800
23800
23864
56736
56504
56616
23640
23872
23760
23856
56672
56600
56408
23680
23888
23848
23776
56632
56576
56440
23808
23800
23896
56784
56696
56624
23592
23960
23776
23880
56704
85984
23968
23840
56720
56592
56400
23584
23664
23880
23880
56536
56544
56440
23808
23792
23768
56824
56616
56496
23472
23848
23680
23760
56536
56448
23600
23800
23920
23816
56688
56488
56408
23736
23736
23736
56736
77688
23840
56648
56552
56624
23592
23840
23808
23880
56776
56656
56568
23752
23840
23776
56656
56680
56456
23848
56840
56440
56600
23936
23752
23720
56768
56536
56536
23648
23832
23800
23960
56696
56656
56632
23648
56736
56480
23880
24264
23784
56784
56496
56520
23656
23760
23832
23776
56576
56480
23648
23856
23648
23704
56672
56592
56400
23808
23888
23856
56736
56600
56536
23704
23736
24328
56792
56536
56560
23768
23920
23832
24016
24248
23936
23904
56872
56704
56648
23752
23840
24000
23904
56632
56696
56656
23752
23792
23880
56856
56576
56560
23560
23808
23800
23720
56624
56576
56648
23688
24024
24192
56888
56600
56720
23608
56784
56536
23664
23952
23840
23728
56744
56504
23624
24000
24312
23840
56896
56544
23952
24000
23768
23808
56720
56624
56592
24224
23920
23808
24184
56872
56552
57024
23848
24248
23872
23784
56632
56696
23592
376522
24080
22984
22968
23112
56112
55888
22912
23080
23128
56184
55984
23320
23040
23400
23152
56440
55872
22768
23104
23352
56112
56440
22784
23192
24024
56144
55992
55864
23144
29648
22960
56208
55896
22672
23200
22976
56152
56072
56336
22808
23368
56088
56008
56152
22784
23400
23016
56448
56016
22752
23040
23352
56024
56024
22744
22968
23472
56040
55912
56656
22920
23896
23008
56184
56040
56600
23304
23088
23048
56352
56616
55992
22784
23104
22976
23064
56256
56216
142248
24280
23080
23528
23584
56464
56584
56136
23688
23144
23056
56880
56104
56008
22952
22984
22960
23936
56176
56032
56352
55936
22960
22992
57120
23016
23224
23240
23248
23200
56304
56168
56352
23096
23080
23384
24048
56360
56000
55840
23712
23544
23256
56328
55800
56400
23416
23560
23168
56312
56104
22912
23240
23256
56296
56080
22584
23352
44664
23256
24968
23784
55944
55792
22592
23632
23104
55936
56040
56040
23456
23144
56240
55872
56120
22696
23152
22800
55816
55784
23040
23176
55944
56184
55712
23144
23232
55944
55848
57872
23376
22888
23232
56392
56160
22984
23584
23144
22760
56224
55784
22968
23264
23656
58768
56256
56160
56152
23088
23672
23448
56240
56328
55944
22768
23000
23368
56288
55976
57000
22952
23560
22920
56928
56176
57160
57824
23368
22984
23032
25280
56632
55768
22728
23120
23168
55952
55792
56160
22840
22888
27576
23360
56048
55976
55632
23208
23424
22936
55760
56080
58080
25416
22880
23800
24248
55920
57344
57176
56520
57728
58792
57544
57600
25312
23320
25064
56400
55960
55856
25992
24072
23848
23096
55728
55768
22736
23144
23424
55920
55992
55792
22848
23848
24248
56448
55600
55720
23344
23480
22992
56112
55544
22848
23360
23688
24048
58536
65424
55960
56752
56384
23128
23232
24192
24032
56288
57744
57464
55784
23008
23136
23456
55936
55776
55688
23328
23072
23120
56848
56440
55712
55528
22896
22984
55936
55720
55616
22832
23336
22952
55736
56040
22856
23024
89186
56256
55600
55816
23376
23240
23096
56184
55696
56072
22816
23032
23024
56184
55968
55728
56624
23672
23616
23440
56160
56072
56424
55752
23736
23472
23344
23104
56528
56280
55896
23368
23344
23184
23088
162312
23704
23632
23664
56200
56520
56224
23128
23440
24088
23152
55944
55568
22520
23352
57512
56552
56120
57136
23608
24040
22720
56376
56136
57736
22992
23112
23448
23312
55808
56256
55672
23936
23520
23440
23592
55568
55240
22512
22720
55368
22360
22704
55440
55080
22640
55872
56560
56328
23200
23568
23080
23064
55992
55904
56032
22792
24056
23160
23208
56032
56264
56600
24056
24512
22672
22688
55272
22432
22720
55448
22296
22696
55520
56648
22720
22720
55496
55160
22592
55512
55240
22512
22728
55376
22360
22696
55520
55160
22576
22712
55408
22416
22720
55440
22296
22696
55520
55160
22584
22720
55312
22432
22696
55448
55080
22640
55512
55224
22504
22720
55352
22368
22728
55448
55072
22648
55512
57392
55520
22424
22720
55448
22288
22720
55520
55136
22584
22688
55296
22424
22728
55440
22280
22728
55504
55224
22496
22720
55320
22416
22720
55440
22288
22728
55512
55216
22512
22720
55368
22360
22720
55440
55080
22640
55512
55224
22512
22712
55376
22352
26656
22696
55312
22440
22720
55424
22288
22728
55520
55168
22592
22720
55296
22408
22720
55376
22352
22688
55520
55120
22560
22720
55296
22416
22736
55368
22360
22704
55488
55160
22560
55512
55232
22496
22712
55376
22360
22696
55512
55120
22584
55512
55232
22504
34064
87146
56736
56976
23200
23360
23256
23288
56096
56496
56280
22720
22720
55384
22368
22680
55472
55128
22576
55504
55232
22528
22720
55368
22376
22696
55416
55096
22800
55504
55224
22496
22720
55376
22368
22696
55520
55128
22584
61880
22784
55424
22336
22696
55408
55096
22632
55512
55216
22800
22712
55360
22376
22704
55512
55128
22592
22688
55304
22424
22720
55416
22704
24824
23768
23808
57096
57712
22656
22912
