1200
336
160
512
168
168
168
160
160
168
176
176
168
168
160
168
176
160
168
208
168
160
160
160
160
168
160
160
160
168
168
160
160
168
160
168
168
160
160
176
168
344
336
328
160
328
184
160
168
160
168
168
160
160
160
168
160
152
160
152
160
168
152
160
160
160
160
160
160
168
160
160
160
160
152
168
152
144
152
152
160
144
168
168
160
152
160
160
168
152
152
160
160
160
168
168
168
168
168
160
160
160
152
160
144
168
160
168
160
152
160
256
200
160
168
168
160
176
160
160
168
152
152
168
152
168
160
168
160
168
160
160
168
168
152
160
168
168
168
160
160
152
168
160
216
168
168
160
336
160
136
112
144
112
128
120
128
112
128
120
128
112
128
120
120
120
120
120
128
120
128
128
120
112
128
120
120
120
120
120
128
112
128
120
112
112
152
112
128
120
120
128
120
112
112
128
128
112
128
120
112
128
112
128
120
112
120
112
120
112
120
120
120
120
120
128
120
136
112
128
128
120
128
120
128
128
112
120
128
120
128
120
120
120
120
120
128
120
128
120
120
120
120
112
128
112
120
112
112
128
120
112
128
128
112
112
120
120
120
112
128
120
128
120
120
128
176
128
152
136
128
144
112
112
128
128
128
128
112
112
112
120
120
128
128
128
120
120
128
128
128
120
112
128
112
128
120
128
112
128
128
128
112
120
112
112
120
128
112
120
104
120
120
120
128
128
120
120
120
112
112
128
120
128
128
128
128
120
128
112
128
120
120
128
120
128
128
120
128
112
120
128
112
120
128
128
104
128
120
128
128
112
120
128
128
128
128
120
120
128
120
128
120
128
112
128
112
112
112
128
120
128
120
112
136
128
128
120
112
128
128
120
120
120
120
128
112
128
112
120
120
128
128
128
112
112
128
120
128
128
112
120
120
120
120
120
112
112
120
128
128
128
128
120
128
120
120
112
128
120
120
120
128
120
128
112
120
120
120
112
120
120
120
112
120
120
120
128
128
128
128
112
128
120
120
112
120
128
128
120
104
128
112
120
120
128
128
120
120
120
128
120
120
112
128
112
112
120
128
128
120
120
128
112
112
128
112
120
128
112
120
120
120
120
120
120
128
128
120
128
120
128
128
120
120
120
128
112
120
128
128
120
112
128
128
120
120
120
112
112
128
112
120
128
128
112
128
120
120
112
128
112
112
112
120
120
112
120
112
120
120
128
112
128
120
112
128
120
120
112
120
128
112
120
120
120
128
120
128
128
128
128
120
128
120
120
120
120
120
120
112
128
120
128
120
128
120
120
112
120
120
120
128
120
120
160
112
112
104
128
120
128
112
112
120
120
120
128
120
120
112
128
120
120
120
120
112
128
120
120
128
120
128
112
128
112
120
128
128
120
120
128
120
120
128
120
112
120
120
120
120
128
128
120
128
120
120
120
120
112
128
120
128
120
120
120
120
128
128
112
120
112
128
120
128
120
112
128
128
112
128
120
128
120
120
128
128
128
128
128
120
128
128
120
120
120
128
120
128
128
128
128
128
128
128
120
120
120
128
128
128
128
128
120
128
120
120
120
120
128
120
128
128
128
128
120
128
120
112
128
120
128
128
128
120
128
120
112
112
128
120
128
128
128
120
128
128
128
128
120
104
120
120
128
112
152
128
136
128
120
128
128
120
128
120
120
112
120
112
128
112
128
112
128
128
120
120
120
120
120
120
120
128
120
120
128
128
128
128
128
120
120
120
128
128
120
120
120
128
120
128
120
120
112
128
128
120
120
112
120
128
112
120
128
112
112
120
128
128
128
112
120
120
120
128
112
112
128
128
128
120
112
120
112
120
112
128
120
120
128
128
128
120
120
128
112
120
120
128
120
264
144
136
128
128
120
120
120
120
128
128
104
120
120
112
120
112
128
128
128
112
128
112
128
120
112
112
112
120
120
120
112
120
128
128
128
112
128
112
128
112
104
120
112
112
112
120
112
120
160
120
120
112
112
128
128
120
128
120
112
128
128
120
120
120
120
120
120
128
128
120
128
120
120
120
128
120
120
120
120
120
128
120
112
128
112
120
112
120
120
120
120
128
120
120
120
120
120
112
128
112
120
120
112
120
128
128
128
112
112
128
120
120
128
120
112
120
120
136
128
128
120
112
120
120
128
128
128
120
120
128
120
112
128
128
128
120
120
120
128
120
120
128
112
120
120
128
128
128
136
144
120
120
128
128
112
128
120
120
112
128
120
120
128
120
120
120
112
128
112
112
120
112
120
112
128
120
120
128
128
