26800
54280
49752
16136
17104
50200
16224
16384
49192
16064
57384
56376
56392
17432
48712
16240
17432
49096
16304
16464
48960
16136
16272
48856
16240
16112
16136
48720
15912
15920
178575
76256
54304
15656
48488
16104
16120
48960
15912
15880
15928
48808
16056
16152
48832
15992
16632
48688
16784
17128
48808
17312
17040
48624
16016
16192
48832
16032
15952
48816
16200
16208
49136
16064
16136
48936
48808
16056
16088
48864
15952
16776
48840
16888
16648
131105
77472
21680
16592
48584
16672
16016
49312
16136
15920
48688
16008
16008
48752
16360
16576
16208
50096
16280
16312
20448
49504
17288
16128
49064
16384
16280
48952
16208
53688
14504
15056
47432
14792
48160
14656
14976
14512
14936
14392
14936
47344
15000
48496
14800
15008
14456
15048
47232
14816
135728
77600
70536
104600
47512
14736
47576
14728
14984
14544
14968
14456
14968
47376
14800
47608
14728
47800
14432
14952
14424
15096
47296
14832
47520
15552
15376
14520
14960
14408
15296
47368
14720
47560
14528
15024
14536
14976
14448
14992
47800
15376
47808
14568
15160
14544
119320
16504
47360
15056
48640
14664
47736
14960
15072
14608
15320
47720
14624
15120
14496
14984
14408
14896
47864
14776
47616
14816
15664
15056
15560
47272
14872
47552
15144
47728
14472
14992
14424
15048
47312
14792
47616
14688
47776
14504
14944
14832
15080
47312
14792
47648
14888
18904
47840
102021
22848
19688
20768
21032
53672
53096
20936
20088
19880
51952
19768
21816
20720
52448
52904
14936
47680
14400
14984
14560
14912
14368
15184
47448
14672
47704
14432
14976
14560
14960
14408
14968
47408
14720
47640
14472
15056
14480
14968
14408
14928
47320
14720
47600
14608
81992
23512
15264
47288
14848
47488
15016
47864
14496
14920
14432
15072
47320
14768
47504
14616
47776
14496
14928
14384
14960
47184
14880
47440
14688
47600
14416
14960
14408
14952
14392
14968
47328
14744
47632
14584
47784
14416
14928
14536
15016
47296
14776
47600
14576
47784
14496
14920
14384
14936
47208
14816
47424
14608
26320
21144
49328
14568
14952
14408
14952
47280
14784
47568
14704
47816
14512
14984
14400
15000
47328
14952
47528
14648
47760
14480
14984
14392
15168
47336
14824
47424
14744
47736
14496
15000
14576
14976
14416
14952
47376
14760
47640
14472
15048
14480
15000
14400
19888
54720
18992
54960
21528
21368
20848
20336
14848
14968
47400
14816
47600
14600
15088
14568
14992
14480
15000
47344
14816
47688
14640
17160
47416
14960
47464
14792
47712
14552
15000
14552
15072
14416
14928
47496
14712
47736
14480
14984
14600
15008
47248
14968
47424
14720
47608
14400
14960
14376
14928
14368
14888
47216
87208
61064
51832
20656
20504
96648
52704
19032
19384
17952
50776
20200
20776
20152
52504
51768
20152
20336
51768
50632
18936
21344
15928
14648
15056
47448
14864
47688
14640
15128
14592
15064
14496
15032
47432
14832
47784
14664
47744
14600
15048
14496
15072
47440
14768
85920
25760
15744
47440
14824
47664
14504
15104
14512
15000
14424
14960
47344
14760
47608
14624
47800
14440
14968
14424
14960
47288
14776
47576
14720
47808
14536
14976
14640
15112
47360
14832
47584
14688
47840
14544
15008
14448
15008
47288
14904
47528
14680
47792
14520
15080
14496
14984
47200
14944
47480
14768
47672
14896
22728
20712
47744
14848
47600
14632
47816
14360
14952
14448
14936
47304
14808
47552
14712
47768
14488
14944
14424
14976
47256
14840
47464
14640
47608
14448
15000
14456
14944
14456
14968
47312
14784
47624
14704
47776
14440
15136
14512
15168
47472
14584
47688
14432
14944
14464
14896
14328
14920
47272
14696
47592
14512
128792
53416
18032
15064
14392
14880
47224
14728
47496
14656
47752
14464
14936
14360
14912
52240
47576
14656
47728
14456
14960
14496
14904
14384
14936
47360
14704
47624
14568
47808
14440
14936
14384
14936
47248
14752
47488
14640
47728
14496
15008
14440
14944
14360
14904
47344
14712
90272
22360
15952
15064
14416
14976
14432
14976
47416
14744
47648
14560
47840
14496
15000
14424
14960
47304
14800
47584
14712
47832
14576
14984
14448
15008
47280
14880
47488
14736
47664
14472
15040
14600
14968
14432
14984
47408
14768
47680
14576
47768
14488
14984
14440
14960
47280
14800
47592
14688
47832
14576
14984
17288
77520
77048
73608
20808
14960
47240
14888
47496
14672
47800
14480
14984
14360
14952
47272
14808
47536
14664
47856
14464
14944
14432
14944
47320
14720
47672
14848
15448
14472
14944
14416
14936
47376
14760
47592
14456
15152
14384
14944
14376
15216
47544
14840
47664
14456
14936
14416
14904
14416
14920
54296
14960
14952
14416
14960
47232
14832
47408
14664
47696
14408
14896
14344
14896
14360
14920
47352
14688
47552
14480
47648
14448
15080
14384
15016
47576
14648
47568
14392
14928
14368
14904
14376
14928
47328
14664
47552
14456
47656
14392
14912
14368
14904
47200
14720
47512
14632
47760
14488
14936
14368
14912
47216
14864
77216
15384
14448
15112
14416
14920
47376
14728
47592
14504
47696
14440
14944
14416
14944
47256
14760
47528
14624
47768
14504
14952
14392
14944
47216
14840
47416
14672
47600
14408
15000
14392
14952
14440
15024
47280
14720
47632
14536
47744
14392
14920
14376
14928
47224
14808
47432
14656
47616
14400
14992
14400
14944
14400
14936
52592
14632
47856
14400
15304
14376
14920
47416
15184
47608
14640
47824
14448
14984
14424
14960
47600
15520
47568
14632
47768
14528
14936
14376
14976
14400
14944
47376
14728
47632
14424
15008
14464
14952
14368
14904
47224
14736
47504
14624
47784
14480
14976
14456
14976
47200
14904
47432
14672
47776
14416
14944
14376
14944
14384
14904
49616
14760
47648
14448
15024
14480
14968
14408
14920
47272
14768
47592
14664
47792
14544
14984
14424
14976
47224
14848
47440
14696
47720
14448
14968
14432
14960
14424
14960
47384
14744
47656
14600
47832
14456
14984
14416
14960
47256
14784
47512
14664
47752
14536
15000
14520
15008
117872
14888
47696
14800
47768
74712
15168
14920
47352
14776
47576
14504
47672
14528
14944
14448
14928
47296
14808
47544
14760
461872
14976
15000
14448
15064
48008
14792
47728
14488
14976
14416
14960
14432
14968
47360
14720
47584
14504
47704
14696
17936
54592
21976
16080
81712
15168
14952
14416
15080
47264
14848
47424
15016
47792
14616
15032
14448
15032
47696
14904
47680
14680
47808
14584
15240
14456
