11344
2264
1664
34248
1528
1536
1584
1520
1584
1640
1456
1528
1456
1928
1480
1464
1456
34264
1432
1464
1456
1432
1464
1472
1472
1448
1448
1472
1480
1464
34232
1472
1472
1616
1480
1456
1520
1472
1480
1480
1480
1488
1472
1472
1496
1480
1904
1472
1496
1472
1448
1488
1472
1448
1432
1608
1440
1440
1448
1448
1448
1448
1472
1480
1472
1480
1480
1440
1456
1440
1440
1472
1472
1488
34192
1464
1472
1472
1416
35960
1616
1512
1480
1480
1456
1552
1464
34256
1496
1448
1480
1464
1480
1440
1456
1488
1464
1456
1552
1864
1648
1488
1592
1560
1480
2288
1600
34264
1560
1464
1584
1512
1568
1496
1504
1496
1560
1576
1520
1576
1544
2112
1184
1064
1024
1032
1080
1064
1040
1032
33808
984
968
968
992
1000
992
992
1000
1000
1032
1048
1040
1024
1048
1064
1032
1032
1032
1664
1080
1048
1048
1024
1088
1056
1048
1032
1032
1056
1032
1032
1064
1032
1040
1056
1040
1032
1064
1032
1016
1032
33808
992
1016
992
1000
1016
1008
1000
1024
1144
1048
1080
1064
1048
1048
1048
1048
1056
1048
1056
1048
1048
1048
1048
1048
1048
1048
1048
1048
1072
1064
1056
1048
1024
1072
1064
1048
1048
1048
1048
1064
1064
1008
1000
1024
1024
1024
1024
1024
1024
1032
1016
1024
1024
1024
1104
1016
1016
1000
1024
1024
1024
1024
1024
1016
1016
1024
1024
1024
1016
1008
1008
1000
33792
968
968
968
968
992
1000
992
1008
1008
992
992
1008
1008
1104
1080
1056
1056
1056
1056
1056
1056
1056
1056
1040
1040
1040
1056
1056
1080
1080
1056
1056
1064
1080
1080
1056
1056
1072
1072
1048
1048
1392
1144
1000
1024
1032
1024
992
992
1000
1016
1024
992
976
1056
1024
1000
33776
984
1008
1008
992
1008
1008
1008
1000
1016
1016
1024
1032
1016
1032
1024
1000
1008
1000
1016
1008
1016
1016
1008
1008
1016
1008
1016
1016
1008
1008
1016
1000
1032
1008
1024
1024
1016
1016
1000
1008
1008
1016
1040
1040
1040
1040
1064
1064
1064
1032
1048
1048
1048
1048
1048
1040
1040
1040
1040
1040
1016
1008
1008
1112
1064
1032
1024
1032
1016
1008
1000
1016
1008
1000
1024
1032
1032
1032
1040
1040
1032
1032
1056
1048
1032
1032
1040
1056
1032
1016
1032
1008
1008
1000
1040
1040
1048
1048
1048
1056
1048
1040
1040
1048
1048
1048
1024
1056
1056
33840
2304
1120
1040
1072
1064
1064
1064
1080
992
968
968
968
952
968
976
992
1008
984
992
984
976
1032
1016
1000
1000
1000
984
984
992
984
992
992
992
1000
992
1008
1032
1032
1024
1032
1008
1000
1008
1008
1016
1000
1032
1056
1016
1032
1032
1024
1032
1024
1040
1040
1032
33816
1032
1048
1032
1016
1016
1000
1008
1016
1008
1008
1016
1008
1016
1008
1016
1016
1016
1016
1032
1016
1016
1000
33784
992
992
992
992
1000
1000
1016
1008
1008
1016
1032
1032
1016
1056
1056
1040
1032
1032
1040
1040
1032
1040
1032
1040
1032
1040
1056
1056
1056
1040
1032
1040
1024
1056
1056
1040
1056
1056
1040
1032
1032
1032
1040
1056
1040
33784
1008
1016
1024
1024
1032
1032
1032
1032
1712
1152
1088
984
1000
984
968
1016
1032
1040
1016
1048
1032
1024
1032
1040
1032
1032
1024
1040
1032
1008
1016
1016
1016
1024
1024
1016
1024
1024
1032
1048
1056
1040
1056
1056
1032
1032
1032
1032
1032
1056
1064
1032
1040
1032
1032
1040
1040
1032
1032
1040
1040
1040
1056
1056
1032
1032
1032
1040
1040
1032
1040
1040
1040
1040
1032
1000
1016
1008
1000
1024
1040
1048
1016
1024
1032
1016
1024
1016
1032
1016
1008
1008
1016
1032
1032
1040
1040
1040
1032
1032
1016
1008
33792
984
984
992
984
1040
1056
1040
1040
1056
1056
1040
1040
1032
1040
1024
1024
1016
1008
1024
1024
1024
1024
1032
1024
1016
1024
1032
33816
984
984
984
984
1032
1008
1008
1048
1040
1200
1048
1824
1184
1032
1032
1040
1016
1032
35160
1160
1056
984
952
976
976
960
33776
1040
1040
1032
1032
1072
1040
1040
1040
1048
1040
1040
1040
1040
1040
1016
1048
1056
1040
1040
1040
1040
1040
1040
1048
1072
1072
1048
1056
1024
1008
1008
1000
1000
1008
1024
1016
33728
1048
1040
1024
1016
1000
1016
1008
1008
1016
1064
1048
1000
1008
984
1000
984
992
1000
1016
1016
1016
1016
1016
1008
1016
1008
1016
1016
1016
1016
1016
1528
1072
1032
1032
1032
1016
1032
1024
1024
1048
1008
1008
1000
992
1008
1008
1000
1024
1016
1024
1040
1048
1032
1032
1032
1032
1024
34376
1152
1048
1064
34032
1440
1056
1032
1472
1072
1008
1000
1008
1008
1000
1008
1000
1032
1040
1048
1016
1328
1040
1008
1008
992
1016
1016
1008
992
2232
1080
1040
1040
33992
1400
1032
1024
1040
1016
1032
1008
1040
33792
1000
1000
1000
1008
1000
1008
1000
1008
1032
1008
1032
1048
1032
1032
1080
1064
1040
1056
1040
1040
1056
1040
1040
1040
1032
1016
1040
1344
1048
1072
1040
1056
1072
1032
1032
1040
1032
1040
1048
1056
1064
1064
1040
1032
1048
1032
1040
1032
1072
33808
1016
1040
1016
1016
1056
1040
1040
1048
1040
1040
1064
1056
1040
1048
1064
1072
1064
1048
1056
1072
1048
1064
1080
1064
1064
1088
1072
1072
1088
1064
1064
1440
1112
1552
2360
1744
74336
2008
1088
1048
1008
1000
1032
1048
1056
1032
1040
1048
1048
1048
1040
1096
1040
1040
1040
984
1008
1016
992
33808
976
992
976
992
1048
1048
1048
1048
1040
1048
1048
1024
1024
1040
1040
1040
1040
1040
1040
1008
1016
1016
1008
984
992
992
1000
992
1000
992
1000
984
1016
1032
1024
1032
1040
1032
1032
1016
1024
1024
1008
1008
984
984
1040
1032
1040
1024
1056
1048
