381696
429128
368840
414544
432440
356448
334944
290192
318488
456160
287904
291024
286288
320736
316128
401416
323192
287760
287040
288216
321824
571688
349912
406536
434880
462736
427968
319192
321248
326888
424784
414744
379936
375632
414480
767064
330936
318152
321016
323736
439104
319536
288136
287328
290472
287584
390160
363016
324936
319728
320000
532464
327288
318920
321544
320568
321336
320680
318104
288184
286568
288360
290232
320456
287032
286640
285592
290192
333856
325640
318240
320760
320584
290448
341512
321704
289496
289208
287872
320968
404304
321728
320120
323288
290688
289760
350232
288784
288208
286696
289904
288112
351200
324056
318544
348080
328632
393656
872944
438704
406616
372392
409856
446376
411336
319136
348783
432352
289712
366945
439567
326984
320000
321512
331896
317320
320416
321416
318064
318792
320680
378481
387047
286880
287112
422928
324624
316320
394688
320016
319200
319664
317536
321056
322280
325584
328280
421081
538223
286464
285872
287848
336056
316040
320696
321416
319176
321280
314160
318512
571793
319440
320696
282672
318456
318344
384112
318296
321320
319704
319760
319600
319296
319080
353312
285784
288832
287832
287632
286344
281584
332496
319816
318320
315000
321584
318960
321064
317536
482664
395832
288320
284904
288696
289120
286688
345088
318016
319552
316640
317568
321184
315992
327960
294704
288128
287760
287248
283176
286736
287400
343408
316920
317720
320024
319824
319040
320056
720039
335560
664057
402256
387344
412440
366864
366496
367200
370952
370560
1584135
339912
319336
320424
465776
444712
284720
284400
283584
284896
284232
431176
318960
318432
321128
316368
320464
319400
393384
349832
319192
317120
321720
319272
282616
436408
292488
287544
287696
287288
288024
283944
287704
521473
415520
414144
370160
423568
502600
448352
367304
362352
406848
403384
384216
407944
397216
399608
619016
495512
443320
2763608
441280
372744
409272
1168832
372256
369176
418448
296480
285072
285952
283184
288248
325808
330504
489991
326056
320272
322384
320864
315664
432976
325168
317712
320448
317032
320880
322864
318616
422352
285864
286480
287232
282688
285392
288352
416912
320712
319032
317848
320864
318824
317936
2790281
630744
478664
374656
372112
765488
1119144
359176
360456
376896
406968
401856
407360
367632
7047448
505096
369536
404096
416952
2673415
420048
372936
395240
1113744
369480
423200
378712
414472
415960
479928
367552
373776
370384
406176
519656
406056
402920
334384
332536
335232
510816
385376
406800
411264
369144
365896
488904
392376
404424
373264
491288
509072
411912
406560
414936
374856
352168
583304
697994
322048
321320
345376
489904
322288
321120
328704
392912
285048
286576
354056
376896
494944
328472
374456
343640
537374
414792
405584
370968
422840
476640
358936
351272
438880
378064
408704
584064
381824
412640
415904
377392
349744
449184
375232
407680
410728
374376
794829
324832
316696
352400
351016
345376
432344
351248
286136
288576
287216
285104
284888
342280
318000
318648
318184
315648
320632
318064
316552
360552
326920
317896
316744
318544
321568
319072
516776
402944
432224
403384
395880
357752
583032
377896
406640
394632
333800
286368
347472
317848
320016
317792
315776
320848
319344
1542339
470664
433976
408504
411568
372344
366496
404120
497864
413488
412136
376936
414768
651104
389904
350736
349136
349808
344912
414784
376120
408160
413944
376504
415152
438504
700120
679723
369528
620584
366608
361712
401928
392376
403848
399528
390280
393896
356960
398344
392928
433648
399680
355432
359832
359248
351720
447568
357960
359120
363504
414672
395784
323928
295680
319216
318160
320128
438149
392192
389752
357440
356952
353880
450117
339416
287976
287728
283120
284232
286152
450245
418248
377168
405992
408160
379936
366256
355864
406712
414224
379632
411360
491312
379312
409264
408120
373624
351544
326544
317344
321024
403464
317624
319816
319400
297872
286552
283808
288904
287528
286280
285424
349072
288552
284112
287928
285760
287600
286560
286048
291392
332520
317592
320128
319528
318288
319984
329584
319976
318232
320664
317840
317760
316072
320480
413358
287376
284768
287240
285320
286200
284088
458608
357080
286832
321472
359464
408112
409160
401688
347960
287352
285656
287384
332112
397472
349048
348784
371272
287056
451520
343440
295008
285336
288360
288384
320640
285328
321680
357864
364480
364952
363544
334440
285784
289688
420472
319848
319216
321040
321824
315664
320064
357328
346232
365872
320072
284432
321584
319296
352368
289520
288920
284864
284184
284816
288080
289480
348520
344736
348936
381944
347728
361888
350520
317136
319208
320080
322032
283392
320040
317752
478176
318568
319544
320984
321768
318760
320928
341928
286288
286288
287896
287544
321072
285056
325664
321488
318200
317184
321200
320872
318336
321048
349120
288120
286968
285392
286744
284128
282464
281976
333344
320584
317752
320064
319080
322016
319888
402336
322272
321080
317256
319104
320080
321888
321032
409488
317888
317976
318360
321240
320048
320984
404440
343264
346104
351280
322544
287384
288296
350208
317424
319944
319584
317776
321168
321200
317200
494640
541752
353256
286344
287728
282560
355656
287192
342208
333168
289504
288944
348136
349840
320600
284720
287248
283560
287880
320984
339144
347544
347776
351272
346952
388832
319664
479083
356896
329600
319992
322312
319424
320816
337992
283944
287992
286616
286800
288168
285808
367112
376157
361776
403496
394208
350392
317912
320328
318112
319840
317656
318232
337360
287736
339352
319592
317480
318912
318184
320080
317496
318112
332240
320320
319952
320592
318032
316064
317448
332504
283360
288528
287408
279464
287376
287272
282144
342152
321208
314872
451488
318656
318968
338656
385144
321360
317560
318056
321856
318568
318272
317496
350440
286576
288504
285592
288288
284592
285936
332736
317920
317512
319320
320952
322000
318664
320864
382677
323000
320152
318680
319240
321048
321256
419838
288928
441960
289184
284560
284896
285632
369424
287424
284960
287568
282952
285504
288320
283816
286944
284800
288784
286728
283776
284000
288064
330424
317104
318032
321360
315520
319344
317224
321440
343712
285448
287464
284056
285440
287776
288472
291136
286032
321280
322456
318672
320216
318456
320216
344728
283640
287280
287416
284648
287728
286416
283688
334832
319800
321016
321472
316968
320816
318576
409856
288288
286016
286528
283256
288408
283752
284568
286104
285600
286344
287656
288760
286664
285808
336344
401520
375976
372912
407088
408112
374992
354416
351216
392192
402312
405888
433778
293368
285992
284464
286432
288272
284872
282680
295352
319512
320656
284432
284408
288600
286576
286912
412608
408688
320792
321400
319496
318344
346344
287408
282952
289016
286232
279728
283672
285320
358720
363368
362000
289080
286824
287736
288536
339088
317520
318552
321008
479096
321232
320280
404792
359808
366032
718752
416720
387672
405856
403752
369688
374904
399752
593672
400456
397400
404696
364640
384336
346432
288160
287112
283520
286576
350776
340312
399960
385248
317152
