2008
336
208
256
168
160
168
176
168
168
160
160
160
168
160
160
168
160
176
160
256
256
160
152
160
224
216
160
160
160
152
160
168
160
168
152
144
168
160
208
160
160
160
280
216
168
168
152
256
304
248
216
152
176
160
160
160
168
160
152
160
216
160
176
168
160
160
168
152
160
168
160
168
160
168
160
160
152
160
168
160
160
240
264
160
176
168
168
168
168
272
216
168
160
176
168
160
168
216
272
160
160
168
160
168
160
160
144
160
160
160
160
168
160
552
216
168
168
168
160
168
160
168
160
160
160
168
224
168
168
160
168
160
168
160
160
176
160
232
160
176
168
168
216
152
352
200
160
312
168
160
112
128
128
128
120
120
112
128
120
128
128
120
128
128
112
120
120
112
128
120
120
120
120
120
120
120
144
32912
112
128
120
112
112
128
128
128
120
120
120
120
120
112
112
120
112
112
120
128
120
120
120
128
128
120
112
128
112
128
112
120
112
128
128
120
112
128
120
120
112
128
128
128
128
120
112
112
120
120
120
112
128
120
128
120
128
128
120
120
120
120
120
120
120
128
120
120
128
120
120
128
120
120
120
128
128
120
120
120
128
120
120
392
168
136
120
128
120
128
120
128
112
128
112
120
112
120
112
120
112
128
112
112
104
128
120
120
128
112
128
128
128
120
120
112
112
120
120
112
128
120
160
120
120
120
128
120
128
112
120
112
112
128
120
128
128
128
128
128
120
120
120
128
128
128
128
112
112
104
120
112
120
112
120
128
128
120
112
120
120
112
128
120
112
120
120
128
120
120
128
120
128
128
120
128
128
120
112
120
128
112
120
112
144
112
112
112
128
112
128
120
120
128
112
120
120
120
128
128
120
112
128
128
128
120
120
128
120
112
128
120
112
120
120
128
120
120
128
120
112
120
120
112
128
120
128
120
128
128
120
120
128
128
112
272
200
144
128
104
128
112
120
120
128
104
176
184
176
120
112
128
120
120
128
104
104
120
112
112
128
112
128
120
128
112
120
120
128
120
128
112
128
112
128
128
128
120
128
120
128
128
112
120
120
128
120
120
128
112
112
120
128
128
128
120
120
112
120
128
120
128
112
128
120
120
112
120
112
128
104
128
120
128
128
112
128
120
120
120
128
112
120
120
128
112
128
112
120
128
120
120
112
128
120
128
128
120
128
112
128
128
112
112
120
112
128
112
120
112
128
112
128
128
128
120
112
120
128
128
120
112
128
120
128
104
128
104
128
112
144
120
120
104
128
128
128
128
120
128
112
112
128
120
120
128
152
168
216
128
120
112
112
128
128
120
120
128
112
128
128
120
128
128
120
120
112
112
112
120
128
128
120
120
112
120
112
128
112
128
120
128
128
128
128
128
120
120
120
128
120
112
112
128
112
120
120
120
128
120
128
128
120
120
120
112
120
128
112
120
112
128
112
120
120
120
128
128
112
112
128
120
128
120
120
120
128
120
120
120
120
128
120
120
128
128
120
120
128
112
112
120
112
120
120
120
128
128
112
120
112
120
32888
128
112
112
128
104
120
120
120
120
120
128
120
128
120
112
128
120
128
128
112
120
128
120
112
120
128
120
120
120
120
128
120
120
128
120
120
120
120
120
120
120
120
120
120
128
128
120
128
120
112
120
128
176
216
104
112
128
136
120
120
120
128
128
128
112
128
120
128
120
128
128
128
128
128
120
128
120
128
120
120
128
128
120
128
112
128
120
120
128
128
120
120
120
120
120
120
120
128
128
120
120
112
128
128
128
120
120
120
112
120
120
128
120
120
112
128
120
120
120
112
128
112
120
128
128
120
128
128
128
128
120
120
120
128
128
112
112
120
120
112
120
120
128
112
128
128
112
256
144
112
128
136
128
136
128
120
120
128
128
112
112
120
112
128
128
120
128
128
120
120
120
120
112
128
112
128
120
128
120
128
128
120
128
112
112
120
128
120
128
120
120
120
120
120
120
120
240
280
256
176
128
128
120
120
120
120
152
176
200
152
192
144
160
224
192
184
168
128
128
128
120
120
112
120
120
120
112
112
128
128
128
128
120
128
112
128
120
112
120
120
120
120
120
128
104
120
128
112
120
136
224
232
224
224
216
216
120
144
136
144
112
120
120
104
112
120
120
112
120
120
128
128
128
120
120
120
128
128
128
128
120
112
120
128
128
112
112
120
112
120
120
104
120
104
120
128
120
128
112
120
112
120
104
128
120
120
120
104
112
112
128
128
128
120
112
120
128
120
128
120
120
120
128
120
112
120
120
120
