462872
322880
285896
287472
287504
364184
286112
289160
282872
288168
286792
284024
319176
316192
321136
319512
318416
289328
286552
286296
284376
286616
509632
293992
287392
287504
323392
477056
531752
355200
298224
324416
453936
317568
320176
287600
325216
289504
291136
319760
320968
553232
323896
286280
284456
284320
289416
601016
287576
287776
323216
320736
474248
322392
321928
320104
283520
283600
468016
318984
320520
319008
320400
323400
328264
322016
323240
285496
290080
443896
288152
287664
289520
322024
316232
590592
286736
288392
290520
323024
473312
318344
318600
318192
322048
320208
437984
318712
284376
286992
287936
285896
322920
319952
320704
317496
320464
319816
538816
320560
333632
287576
283184
321464
287152
437888
318272
476928
317616
321008
318488
320440
333000
320008
387064
322080
323112
342976
288672
331880
318800
317992
317680
320808
318168
320792
315688
475624
520599
320856
318080
321432
317264
330392
317704
321976
320648
318800
318280
321024
320328
405336
287936
285720
290808
286616
289168
488808
557601
320976
317536
317672
320776
319136
553632
321664
319432
316152
317576
319296
318072
319088
288128
287368
321088
283216
287696
287776
322296
477760
317760
283984
286352
284944
284992
287624
441848
286480
321528
319824
321752
320264
319888
485592
319944
318376
412536
320736
318280
319664
476264
318240
317768
318736
319120
316552
284120
322088
283904
285616
285480
288304
289512
321840
319976
438520
287248
287880
286944
286680
284328
286328
615832
287464
318720
316640
320672
448280
539200
349208
288232
286648
287104
288496
286056
567128
287272
287960
282544
285528
286704
284648
286744
603584
318552
319080
316712
321480
505672
322224
318504
321608
317024
322168
320488
504472
321592
316248
317976
316880
319896
319536
475656
418704
318424
315656
318904
319264
315640
508544
322048
314640
316416
316056
284176
285320
435424
286472
286024
287000
283976
282960
286336
289976
283208
316616
317744
317600
318248
320224
317520
580352
290072
284848
288672
285944
287024
284536
447976
286624
288016
285488
287656
289248
1028047
288184
287040
289128
321968
321008
319816
362064
287984
283768
584384
320392
320552
348664
288736
283288
284704
286888
288248
288880
286864
1370096
330536
285424
288720
358520
287600
286976
285096
288056
335821
327904
327552
315984
321544
320056
320872
319752
321272
318088
447672
314128
315224
315352
318888
317384
317800
322056
374995
321864
316552
320080
317208
315896
400888
322584
320320
318352
319792
320264
317184
320104
586397
285928
286808
284128
286168
287656
286072
455871
325048
418944
284752
287472
287432
368728
288472
282688
287168
323144
284352
284848
359920
290000
284208
287512
287632
287024
287536
285128
355912
285648
284592
288392
287224
288232
286696
371157
441608
319000
320824
312480
317024
315520
507952
288464
288584
285752
289104
284144
287448
438528
284928
287304
289992
282336
288664
284312
322360
286248
288528
286096
289344
288224
285920
285272
1065656
287920
288584
288840
286016
448008
318712
319216
318584
319712
318120
318152
316120
319056
317464
315104
319744
320024
318296
320504
331280
320544
283136
316712
327376
288024
283872
288808
294528
286048
320024
320752
317544
319272
318024
285088
323552
319376
322000
315760
317264
317856
319592
284424
289256
282840
285240
286624
287024
322520
498696
317088
318200
320224
319040
322304
315264
445264
322704
284944
319776
284896
283840
287888
6972736
431136
532568
335672
318224
320408
315632
321776
318592
321312
412456
323368
286768
285080
285776
285088
284856
284856
335592
282152
288128
286584
283576
286856
285368
435160
382840
323992
327096
282560
285600
335968
320384
318416
317520
314984
320304
321576
318696
406088
322456
320144
319608
318712
317760
320520
331656
285624
285824
284520
286360
288896
287632
288808
368392
320944
329016
328864
321424
317208
320968
495088
288992
287224
285832
283160
286648
283384
285128
291792
285616
321344
319408
319632
320144
317464
414136
641200
404768
623280
448392
375760
398416
363328
349128
356712
419976
366216
367640
404088
398992
516184
513784
350472
319032
332256
324408
318248
591184
411376
390312
359456
297008
320488
365640
285672
321224
284272
283448
287008
285136
326840
315568
322072
321056
318760
319864
316968
318968
360845
324672
288584
287968
283744
288152
286840
283200
494920
320008
319744
319944
320800
322224
337176
288968
288760
288224
286792
288832
285408
330960
326768
317704
317832
320088
315944
318744
316360
724040
800408
418128
321984
361088
320528
319256
283336
771345
411344
420136
406856
377008
411816
399120
404080
359960
373120
410672
407240
407376
374112
422168
367240
410128
410552
370712
416160
408952
365288
538136
364456
411296
421768
368528
527392
410752
405296
412576
411416
406808
405896
378592
411304
405608
372584
374624
402080
406120
397496
404064
363976
360632
360536
396008
393024
392320
398472
393816
395144
395864
393456
394128
394416
397440
402368
404384
403248
368088
1840856
414592
383000
407416
409496
373824
406520
408696
411856
361376
369288
403112
398216
397568
405312
368864
362472
366496
369608
406656
401168
368336
371448
404200
403768
365456
410160
401448
403600
379904
403232
404688
415192
407008
350848
285040
316552
318536
316336
412512
379888
400944
360776
362784
404856
473080
365480
372384
408872
407848
410496
409448
415248
407112
408128
531600
416888
356712
358856
367896
845128
329432
318072
315240
284136
284544
347768
291368
286832
286184
284472
286488
286024
287792
355416
286456
285096
287232
330232
317392
318664
343776
285952
284624
343504
395216
399152
403280
872992
378944
410688
390304
428752
355120
601608
295368
286840
351664
356336
361192
296080
283688
288456
282200
283256
560207
325640
314936
318464
317752
317312
319824
335056
320912
318192
318112
320352
318048
317840
388993
382296
408472
409224
374040
409192
544216
408920
377544
408344
414064
364896
506896
381760
412256
405688
411328
519232
378200
377000
411288
405552
378304
512840
411088
413432
374696
411560
512152
369104
321088
316984
320856
318880
320856
335296
378840
409392
407064
415216
377728
918751
292656
286616
283560
368272
286448
511801
378800
414856
413104
375560
487280
379536
375848
409760
404488
376048
630655
288232
287048
285856
286200
285592
285872
371784
321280
317728
285312
282568
287568
283880
414128
324632
321664
315736
317536
321184
317744
332000
285888
282120
287272
286008
283208
287664
286128
2011977
427976
427608
411920
411520
379344
415360
411056
377280
407336
405456
379160
409440
565936
415792
374904
411952
410952
379952
430128
284928
287872
284168
285920
284048
285672
360896
376664
404120
409600
409280
376256
435576
409968
382008
433224
380464
412896
416232
406920
376816
412680
415168
461280
403624
408192
380216
406992
413760
540755
286656
286104
287056
284032
286552
361472
290432
283584
287056
288384
286368
286320
283104
364840
287408
284448
285200
286824
284616
287568
336264
319336
319464
318464
317896
315728
318792
314520
357712
288344
284016
283104
284472
288304
284720
288312
316664
319480
318448
317376
284080
281368
286552
