67840
20576
16992
49328
16472
19304
17440
50976
16528
15512
48272
15680
16208
48472
16152
16264
15664
131840
18112
48488
15608
16248
15504
49520
16296
15744
51624
16632
52696
15984
16408
215936
17624
16832
48408
15536
16736
21600
18520
49272
15792
15728
49776
16816
16288
48984
16720
16208
48376
48440
15632
15656
48368
15496
15520
15560
48280
15560
15608
48544
16888
15680
48632
16616
15680
16152
18456
16320
48728
15912
16328
48544
15672
16504
48560
15464
15480
15536
48344
15520
15856
49176
15600
16176
15568
48504
15544
16264
49088
17360
16528
15672
48472
15616
15624
48432
16296
16328
15472
48320
15544
15592
48240
15632
52592
14240
14760
47072
14504
47344
14280
47600
14160
14744
14088
14752
47072
14592
47200
14376
47544
14184
14728
14136
14728
14136
14744
47088
14536
47448
14424
47952
14192
14840
14232
14840
47376
14752
47224
14592
47424
14272
14824
14152
14816
14256
14864
47152
14656
47400
14864
47664
14240
14792
14232
14848
47008
14760
47600
14664
47536
14224
14728
14168
14760
14144
15200
47136
14944
138720
15872
14888
47192
15112
47584
14448
47776
14312
15216
18912
14904
15216
14240
14816
14112
14720
15760
14816
14248
14768
14232
14832
47072
14520
47352
14336
47544
14120
14760
206224
16376
47088
14600
47224
14408
47456
14256
14776
14248
14768
14144
14784
15352
14152
14880
47136
14592
47376
14432
47576
14248
14760
14160
14776
46952
14736
47144
14536
47368
14328
47632
14224
14752
14160
14776
47000
14696
47192
14488
47384
14240
14792
14160
14816
14144
14752
47048
14616
47256
14464
47456
14224
14816
14208
14760
14136
14776
47096
14584
47360
14448
47536
14208
14760
14120
14736
14144
14768
47088
14552
47360
14440
47520
14168
14776
14152
14768
14152
14768
47040
14544
47384
14456
47496
14144
14776
14136
14760
14144
14768
47120
14512
47392
14376
47592
14168
14792
14144
14760
46944
14736
47112
14480
47408
14368
47640
14208
14728
14128
14752
46960
14664
47176
14480
47408
14240
14816
14200
14736
14120
14736
230264
16856
14768
46984
14776
47776
14472
47456
14200
14728
14208
14768
14200
14736
47104
14632
47304
14504
47504
14272
14824
14304
14816
14208
14856
47192
14560
47400
14400
47552
14264
14768
14248
14840
47024
14768
47200
14600
47344
14400
14864
14248
14784
14232
14752
47032
14688
47144
14552
47384
14320
14792
14272
14832
14112
15088
47208
14448
47416
14224
90768
19768
88776
15136
14888
14312
14840
46992
14776
47168
14536
47408
14352
47664
14232
14808
14152
14784
47016
14704
47224
14472
47400
14272
14824
14152
14800
14200
14824
47056
14680
47376
14480
47440
14232
14840
14208
14800
14160
14800
47136
14616
47336
14376
44344
15856
47256
14464
47464
14224
14768
14192
14800
14192
14752
47112
14632
47376
14376
47496
14288
14816
14192
14776
14152
14760
47096
14560
47344
14440
47512
14136
14808
14208
14776
14144
14816
47096
14584
47360
14432
47560
14240
14768
14160
14768
14160
14752
47088
14560
47392
14408
47496
14152
14784
14152
14792
14168
14744
47072
14480
47360
14320
47560
14120
14736
14096
14712
14152
14752
47096
14416
47400
14352
47512
14104
14736
14096
14760
14104
14752
47088
14464
47376
14344
47552
14160
14736
14112
14744
46888
14696
47072
14472
47344
14304
47568
14136
14736
14136
14768
14104
14712
47112
14496
47368
14328
47560
14144
14696
14088
14736
180248
16752
47240
14424
47408
14312
14840
14184
14744
14160
14720
47024
14672
47200
14456
47400
14296
47584
14296
14728
14168
14712
47008
14640
47176
14456
47416
14224
47584
14368
14888
14392
14824
47120
14520
47384
14432
47488
14184
14760
14168
14728
14168
14736
47096
14512
47384
14424
47488
14184
14776
14240
51520
14392
14720
46984
14584
47232
14432
47432
14184
14792
14192
14720
14120
14736
47056
14512
47312
14400
47488
14096
14784
14184
14744
14088
14736
47072
14552
47296
14320
47512
14192
14792
14168
14728
14112
14760
47064
14568
47320
14424
47512
14160
14704
14104
14720
14136
14736
47048
14544
47360
14416
159832
15600
14392
36104
14968
47224
14496
47608
14800
14928
14528
14816
14216
14824
47152
14632
47384
14488
47536
14184
14768
14136
14840
14224
14832
47160
14488
47408
14440
47576
14192
14816
14152
14776
14192
14776
47176
14504
47344
14376
47576
14168
14784
14208
14760
47024
14688
47144
14520
47320
14368
47600
14176
14784
14128
14760
46968
14640
47136
14456
47392
14232
14800
14184
14744
14144
14736
46968
14656
47144
14464
47360
14232
14824
14208
14728
14120
14736
46984
14640
47144
14456
47328
14280
14824
14208
14752
14120
14728
46952
14632
47160
14464
47352
14224
14824
14192
14784
14128
14728
46952
14632
47136
14456
47352
14232
14824
14184
15080
14208
14800
47080
14576
47384
14440
14928
14200
14984
14232
14720
47040
14504
47264
14408
47464
14232
14784
14160
14712
14096
14728
47032
14520
47288
14344
47448
14232
14728
14112
14720
14104
14752
47040
14512
47288
14480
47512
14176
14784
14176
14768
14104
14776
47080
14552
47320
14424
47512
14168
14784
14176
14736
14736
47008
14592
47384
14464
47464
14216
14792
14160
14736
14144
14776
47096
14544
47320
14416
47480
14160
14712
14096
14712
14112
14736
47032
14520
47360
14416
47456
14144
14736
14120
14744
14104
14728
47024
14544
47360
14424
47472
14120
14736
14144
14752
14120
14720
47080
14560
47320
14416
47512
14208
14736
14152
14776
14096
16968
47568
14216
14736
14144
14768
46936
14712
47080
14464
47376
14320
47560
14152
14752
14144
14760
14144
14736
47096
14440
47352
14360
47632
14184
14720
14112
14728
46936
14656
47160
14464
47352
14312
47584
14168
14744
14136
14744
46960
14680
47128
14456
47344
14248
14840
14184
14776
14128
14728
46936
14640
133448
14472
47400
14152
14776
14184
14760
14120
14744
47000
14576
47216
14424
47400
14144
14768
14136
14792
14144
14744
47040
14608
47224
14424
47424
14144
14736
14120
14776
14128
14744
47000
14736
55408
14536
15032
14248
14816
14192
14808
47080
14672
47328
14496
47536
14272
14848
14232
14792
14144
14792
47120
14616
47360
14408
135408
14336
14776
14152
14760
47024
14632
47280
14488
47472
14216
14808
14216
14792
14168
14800
47064
14544
47328
14472
47488
14272
14768
14152
14752
14120
14784
47056
14544
47336
14424
47536
14216
14776
14152
14776
14152
14760
47064
14560
