5936
35016
1640
1480
1488
1456
1448
1440
1480
1440
1456
1448
1456
1448
1464
1440
1472
1600
1496
1480
1480
1480
1472
1488
1472
1472
1464
1440
1456
1464
1448
1448
1440
1440
1448
1448
1448
1448
1456
1448
1480
1480
1456
1464
1488
1464
1456
1448
1448
1448
1568
1480
1448
1448
1472
1464
1464
1440
1408
1424
1440
1440
1440
1464
1464
1464
1480
1488
1456
1448
1488
1472
1448
1456
1448
1448
1448
1464
1448
1464
1440
34240
1440
1704
1464
1464
1456
1464
1472
1464
1472
1464
1448
1448
1440
1464
1448
1448
1480
1448
1448
1456
1456
1456
1440
1456
1440
1448
1456
1456
1440
1464
1480
1472
1496
1472
1472
1472
1464
1472
1424
1448
2080
1256
1088
1064
1056
1064
1064
1056
1064
1056
1064
1056
1056
1056
1056
1056
1056
1024
1040
1056
1024
1072
1032
1016
1016
1016
984
976
984
968
976
1024
1024
1024
1024
1024
1032
1032
1040
1040
1024
1032
1024
1032
1032
1008
1008
1008
1008
1000
1008
1008
1008
1008
1056
1048
1056
1048
1048
1048
1048
1048
1048
1048
1104
1048
1024
1072
1072
1048
1064
1056
1048
1056
1048
1048
1048
1048
1048
1048
1048
1048
1048
1048
1072
64568
1248
992
976
960
1024
33816
1016
1008
1032
1008
1008
1008
1016
1016
1016
1032
1040
1040
1032
1040
1040
1056
1528
1120
1080
1040
1016
1024
1016
984
992
984
1008
992
992
1016
1000
960
976
976
968
968
976
976
976
976
1008
1016
1016
1016
1016
1008
1008
1024
1016
1016
1024
1016
1016
33824
1016
1024
1024
1016
1040
1032
1040
1040
1040
1040
1024
1032
1040
1040
1040
1272
1032
960
960
968
1032
1008
33808
992
1008
968
984
984
984
992
984
1000
1008
1016
1008
1008
1016
1008
1016
1008
1008
1008
1016
1008
1008
1016
1016
1016
1016
1016
1008
1016
1008
1008
1040
1040
1016
1016
1016
1016
1016
1008
1016
1016
1008
1008
1008
1008
1016
1288
1064
1040
1064
1024
1328
984
976
952
1000
984
984
33784
1016
1016
984
992
1008
1000
984
976
992
1000
1008
1000
1000
1008
1000
1000
1000
1008
1000
1000
1008
1000
1000
1016
1008
1016
1008
1008
1008
1008
1000
1000
1008
1000
1032
1032
1008
1016
1000
1008
1008
1000
1008
1008
1008
1008
1008
1008
1008
1008
1000
1008
1000
1000
1016
1008
1000
1008
1000
1008
1000
1008
1008
1000
1000
1032
1024
1008
1000
1008
1008
1008
1008
1008
1000
1008
1000
1016
1008
1008
1008
1008
1008
1000
1000
1008
1008
1000
1000
1000
1000
1000
1000
1008
1000
1008
1032
1024
1008
1008
1008
1008
1000
1000
1000
1008
1008
1000
992
992
992
1000
1000
968
968
960
984
992
984
976
976
960
960
944
952
984
976
1000
992
1480
1048
1016
1016
1016
992
976
976
984
976
976
976
984
33752
984
968
920
992
992
984
968
976
984
992
1008
1008
1016
1024
1016
1000
1008
1000
1008
992
976
968
968
1040
1008
1016
1008
1032
1040
1016
1016
1016
1048
1024
1024
1016
33800
992
976
976
1008
1016
1008
992
992
992
1008
1048
1024
1032
1024
1032
1024
1000
1016
1024
1032
1256
1008
992
1024
992
1000
992
936
1008
1008
1040
1504
1008
936
1008
1000
1008
1016
1008
1000
1016
1000
1016
1008
1008
1000
1024
1024
1024
1016
1008
1000
984
1000
33760
960
960
968
1024
1024
1024
1024
992
984
984
992
984
984
33776
1040
992
984
992
1008
1000
1000
1000
1008
976
992
992
1000
33776
1024
1000
992
1000
1016
1016
1008
1040
1752
33888
960
984
992
984
960
984
976
984
984
1008
1000
1000
1000
1000
1000
1008
1008
1008
1008
1008
1008
992
984
968
960
968
968
960
1104
1008
968
968
960
960
960
960
984
984
992
992
1024
1024
1032
992
1000
1000
992
992
1000
968
1048
1056
1032
1008
1032
1032
1024
1016
1024
1040
1048
1024
1008
33720
1072
1048
1032
1032
1024
1032
1040
1024
1040
1056
1056
960
1056
1048
1032
1000
1016
1896
1320
1120
1072
1032
1040
1040
1040
1040
1056
1088
1024
1008
1016
1000
1552
1032
1024
1024
1024
1032
1024
1032
1032
1016
992
992
1000
33792
1016
1016
1024
992
1040
1024
1032
1184
1000
968
968
976
1008
1008
1000
992
1008
1000
1000
1000
1000
1000
1104
1008
1000
1008
1008
1008
1000
1008
1000
976
976
976
1048
1040
1040
1008
1016
1008
1032
1048
1056
1048
960
992
1000
1000
1000
992
1000
992
1000
992
992
1000
992
992
1000
1000
992
992
1000
1032
1032
1024
1016
1024
992
1040
1040
1024
984
1000
1008
976
33792
992
992
992
984
1024
992
1008
992
1008
1024
1024
1024
1024
1016
1024
1024
1024
1032
1024
1024
1016
1016
1032
1032
1040
1032
1024
1048
1112
1064
1048
1016
1008
1008
1000
1008
1008
1000
1000
1000
1008
1000
1008
1008
1008
1008
1016
1000
1008
1320
1008
1000
992
1008
992
1000
1008
1000
1008
1144
1056
1040
1032
1040
1064
1040
1040
1032
1040
1032
1440
1080
992
992
960
952
944
952
960
952
936
952
960
984
976
968
968
968
968
1000
1112
1048
1000
1008
1008
1008
1008
984
984
992
1016
1024
1024
1000
1008
1000
1024
1008
976
976
976
976
984
992
976
984
984
984
984
976
1000
1096
1072
1032
952
1032
1032
1016
33808
1008
1024
1032
1008
1048
1040
1040
1040
1040
1032
1008
1024
1024
33824
1024
1016
1000
1000
1040
1016
992
992
1016
1064
1040
992
1000
1008
1000
1000
1000
992
1008
992
992
992
1016
968
1016
1016
992
992
992
1000
1000
1000
992
1008
1008
1008
992
1008
1024
1048
1088
1064
1016
1008
1016
1008
1016
