1224
232
232
232
240
240
232
240
224
208
240
232
240
232
240
240
232
232
240
216
232
232
400
232
240
216
216
208
240
216
224
232
288
256
216
216
224
216
224
232
216
208
200
216
216
200
208
208
208
208
200
216
200
200
216
208
208
208
216
192
208
200
232
208
200
208
208
216
208
216
200
192
208
208
200
208
216
200
200
192
208
208
216
32984
208
208
208
208
200
208
192
208
208
200
200
208
224
224
216
200
208
208
208
224
216
216
200
216
208
216
216
208
208
208
208
216
216
208
200
208
208
208
208
216
216
216
208
208
216
200
208
200
208
216
216
200
200
208
200
216
200
208
208
208
200
200
208
208
208
184
33000
200
192
200
192
200
200
184
192
200
184
200
200
192
184
192
208
200
184
192
192
216
200
200
200
200
208
192
200
216
224
240
240
256
272
240
232
216
248
232
232
224
240
208
192
216
200
200
200
192
216
192
192
200
200
208
200
184
184
200
216
192
184
184
184
216
192
200
192
200
200
192
192
192
184
192
200
200
184
200
192
208
192
200
192
192
208
192
192
192
200
208
192
192
200
192
208
184
200
192
192
208
192
184
200
192
216
200
192
192
192
200
192
192
192
200
208
192
192
192
184
208
200
192
192
192
208
200
184
192
200
192
192
184
200
192
192
208
192
192
192
192
216
200
192
200
200
200
184
200
192
200
208
200
200
200
192
208
192
184
192
184
216
200
192
184
200
200
192
192
192
192
216
192
200
200
192
208
184
200
200
192
240
240
216
216
224
232
232
208
216
224
208
256
232
33160
256
272
264
264
272
224
272
280
256
248
272
288
272
256
232
248
264
264
272
240
272
232
232
288
232
264
232
288
256
672
256
240
232
216
224
232
240
224
232
216
216
216
256
216
248
216
240
216
264
224
216
240
240
256
232
224
208
200
184
192
208
208
200
216
216
216
208
208
216
200
208
208
200
192
208
208
208
200
192
192
208
200
200
200
192
208
192
184
192
192
200
200
192
192
192
216
200
232
232
208
224
248
224
224
216
216
216
224
224
232
232
208
216
200
184
192
208
200
200
192
200
192
200
216
192
200
200
200
216
192
200
200
184
208
200
192
192
200
200
200
200
192
192
216
184
184
200
216
200
192
192
192
192
208
184
200
192
192
200
200
192
200
184
32984
184
200
192
184
192
216
192
192
200
184
216
200
192
192
216
208
192
192
200
200
216
192
200
192
200
216
192
184
192
200
216
192
192
200
200
200
200
192
192
192
192
208
200
192
200
208
216
192
192
192
192
216
200
192
200
192
224
216
216
240
344
216
216
232
224
208
224
240
208
232
224
216
216
272
248
200
240
248
248
232
232
232
224
216
224
224
248
224
264
224
224
248
224
216
224
224
232
216
240
216
208
232
216
208
216
216
216
224
216
224
33160
240
216
224
224
224
248
224
240
240
232
248
232
232
216
216
33152
280
256
216
224
224
216
224
248
216
224
224
224
232
216
224
232
224
224
216
224
224
216
224
224
224
216
216
208
216
216
232
216
216
240
224
232
232
272
240
1112
256
216
208
208
248
232
232
224
224
240
224
216
224
240
216
232
232
240
232
232
224
224
208
240
224
216
232
200
208
200
200
192
200
208
192
192
200
184
208
200
200
200
200
208
192
200
200
192
200
192
192
200
200
200
184
192
192
192
192
216
192
192
192
192
200
200
192
200
200
216
200
192
192
192
208
184
192
192
200
200
200
192
192
200
216
216
216
224
232
216
224
232
216
192
192
216
208
200
208
200
200
200
192
208
192
208
200
208
200
208
208
192
200
208
208
200
208
200
200
192
216
200
200
200
208
208
216
192
192
200
208
208
192
200
208
208
200
200
192
200
208
184
200
208
192
192
200
192
216
200
200
192
192
200
192
192
184
208
208
192
192
184
184
216
192
200
192
184
216
192
200
200
208
208
216
192
192
184
192
216
200
192
192
200
216
200
192
192
216
208
184
200
192
200
208
192
200
184
192
208
192
192
184
192
200
208
192
192
200
192
200
192
192
192
192
200
184
192
184
208
200
192
192
192
192
208
192
200
200
200
216
200
192
192
200
216
192
192
184
192
192
216
200
184
192
192
216
184
200
200
200
208
184
192
192
192
200
192
200
192
184
208
192
200
192
192
216
200
200
200
184
200
216
192
200
184
184
208
192
208
192
200
216
192
192
192
192
200
184
200
200
184
216
224
240
208
192
200
184
216
184
200
200
192
200
184
200
200
200
208
200
200
208
192
216
200
200
184
192
200
208
192
192
