12848
2208
2192
2200
2192
2200
35008
2192
2200
2200
2192
2208
2192
2208
2208
2192
2200
2200
2192
2200
2200
2192
2200
2200
2192
2192
2192
2200
2200
2200
2192
35000
34992
2192
2200
2200
2192
2200
2192
2192
2200
2192
2192
2192
2200
2192
2200
34984
2208
2192
2192
2200
2192
2200
2200
2192
2192
2200
2208
2200
2376
2200
2192
2200
2192
2192
2208
2200
2192
2200
2200
2200
2192
2208
2200
2200
2200
2192
2192
2192
2192
2208
2200
2192
34992
2192
2200
2200
2200
2192
2192
2192
2352
2896
2632
2208
2200
2200
2192
2200
2208
2192
2200
2200
2200
2208
2192
2200
35040
2208
2192
2200
2200
2192
2192
2192
2200
2256
2248
2192
2200
2192
2200
2200
2200
2208
2208
2208
2216
2200
2200
2208
2208
2200
35040
2208
2208
2200
2216
2192
2200
2216
2216
2192
2200
2200
2216
2192
2216
2216
2208
34992
2208
2208
2208
2200
2192
2208
2208
2200
2192
2208
2208
2200
2200
2200
2208
2200
35000
2208
2216
2208
2200
2208
2208
2208
2216
2192
2208
2208
2208
2192
2208
2208
2208
34992
2272
2240
2248
2248
2256
2248
2288
2272
2312
2192
2200
2200
2200
2208
2216
2192
2208
2208
2200
2192
2208
2208
2208
2528
2440
2224
2264
2328
2312
2208
35376
2248
2192
35000
2208
2216
2200
2208
2200
2200
2216
2208
2200
2208
2208
2200
2200
2216
2216
2208
2192
2208
2216
2208
2216
2200
2200
2216
2208
2200
2216
2208
2192
2200
2216
2208
2192
2200
2192
2200
2192
34992
2192
2192
2192
2200
2192
2192
2192
2192
2200
2192
2200
2192
2200
2200
2200
2200
35000
2200
2192
2192
2192
2192
2200
2192
2192
2200
2192
2200
2192
2192
2192
2200
2192
35000
2200
2192
2192
2200
2200
2200
2192
2200
2192
2200
2192
2192
2200
2192
2200
2192
34992
2200
2192
2192
2200
2192
2192
2200
2192
2192
2200
2200
2192
2208
2192
2200
2192
34984
2192
2200
2192
2200
2200
2192
2192
2200
2248
2216
2776
2224
2240
2208
2240
2240
2360
2336
2288
2304
2320
2320
2336
2328
2816
2232
2272
2296
2320
2312
2280
2288
2272
2320
2456
2264
2336
2264
2408
2280
2240
2256
2280
2224
2240
2232
2224
2256
2280
2232
2232
34992
2208
2200
2200
34984
2200
2216
2208
2208
2200
2208
2200
2208
2200
2208
2216
2208
2192
2208
2216
2208
35000
2216
2208
2216
2216
2208
2200
2200
2216
2192
2216
2208
2216
2208
2208
2208
2216
2200
2200
2208
2208
2208
2200
2200
2208
2208
2200
2216
2200
2216
2192
2216
2200
2208
34992
2216
2192
2208
2216
2192
2200
2208
2216
2688
2224
2640
2232
2240
2240
2248
2224
2248
35776
2256
2216
35408
2232
2240
35392
2248
2240
35368
2224
2240
35384
2232
2224
35368
2240
2224
35392
2240
2224
35368
2216
2240
2248
2240
2216
35368
2240
2248
35392
2240
2232
35376
2240
2232
35384
2216
2208
2256
2232
2248
2224
2240
2232
2240
2256
2232
2256
2240
2224
2232
2240
2232
2232
2240
2224
2240
2224
2224
2248
2232
2232
2240
2240
2240
2232
2248
2248
2264
2256
2232
2232
2680
2240
2216
2240
2232
2232
2264
2232
2232
2240
2240
2256
2240
2672
2240
2224
2240
2216
2256
2240
35376
2240
2232
35728
2224
2224
35368
2248
2232
35376
2232
2232
35368
2232
2232
2248
2216
2224
2240
2240
2240
2256
2232
2232
35392
2232
2240
2240
2240
2240
2232
2224
2264
35368
2240
2248
35368
2216
2216
35368
2224
2248
35384
2232
2232
35768
2240
2224
35376
2256
2248
35376
2672
2248
2240
2240
2232
2248
2248
2232
2224
2232
2232
2208
2232
2248
2240
2248
2248
2240
2224
2248
2240
2240
2248
2248
2240
2248
2216
2200
2192
2208
2208
2208
2200
2200
2216
2208
2200
2208
2208
2216
35000
2208
2216
2208
34984
2208
2216
2216
2216
2200
2208
2208
2200
2200
2216
2200
2200
2192
2192
2200
2208
2192
2200
2208
2216
2192
2216
2208
2208
2200
2208
2200
2216
2216
2200
2200
2208
2216
2192
2208
2192
2208
2200
2200
2192
2216
2192
2200
2192
2200
34984
2216
2216
2192
2192
2192
2208
2208
2208
2200
2208
2192
2192
2200
2200
2192
2200
2192
2200
2200
2200
35008
2208
2216
2200
2192
2208
2216
2192
2200
2208
2216
2192
2192
2208
2216
2200
2192
35000
2208
2208
2192
2192
2232
2192
2192
2216
35368
2272
2232
2192
2216
2208
2200
2200
2208
2192
2200
35000
2208
2208
2216
2192
2200
2208
2192
34992
2208
2208
2216
2208
2192
2200
2192
2192
2192
2200
2208
2208
2208
2208
2208
2208
2200
2208
2216
2200
2200
2208
2208
2192
35000
2216
2208
2208
2200
2192
2208
2216
2200
2192
2208
2208
2200
2208
2216
2216
2208
2192
2208
2208
2200
35000
2208
2216
2208
2200
2192
2216
2208
2216
2192
2200
2200
2216
2200
2216
2208
2208
2192
2200
2216
2208
2216
2200
2192
2216
2208
2192
2200
2208
2216
2192
2192
2208
2200
2192
2208
2200
2200
2200
2200
2192
2208
2200
2192
2216
2208
2200
2200
2208
2216
2216
2192
2208
2216
2208
39568
2344
2256
2192
2200
2200
2208
2192
2208
2200
2208
2208
2192
2208
2216
2208
2200
2216
2208
35000
2208
2216
2200
2216
2200
2216
2216
2200
2192
2208
2200
2216
2192
2192
2208
2200
2192
2208
2208
2216
34992
2216
2200
2208
2216
2208
2208
2200
2200
2192
2208
2216
2216
2192
2200
2192
2216
2192
2200
2208
2208
2208
2200
2216
2216
2216
2200
2208
2200
2208
2192
2200
2192
2200
2192
2216
2208
2200
2200
2216
2192
2200
2192
2216
2208
2200
35008
2208
2208
2200
2208
2192
2216
2208
2208
2200
2200
2200
2208
2200
2208
2200
2216
34992
2208
2200
2208
2208
2200
2208
2208
2208
2192
2216
2216
2216
2200
2216
2208
2200
2192
2200
2208
2208
34992
2216
2216
2208
2232
2392
2192
2200
2216
2208
2216
2200
2208
2200
2208
34992
2200
2208
2208
35000
2208
2208
2208
2216
