414560
401312
403160
370712
368056
367216
367504
404320
373456
402568
368664
401256
453319
402080
403000
401664
368320
438480
369640
370200
368464
445720
369320
367560
402864
403296
412920
368296
367032
370160
367656
430977
404168
403896
403024
401824
413560
371336
402736
712496
379488
402080
394952
362184
362168
404472
394936
362168
362152
394960
362064
365704
362152
362160
394952
362160
445704
362152
362136
394952
362064
374944
362152
362120
394896
362104
362872
362152
362112
394896
362096
362120
403696
394952
362120
362104
394904
407880
394944
362088
362096
394920
362112
399216
396688
397856
362152
362120
421664
374088
398464
362176
415272
362144
361888
394352
361736
361520
368288
362152
394824
394328
361768
361616
361888
404016
395104
395032
362160
362176
362184
431024
362112
361576
361824
394352
361856
368320
371888
369808
397080
361856
361600
366864
381336
405480
402448
370136
368888
403072
404160
362200
394656
394824
362120
362152
376776
363664
362160
362184
394304
361856
426968
362168
394352
361568
361552
361584
404400
367192
365896
394864
394664
361552
361608
370408
367928
361848
361672
394344
361600
371064
362144
361568
361632
394352
394400
361552
371784
403144
397224
394632
361664
361560
431039
402512
404592
402464
401408
400664
508128
368616
373328
403776
362072
361656
473647
394968
394400
361656
361472
460250
364344
506686
369224
367672
361904
373664
362104
361600
394416
361552
361568
515810
424126
435474
576704
368432
416560
406024
410312
380640
418472
418472
423488
403768
402808
402176
369224
362096
376600
361832
361672
569256
394864
361632
442176
367888
362696
394304
400216
397416
406168
394944
361616
362920
370408
368464
489024
419894
407456
407456
374416
417680
477544
402456
371528
368392
404400
478728
406680
372496
376048
407704
424640
443288
403200
402344
371552
364352
460193
401768
394608
394408
361560
361592
361472
412176
367720
402992
398520
399224
400384
425967
361944
362008
361920
394832
362160
563696
371288
368920
367536
401224
404912
405576
365208
437256
394760
394456
361608
410512
362360
361608
361576
466544
361848
464408
404128
362176
394656
361624
361856
372976
362072
361880
394832
362072
362160
369072
362136
394736
394952
364640
365904
361920
363544
361864
361648
394664
361600
362152
433232
396608
403752
369544
370008
371520
413648
374952
405464
400880
394944
577672
396248
394832
361608
361864
361632
394648
482912
394624
362152
361552
361864
394400
408560
394928
397032
361952
361600
361776
406960
362184
394728
361856
361992
361880
394768
413688
373712
368240
362104
361992
361616
402144
394808
361608
361608
361760
394392
403080
394896
361872
361600
361624
394520
361616
409640
361968
361992
361872
394784
394576
446928
362168
362040
361568
394648
361816
372680
362008
361744
394648
394656
361880
361848
462192
404888
401096
401704
368624
422648
400552
401680
401968
366848
366944
409952
401232
368640
367392
367648
400288
415720
369032
371144
399528
400872
367768
375112
402184
400928
366616
368736
404600
407008
367528
366104
366624
400144
401240
407200
367672
368096
400672
400896
400312
374304
366600
399416
400120
367040
368232
370240
404752
400520
403088
400648
443984
368456
368792
369088
369136
370088
408528
362088
361608
361568
361616
394344
400768
362160
361632
361584
394400
394360
361608
432274
362112
394448
394400
361560
361624
427528
362000
361664
361632
394360
394416
437360
366984
477311
400480
401184
404512
376352
365776
361824
361712
361560
394368
1977696
406376
405424
370192
367440
366936
399960
399312
404392
366728
365728
366960
398528
398352
375760
367688
366808
399304
399144
399272
367440
399968
399808
367144
366656
470799
370992
369536
370352
369016
369952
438864
367744
367368
367304
367600
369792
376656
367936
368040
368096
367872
367632
370928
368280
369784
369800
372368
402544
436472
370944
402112
405136
370728
370120
380080
362152
361856
361864
361576
394424
361568
368352
362872
361936
361968
394696
394656
437280
372976
364560
362328
361560
361584
474160
394976
361656
361656
361576
394296
406680
394960
361656
361608
361584
394408
394352
365656
362120
361616
361576
394400
361552
434657
370088
362152
361568
361560
394496
413576
522983
365040
364784
364208
440688
398008
397408
397584
397400
397672
364320
364968
364488
364488
364360
397432
397544
739056
433488
368696
400888
403608
412248
378720
419256
418560
418488
412736
401672
403856
368032
365840
366672
363752
363672
364264
364392
370904
367440
366440
365512
362152
361904
361576
394448
361552
480392
394568
394368
361576
361608
361592
401976
394368
361608
361552
361568
394360
407984
397984
399032
365928
366120
367256
405368
398584
366992
366080
365864
399512
404072
366816
366288
367392
399312
399744
422927
405168
396960
394816
362000
361560
373840
362168
362024
394648
394568
361992
361848
515680
400336
394896
394680
362000
361816
375144
361928
394768
394296
361992
361568
370760
366856
369520
399784
399368
366792
419456
400200
399752
367800
367112
368008
411640
368064
367448
368120
418944
369704
390537
362152
361968
361600
361560
394848
479720
400952
402440
399760
399712
400288
407432
366432
366312
366512
366400
366280
444960
365864
365336
365792
365512
365784
403096
399568
398952
398456
398768
398976
480831
367248
400344
400000
368064
368136
419104
367720
367144
368248
367776
368232
446856
362056
361672
361576
394352
361560
414968
400368
400912
366952
367344
366984
1112313
1001880
369016
439744
367376
367152
367728
367528
367088
526256
368976
475751
368712
366968
441968
401104
402296
402048
370008
371856
441192
369440
403584
402664
369336
366336
530018
407056
588536
369920
367328
417208
400424
399888
375584
372616
401736
492768
400992
399240
406472
366984
371128
371392
365968
369584
412944
407144
380928
405360
400208
368064
371512
367352
368696
427112
450911
370360
404072
403888
404184
371104
367744
402792
400776
404024
394880
361616
364848
361848
361720
403304
372376
371216
405600
413432
371528
419440
402312
369352
368552
369152
403080
410048
374656
408008
402520
397096
394808
527104
394904
361864
361560
361704
361800
400168
397600
394864
361864
361976
361872
395944
409352
371016
370128
404544
403600
368528
447472
362056
361872
394328
361688
361560
373952
370928
402720
400416
401456
366720
395247
402776
401760
401784
368816
369336
483425
367424
361960
394400
400328
404136
368160
367176
365592
365952
403856
402480
427656
372376
373512
400760
395360
362232
465128
405104
369776
368712
399784
498664
372136
401944
394952
361848
361960
382376
364896
362024
361720
400040
370104
376712
400568
399816
399032
405816
367096
383120
362144
362056
394688
394784
361856
375496
378073
362120
364184
361896
394400
361576
376680
361792
361696
361328
394176
361432
371296
402592
402800
401320
367992
368168
370992
401392
400656
402392
369608
367928
407064
402104
394800
361560
361712
361584
403864
369256
368480
369584
400720
401560
404816
369520
368984
401616
401592
401888
471376
394952
361552
361616
364528
368216
371760
368192
400960
400784
400904
368488
389263
403192
372432
368872
368904
400496
428072
