70864
55904
22792
55528
22704
55480
22696
55480
23504
22936
55488
22680
55480
22688
55480
22704
55488
22696
55488
22704
55480
22680
55480
22680
55480
22696
55496
22696
22696
22912
22696
22696
22688
22680
22696
22696
55488
22696
22696
22696
55504
22688
55496
22680
55480
22688
55496
22688
55488
24528
56736
56696
56432
56152
23496
24256
24216
23336
23696
23616
57280
56728
56368
59824
23712
23864
23224
23128
24168
23880
23560
22816
55488
22704
55480
22704
56320
56168
55648
22696
112431
59408
55744
22696
56848
55664
22696
55496
22696
55496
22688
55488
22696
55496
57848
55728
22696
55480
23592
57208
56464
55792
22696
55488
23056
55496
55256
22480
22704
55408
22280
22688
56712
55800
57240
22920
23736
23304
23320
56720
56040
57048
55816
23632
23072
56336
56768
56008
23952
23560
23000
55840
56616
22728
23008
23056
56736
55936
55584
23192
23552
23448
56040
60056
56280
23080
23280
23592
55680
56168
22976
23344
23184
55736
55976
23344
23240
23192
56408
55856
56040
22960
23200
23184
56008
55800
23040
23200
23176
56184
55616
23176
23200
23200
56136
55976
23000
23152
23192
56512
55720
55808
23080
23312
23648
23128
55936
56312
56144
56248
23408
23560
78192
24424
56632
56392
56712
23096
23952
23176
23296
56816
56240
23648
23880
23400
23440
57112
55784
22872
23184
23632
217992
56344
56064
273111
23816
23528
24920
56696
56760
56304
23744
23904
24000
56928
56104
57216
57464
23208
23136
24216
56520
57256
23712
23392
23680
25232
57112
56640
56800
23248
24288
24336
23840
106439
238840
23416
23136
23464
170160
56104
23608
23704
23624
56152
55472
22400
22688
55400
22288
22704
55480
141184
56856
23528
23088
23032
56184
56240
55704
23216
23520
23744
23472
56216
56384
55792
22984
23016
23232
56592
56032
23592
56096
56000
57480
23984
23224
23200
56000
57528
56848
23848
23952
55496
55216
22496
23600
23816
22672
55248
22408
22704
55400
22264
22704
55472
55144
22560
22680
55280
22384
22704
55408
22280
22680
55496
55144
22560
22688
55288
22400
22704
55408
22272
22704
55472
55152
22544
22704
55280
22384
22704
55344
22352
22672
55496
55136
22536
22704
134712
23824
56864
23152
23232
23224
55896
56040
23008
23200
23200
55808
56104
23088
23192
56352
55784
56112
23416
23224
56304
56184
56080
23192
23216
56336
56200
56104
23056
23200
56352
55792
56144
23016
23176
56312
55816
60552
56536
22480
22704
55360
22352
22680
55400
55064
22632
55496
55208
22480
22704
55352
22352
22680
55504
55104
22560
55496
55208
22504
22696
55344
22344
22680
55488
55136
22544
55488
55224
22488
22704
55352
22336
22672
55480
55144
22552
22704
55264
22384
54833
57096
23016
23192
23264
55896
56096
22568
22808
23192
55832
55728
23000
23168
23168
55840
55640
22656
22784
23200
55784
56088
22576
22800
56368
56184
55880
22608
22784
56360
56184
22968
23200
23208
56360
55840
56128
23136
22840
23168
55872
56064
22960
23176
23192
56208
56144
23032
23160
56376
56160
22936
22840
23216
55968
56192
22952
23176
23592
55904
55728
22984
23176
22784
55944
56160
22600
23168
23184
55880
56120
22944
23224
23136
55872
55728
22584
56832
55208
22496
22696
55352
22344
22680
55496
55144
22536
22680
55280
22416
22680
55408
22280
22704
55472
55224
22464
22672
55360
22352
22696
55400
55072
22624
55496
55208
22488
22672
55336
22336
22696
55424
22272
22704
55496
55192
22480
22704
55288
22432
23984
22704
55344
22344
22704
55400
55064
22600
55496
55208
22496
22688
55360
22336
22704
55400
55096
22560
55488
55216
22496
22680
55360
22344
22680
55472
55144
22544
55480
55208
22496
24224
23648
56488
56160
23152
23664
23568
55960
55928
55728
26216
23528
23976
56600
23064
56000
55696
55720
22680
24400
22848
55984
55824
55632
22824
23072
23024
23072
55856
55936
56488
23216
24088
24184
55728
56312
55936
23776
23080
23208
23080
56024
55704
56800
22472
22704
55344
22344
22672
55480
55144
22544
22696
55280
22432
22672
55352
22360
22688
55480
55112
22560
22688
55288
22384
22704
55400
22272
23616
23304
22968
56624
22280
22672
55504
55184
22496
22704
55288
22392
22704
55408
22280
28768
24696
23640
23608
56176
56008
56304
23096
23128
23976
56400
56272
56208
23160
23616
23480
24144
57392
56744
56048
23360
23272
23960
55416
55072
22608
55488
55224
22488
22664
55328
22352
22680
55480
55152
22544
22680
55280
22384
27248
22760
55352
22360
22688
55488
55136
22552
22688
55280
22392
22680
55400
22272
22672
55472
55112
22560
22680
55288
22376
22704
55408
22264
22672
55496
55112
22560
22672
55280
22416
22688
55400
22280
22704
55472
55144
22560
22704
55280
22392
22704
55424
22272
23864
22712
55496
55120
22552
22672
55280
22400
22680
55400
22272
22680
55472
55144
22568
22704
55280
22392
22688
55352
22336
22680
55472
55136
22552
22704
55280
22408
22704
55408
22288
22696
55472
55144
22560
22704
55288
22400
22680
55416
22280
22696
55496
88720
22744
55360
22336
22688
55424
55056
22616
55488
55208
22496
22704
55360
22360
22680
55464
55120
22528
55480
55208
22456
22704
55352
22344
22704
55416
55064
22608
55496
55200
22488
22696
55352
22352
22680
55472
55144
22552
55496
55208
22488
22704
55360
22344
32192
23088
23032
23408
55448
55208
22504
22704
55352
22344
22680
55488
55112
22560
22704
55280
22400
22680
55408
22264
22688
55472
55112
22552
22672
55280
22384
22704
55400
22264
22680
55504
55136
22560
22672
55280
22416
22680
55400
22280
22664
55480
58432
22808
55504
55144
22544
22696
55280
22392
22680
55400
22264
22680
55472
55160
22496
22672
55280
22400
22704
55400
22272
22696
55496
55200
22496
22704
55360
22344
22704
55400
55080
22600
55496
55200
22480
22704
55360
22344
22672
55480
55136
22536
55488
72832
55584
55224
22496
22696
55280
22400
22696
55432
55072
22624
55464
55200
22512
22704
55344
22336
22688
55488
55136
22544
22696
55256
22400
22680
55352
22344
22672
55472
55144
22560
22680
55280
22416
22672
55408
22288
22704
55488
55216
22480
22704
55360
25040
55696
55176
22504
22704
55352
22344
22680
55496
55144
22560
22696
55696
57320
22496
22704
55352
22344
22672
55400
55072
22632
55496
55208
22496
22672
55360
22344
22704
55480
55136
22560
22696
55288
22400
22672
55400
22264
22680
55480
55152
22568
22680
56216
55488
22464
22672
