624
256
136
120
184
104
104
112
120
168
112
120
120
120
120
112
112
112
112
120
120
104
112
112
112
120
112
120
120
120
184
112
112
120
112
112
104
112
112
104
120
120
112
112
112
112
104
120
120
112
112
112
104
112
112
112
112
120
104
120
112
120
112
104
168
120
120
112
120
120
112
120
120
112
120
120
112
104
104
104
120
120
120
104
112
104
104
120
112
120
104
120
112
104
112
104
104
104
256
120
112
120
112
120
112
112
104
120
104
112
104
120
120
112
120
120
112
104
120
112
112
112
112
112
104
112
112
112
112
120
120
112
184
168
112
240
160
176
200
176
168
168
168
216
136
160
184
200
240
160
136
232
216
184
192
200
192
192
200
200
152
192
240
192
168
192
176
200
200
184
168
152
168
200
192
184
184
160
184
176
168
168
136
152
184
176
160
192
184
192
192
184
176
176
168
176
184
192
192
184
168
168
176
176
192
112
192
160
200
184
192
128
184
208
192
192
184
240
184
168
184
168
160
176
208
168
176
176
184
176
216
128
192
176
200
176
192
200
192
136
168
192
144
176
176
200
168
200
168
176
192
192
184
216
192
184
160
176
192
152
216
208
184
168
192
184
200
192
144
184
128
176
200
192
176
208
176
168
200
184
168
224
192
160
160
160
184
176
176
192
192
208
160
144
160
184
184
168
144
200
184
168
208
184
176
208
192
192
176
168
176
184
200
160
144
168
168
184
200
184
200
176
160
192
160
112
752
160
184
176
176
168
184
176
120
176
136
216
160
168
192
184
208
160
208
176
168
200
144
160
192
184
200
184
184
184
208
192
192
184
168
168
168
184
184
168
184
176
184
200
192
200
200
152
144
160
176
216
152
192
168
160
160
184
168
184
184
176
168
192
144
184
192
144
200
192
144
208
192
184
184
192
128
208
176
176
168
184
184
200
192
112
168
144
176
136
176
120
112
104
120
104
120
112
120
104
104
120
104
120
112
104
104
112
32912
112
112
104
104
112
104
112
120
112
104
112
104
112
112
112
112
104
112
104
120
112
104
104
112
112
120
112
104
104
104
112
104
104
104
120
104
112
112
112
104
104
104
112
112
112
112
104
112
104
104
104
112
120
104
104
104
112
112
104
112
104
112
104
104
112
104
112
104
120
104
104
104
104
104
104
112
112
112
104
112
104
104
104
104
112
112
112
112
104
104
104
112
104
104
112
104
104
104
104
104
120
120
104
112
112
120
112
104
112
104
120
104
120
112
104
112
120
104
112
104
104
104
112
112
120
112
104
104
104
104
112
104
104
144
144
144
104
168
200
112
120
112
104
112
112
112
104
120
120
112
104
104
112
112
112
104
104
104
104
120
112
104
104
104
112
104
120
112
112
104
104
104
112
104
104
104
112
112
104
112
104
112
104
112
104
104
112
104
104
104
104
112
112
112
104
104
104
104
104
104
112
104
104
104
104
112
112
112
104
120
104
120
104
112
104
104
104
120
104
104
104
112
104
112
104
104
112
112
104
112
112
104
112
112
104
112
104
104
112
104
112
104
104
104
104
112
120
112
112
112
112
104
104
104
112
104
112
104
104
120
104
112
120
104
104
120
112
112
112
104
112
120
112
104
104
112
104
112
104
120
104
112
136
192
104
112
104
112
104
104
104
104
152
160
160
144
136
216
176
128
200
200
176
136
184
200
168
120
208
112
176
176
120
112
112
104
112
104
112
112
104
104
104
104
104
112
104
112
120
112
104
112
104
104
104
104
104
112
104
112
112
104
104
104
104
112
104
104
112
104
120
112
112
104
104
104
104
104
112
112
104
112
104
104
104
112
112
104
112
104
104
112
112
112
104
104
104
104
104
112
112
104
104
112
144
112
104
112
104
104
112
104
120
104
104
104
104
104
112
104
112
104
120
104
104
104
104
112
112
104
160
144
104
112
104
112
104
104
112
104
112
104
104
104
104
112
104
112
120
104
104
104
104
112
112
104
112
112
112
104
120
112
104
112
112
112
104
104
120
104
104
112
120
104
104
120
112
104
112
104
120
104
120
120
112
104
112
104
104
112
104
112
112
104
104
104
104
112
104
112
104
112
104
112
112
112
104
104
112
112
104
112
104
104
112
104
104
104
120
104
104
104
120
104
104
112
104
112
112
120
120
104
104
112
104
104
120
104
120
104
112
112
120
104
112
120
112
120
112
112
112
112
104
112
112
104
112
104
104
104
104
112
104
112
112
104
104
120
112
104
104
112
112
104
104
104
112
112
112
104
112
104
112
128
248
