277464
220776
264256
263248
250368
258920
267480
273392
314744
369792
244704
204616
236688
246360
237256
202296
234736
233904
206496
241872
200680
209520
249336
248152
246104
255664
212448
250136
251592
269248
236640
244312
245240
213744
260096
257720
270344
262624
241976
207760
237768
244840
339520
244568
260720
255792
252688
256144
257568
256952
241744
240168
216560
253424
248648
243400
248392
247448
237128
215792
299128
274160
244096
217664
254112
253128
256680
268128
252776
254080
251312
257488
249640
216824
261032
259624
251176
251376
253944
251112
255544
251248
255120
252568
258040
215184
245776
247344
251136
215856
251216
247272
250352
214144
252712
251504
253952
250264
250504
262384
256896
252168
257552
248248
231424
246448
255008
242792
284696
242680
241560
217072
242064
247384
254232
235112
250272
251360
205280
253152
246248
240136
241880
240176
207584
243328
250104
209408
239512
240744
242896
206480
208672
240496
244104
241016
248912
243016
240808
207376
239216
237952
241520
210912
239928
255656
239768
243272
211272
241256
240984
239792
205824
241016
419144
249208
240224
207752
240864
240832
240072
214584
245832
266656
236440
236736
249048
241288
214240
234880
231552
232200
246336
249848
240488
235464
240808
202736
236536
233216
242424
211616
271968
259168
262000
259960
266544
264368
257912
263096
265968
236352
236304
208272
244304
251968
210192
240224
239168
345736
246296
205120
256992
258912
266568
260328
248464
255824
261992
264504
258960
246288
244352
240256
248856
213712
253504
209392
243168
246896
202504
201848
236432
242736
210432
239696
212832
238704
245672
241408
257008
244720
243480
212216
248752
212592
236800
344488
239512
247568
210496
242160
329704
246984
249640
247336
243392
209736
249888
209768
242504
296584
242896
213152
241512
211264
242312
243104
247552
249216
361616
247032
245928
247800
243712
244080
242808
338319
346704
259952
260744
259576
259440
259696
258592
256616
303792
259656
257768
259936
256888
256752
257640
259960
330176
262088
259128
258760
259400
258136
256976
259592
258088
262704
258824
257352
258784
259800
260208
259376
258696
333784
258536
259048
259848
259280
260592
260248
261664
330880
259072
258784
258504
259304
260024
258824
255168
256832
258568
260632
258792
260032
255784
257432
258328
257192
343808
258792
256704
257592
259328
255824
259016
256688
326328
182952
189584
178568
215328
181960
182104
181872
181464
179904
180416
178576
233768
179208
179248
179136
180816
180768
214408
178752
178728
179600
178256
314066
207952
245224
215288
241104
237608
209248
235208
233408
419464
258288
246400
241136
323584
253560
248096
242368
244152
209560
241888
242840
244416
327080
253904
254832
243240
495360
193848
180280
181144
181392
204248
183008
215216
178512
180024
180600
182040
178464
246080
182680
180680
187064
182392
181872
179008
181960
212752
181592
178888
181328
178720
213608
322970
217848
179440
180080
213088
180792
181600
181408
182536
178824
180056
193704
187648
182496
181712
180624
180400
182800
182672
215080
182072
182952
211656
196024
179856
270400
178864
179264
212296
179512
180376
180400
180168
210408
357976
181760
180680
212152
180752
179736
180760
180192
213472
180856
180168
343208
180856
178664
215160
181360
181560
178432
180072
180016
180480
178848
231120
259552
261312
259160
321656
188272
179928
181680
180712
213288
256728
180928
180520
181368
215960
178680
179280
180024
181144
180208
181864
205792
182200
181936
213904
181000
181408
182128
181504
178288
178400
179256
178872
251008
213744
180464
181144
181856
182216
178208
178072
179376
180248
179848
187944
218424
179304
181592
182648
182352
181768
180400
213880
180392
295766
187416
179352
180120
180888
181216
213736
182088
178664
180176
181192
205168
193528
180120
212672
181592
181320
182736
178720
179320
179560
179632
180176
198752
181272
179640
180624
182480
178808
177808
180224
179440
180624
182000
179368
187136
182472
211952
181352
178464
180616
181392
182376
179400
180344
214472
230296
181664
179248
178400
178080
181600
178024
180472
214400
179568
181040
182200
188816
179696
213496
182192
241240
180616
180040
180720
178984
212704
181296
255658
213824
181264
178496
179616
179560
211696
182120
181912
181496
181104
189528
213872
182496
178408
211728
180056
180128
180344
179944
212616
179928
180320
314192
217824
179864
178576
182152
181128
213392
179568
178376
182168
181264
187776
214248
178312
182520
214384
181768
181160
181416
180120
212392
179000
179384
311976
186288
180944
180032
178736
182368
213784
179616
179120
180920
181464
219888
259920
182824
181808
182232
181912
181848
181536
182240
178608
179872
193592
181328
180872
180520
177904
180592
181272
181968
181128
181648
214872
178184
198208
179576
179472
180152
213432
180624
177048
179952
180440
180440
180304
195176
185216
180600
181080
182368
211880
180296
181312
178936
179184
213496
182504
194312
182352
181304
182160
177928
182512
178544
211576
179840
179824
180128
180200
260272
183056
179720
178232
178408
214608
181816
181176
180448
180184
178808
225696
182384
181976
215032
178296
178856
179176
179648
180888
181240
180888
177656
346926
260320
260936
259704
258160
257192
255896
257880
271624
256272
259880
258592
259648
259504
258760
259376
260128
255464
258568
255480
259320
257960
257896
443552
260960
261136
258200
258552
260200
257880
260368
259104
258296
558720
265800
262744
259056
259032
262040
293888
254592
187960
182792
178272
182448
179352
178240
181296
210928
181584
178448
182328
282409
259016
259424
259592
257512
292016
258632
259056
395496
252432
259472
205176
178816
213224
179672
181824
181144
179920
222848
193632
180288
180424
182512
178464
182200
178560
182496
210832
178848
181424
242296
215328
184080
192288
181232
179544
182488
179864
181904
177864
178448
240504
184976
180728
178208
181056
178800
213696
178832
180928
183096
179200
214160
189928
214648
180936
182240
181856
177704
179784
181728
181088
211896
182560
198224
181224
179920
182848
181352
177752
178912
214688
178440
182288
181088
178584
254664
181184
183104
181536
177880
211192
181000
179656
178720
181744
180760
230968
181952
181232
212800
179984
180408
180480
179616
211968
179168
179120
179288
201392
180088
215080
180072
182744
214264
179480
178936
181592
181312
179432
182496
188624
179744
213928
179760
181624
178184
178560
213656
180096
182160
179608
270440
261208
223296
258488
256488
256392
258480
257552
257792
256936
257008
256648
258496
260728
257808
256440
257696
264944
258760
257544
258192
257024
257520
260776
259824
255296
264352
255688
256272
256432
255976
256712
258312
256584
301392
260896
256680
258448
258568
261256
256000
258952
257144
340905
292488
256408
257024
257080
254080
261072
256592
294408
259240
255640
259664
255888
256296
256192
257992
257360
260480
256104
258328
257256
257048
261112
260040
255760
305856
256048
257096
254936
255608
257392
256600
258320
256872
258928
259992
256072
258168
260088
254576
257408
260584
257376
261344
257928
256264
257152
253456
256480
256280
260640
317462
183768
213944
181000
179352
