44336
1648
1304
1392
1496
1432
1456
1408
1416
1288
1432
1416
1376
1360
1424
1656
1368
1416
1624
1392
1480
1472
1384
2560
1304
1344
1496
1352
1392
1424
1416
1376
1352
1384
1400
1392
1352
1256
1488
1944
1328
1208
1368
1352
1272
1408
1448
1464
1456
1264
1400
1328
1432
1344
1320
1384
1408
1432
1208
1336
1856
1408
1456
1352
1448
1400
1376
1552
1432
1472
1424
1392
34376
1296
1424
1360
1296
1232
1296
1336
1376
1424
1400
1536
1432
1904
1440
1344
1352
1504
1312
1288
1392
1400
1352
1424
1224
1408
1416
1560
1384
1408
1448
1336
1368
1344
1344
1416
1296
1376
1472
1384
1440
1328
1424
1424
1352
1464
1488
1432
1424
1368
1784
1360
1776
1504
1400
2864
1520
1496
1544
1168
1464
1480
1408
1720
1816
1456
1256
1680
1424
1424
1384
1392
1304
1440
1424
1496
1552
1248
1448
1512
1312
1328
1416
1376
34560
1432
1440
1936
1328
1328
1456
1456
1208
1496
1432
1360
1416
1696
1392
1488
1392
1288
1480
1416
1368
1392
1496
1392
1392
1456
1552
1464
34448
1480
1328
1440
1840
1480
1864
1448
1368
1472
1472
1424
1416
1360
1480
1400
1328
1352
1488
1856
1392
1384
1440
1424
1888
1328
1840
1432
1376
1424
1488
1424
1400
1312
2344
1504
1512
1488
1496
1520
1544
1608
1608
1504
1520
1104
1088
1096
1080
968
1496
1576
34712
1592
1632
1640
1648
1576
1552
1624
1480
1568
1592
1640
1600
1480
1120
1432
1496
1184
1080
1248
960
952
920
1152
1216
1336
936
1016
992
1104
1296
1024
1536
1184
1112
928
1032
1104
1408
1160
872
1160
1648
1128
1144
1152
1328
1616
1160
1144
1272
1200
1176
1144
1144
1144
1144
2296
936
1152
1144
1144
1152
1136
1208
1160
1152
34320
1368
1144
1344
1152
1160
1088
1144
1152
1192
1144
1456
1160
1144
1152
1304
1000
1000
1168
1208
1408
1032
1160
1296
1304
1136
1256
1400
1160
1600
1168
1152
1304
1152
1128
34184
1152
1368
1160
1152
1152
1144
1144
1600
1144
1144
1152
1144
1144
1152
1152
1144
944
1480
1144
1144
1152
1200
1144
1144
1152
1144
1144
1144
1152
1152
1152
1152
1608
1152
1144
1224
1400
1160
1208
1160
1144
1144
1552
1608
1144
1496
1144
34376
1144
1176
1152
1600
1624
1168
1120
1104
1640
1296
1432
1232
1184
1616
1616
1400
1144
1496
1152
1408
1144
1632
1144
1152
1144
1160
1152
1184
1152
1144
1264
1144
1152
1144
1248
1152
1144
1440
912
1352
1248
1120
1128
1000
960
1064
888
1256
1368
1528
1480
1024
1432
1232
1384
1424
1168
1088
1784
1648
1664
1544
1608
1144
1120
1552
1480
1592
34528
1560
1560
1224
832
912
1312
1272
1280
1360
1136
944
1392
1400
1264
1208
1544
1120
1408
1688
1416
1296
1528
1416
1432
1360
1064
1160
1216
1464
1504
1464
1296
1472
1280
1592
1328
1272
1040
1024
1112
1280
1168
1520
1584
1560
1440
1472
1568
1320
1368
1264
1440
1400
1416
1208
1576
1192
1592
1216
1288
1096
1456
1840
1416
1288
1480
1536
1208
1536
1496
1560
1200
1552
1360
1376
1432
1528
1648
1104
34512
1432
1160
1192
1472
1904
1328
1208
1256
1000
1600
1416
2704
1304
1328
1504
1880
1576
1152
2288
1592
1152
1616
1584
1568
1096
1256
1616
1536
1424
1248
960
1496
1576
1616
1848
1600
1760
1560
1416
1536
1608
1648
3192
1688
1512
1480
1752
1536
1408
1400
1600
1488
1456
1896
1416
1496
1544
1200
1480
1672
1240
944
1144
1152
1144
1152
1144
1032
1432
1504
1784
1248
1408
1296
1064
1280
1208
1000
1384
1136
1352
1296
1264
1432
1176
1208
1488
1352
1208
1064
1552
1040
792
1240
1440
1448
1280
992
1224
1200
1216
1448
1248
1304
1136
1288
1264
1304
1280
976
1296
1088
1416
1448
1216
1224
1472
67496
1376
1264
1464
1328
1360
1400
1336
1496
1560
1488
1496
1072
1480
1960
1488
1432
34616
1464
1408
1568
62816
1360
1552
1472
1528
1448
1552
1344
1336
1424
1472
1776
1488
1288
34088
1168
1048
1592
1664
1696
1632
1640
2072
1640
1184
1776
1640
1656
1648
1632
1648
1648
1648
1656
1576
1656
1656
1656
1632
1656
1648
1672
1664
1664
1664
1656
2040
1624
1640
1648
1560
1624
1664
34320
1656
1648
1656
1680
1648
1256
1120
1600
1352
1536
1512
1168
1528
1584
1416
1400
1536
1440
1568
1400
1552
1424
1584
1472
1552
1592
1528
1456
1456
1600
1608
1568
1624
1552
1544
1432
1440
1472
1624
1656
1680
1656
1664
1640
1568
1648
1664
1592
1664
1648
1640
1120
1688
1648
1544
1568
1640
1616
1624
34280
1640
1640
34312
1504
1568
1000
1144
1272
1416
1128
1080
1576
1528
1576
1192
1000
1136
33976
1568
1152
34008
1480
1240
1456
1384
1224
34248
1152
1144
1360
1152
1144
1056
1496
1392
1480
1256
1040
1480
1544
1256
1368
1272
1472
1376
3024
1448
1600
63352
1392
1448
1528
1336
1520
1536
2136
1464
34224
1520
1504
1304
1248
1288
1224
1352
1784
1592
1584
34904
1520
1168
34240
896
1208
1088
1152
1520
1280
1416
896
1048
952
1136
1272
1200
1144
976
1096
1200
1192
1176
1248
1200
1400
1128
1112
1256
928
904
1240
848
1144
1520
1256
888
1016
1216
1128
1328
1144
1064
1432
1384
1584
1408
1456
1224
1448
1272
33992
1240
1408
34088
1520
1272
1472
1312
1464
1184
1376
1376
1456
1296
1560
1512
1416
1280
1328
1128
1232
1520
1528
1536
1576
1496
1840
1784
1208
1344
1296
1296
1584
1496
1160
1184
1576
1224
1416
1544
1520
1032
1312
1360
1584
1392
1272
1488
1528
1536
1464
1304
1360
1576
1288
1616
1584
1376
1504
34152
896
1016
1192
1152
1144
34144
1280
1504
1456
1408
1312
1448
1536
1312
1392
1296
1304
1448
1872
1320
1632
1472
1416
1264
1488
1320
1568
1328
1264
1512
1288
1200
1528
