60432
12504
9672
9256
9120
41976
9176
9168
9184
9224
9264
9216
41952
9112
9232
19536
10544
9192
9432
42088
42064
9288
9104
9224
9088
9216
9184
41960
9408
9184
9168
9176
9216
9240
41952
41992
9416
9224
9224
9208
9368
42056
10640
42288
9656
9192
41944
9200
9304
9320
9272
9152
9248
42224
9144
9184
9312
9176
9176
9304
42032
42016
9272
9328
9144
9144
9064
41968
11888
9312
41984
9304
9200
9256
9496
9144
9128
41904
9176
9208
9192
9208
9216
9128
42128
9208
9440
9160
9160
9160
9136
9072
42024
9224
15240
10792
9448
9088
9160
9288
41968
9128
9208
9088
9184
9144
9400
41960
41928
9136
9160
9376
9208
9232
41992
41968
9272
44424
79776
44768
13016
13648
46808
13592
14096
46808
14704
13328
46760
14336
13320
46600
14128
14024
46768
13656
13360
46656
13624
12880
12848
13728
13192
14320
13864
46720
14280
13840
46736
13792
14488
46496
13576
13768
46520
13648
13840
46512
13360
14144
46568
13544
14560
84376
14184
14008
13824
13832
13280
13624
14432
46480
13200
14176
46664
14144
14048
46384
13400
13760
46520
13464
13808
46616
13448
13920
13896
47384
13712
13896
47264
13976
13464
46408
14424
13536
46928
13888
13280
46752
14256
13392
47616
14144
13616
13528
13536
13536
13992
14536
47432
13600
13440
46320
13792
13648
46632
13776
13656
46312
13600
13552
46560
13744
13488
13432
13760
13200
13232
13704
46712
13664
14272
46560
13456
13792
46680
13464
13760
46376
13464
13544
46568
13752
13832
46040
13600
14072
46720
13872
13744
46208
13808
13640
95273
47496
13160
13112
45240
12992
13768
45704
12848
13184
12616
12784
13240
12728
13648
45816
12696
13280
45240
12928
13536
47096
13312
13504
12904
13288
45256
13240
13064
15080
13728
44640
12384
13232
45536
13384
12680
12984
13584
45440
9160
41808
8624
41448
22328
10320
10224
9208
8752
9048
8664
41576
8904
8656
9056
8632
41808
8704
41440
8920
8680
9016
8600
41752
8736
8680
9056
8640
9048
8624
41648
8848
8664
9104
8656
41880
8680
41424
8896
8624
8976
8584
41728
8624
8568
9024
8528
9032
8600
41584
8800
8632
9056
8664
9088
8712
41352
8888
8552
8968
8560
41616
8600
8536
8968
8592
8952
8560
41480
8880
8624
8984
8568
41736
8624
8600
12096
13024
42120
9096
8736
9096
8712
41904
8672
8656
9008
8640
9048
8592
41680
8720
8608
9032
8608
41808
8648
41408
8960
8608
9048
8624
41680
8720
8624
9088
8656
9056
8616
41544
8944
8640
9088
8640
41728
8704
8672
9064
8624
9008
8600
41576
8696
8576
8984
8608
41768
8640
41408
9000
8616
9024
8624
41704
8720
8664
9064
8616
9040
8672
41536
8896
8664
9040
8624
9096
8672
41440
14480
9184
8728
9064
8656
41592
8920
8664
8992
8608
41824
8656
41504
8968
8672
9032
8592
41688
8720
8656
9064
8640
9032
8600
41552
8752
8600
9008
8592
41792
8592
41352
8864
8536
8920
8528
41576
8640
8576
8976
8520
11192
11800
45896
13768
11096
12128
11520
45832
12880
12976
14064
12816
45832
11248
13760
12176
13440
50520
12624
13936
45240
12688
12680
10592
11312
11128
13376
45856
12888
11696
46464
13992
11968
11496
11896
44096
11008
44096
12072
13088
11536
13496
44896
11888
12120
11584
11904
44184
11528
13248
11656
12408
43888
12800
13608
11640
11840
45976
12080
12984
45976
9080
41496
9032
8600
9008
8608
41672
8672
8616
9000
8584
17568
44712
8984
8672
9160
8704
9176
8752
41824
8784
8696
9152
8720
9184
8752
41704
8936
8688
9128
8704
9112
8656
41624
9280
8608
8984
8584
9000
8688
41464
8944
8576
9040
8568
41664
8760
8640
9040
8592
9056
8640
41584
8744
8536
8912
8520
41816
8704
41536
8856
8584
8976
8584
41784
8656
41432
9032
8680
10208
48216
12408
14576
9160
9024
8584
41688
8720
8624
11992
8784
41912
8688
41520
11568
9168
8736
9160
8792
41792
8728
8672
9088
8672
9080
8688
41568
8888
8624
9032
8624
41760
8720
8656
9056
8664
9088
8720
41696
8824
8696
9104
8696
9112
8728
41584
8952
8640
9024
8568
41736
8712
8656
9136
8632
9080
8680
41720
8800
8728
9104
8704
41904
8656
41440
8872
8624
9040
8584
41664
8664
8592
19280
14104
47400
13776
14920
47792
14432
15088
46848
14336
13840
46912
14632
15928
47408
15000
15152
14368
13800
47544
13176
15112
46760
14864
15336
47080
14376
14536
47536
13688
14760
46408
15024
14312
14280
15152
14768
14536
15024
46736
14504
14256
47488
14448
15216
47448
13744
14880
46256
13880
15656
14760
42072
8880
8640
9048
8680
9072
8720
41696
8984
8784
9128
13152
15200
47656
14096
12616
45336
12800
12704
12256
12736
45872
13336
9120
8688
41664
8832
8576
9016
8568
8976
8696
41480
8912
8568
8976
8568
41680
8672
9024
41472
8936
8648
9048
8624
41696
8672
8592
8984
8560
8952
8568
41528
8840
8536
8968
8568
12000
46744
13672
46736
11544
12624
12000
11736
42040
8800
41544
9136
8760
9184
8760
41848
8792
8752
9144
8704
9120
8720
41688
8912
8712
9128
8720
41912
8688
41504
8984
8624
9080
8624
41760
8648
8600
9048
8624
9064
8656
41536
8864
8664
9040
8616
9048
8688
41528
8848
8600
9024
8600
41976
8736
41464
8960
8616
9056
8656
41728
8832
8712
9104
8688
16560
44736
12464
43384
11248
13200
44544
13152
46480
13376
12248
46088
10888
44792
12392
11264
12048
11008
44528
12384
45960
11464
12336
44952
13872
9304
8792
41808
8736
8704
9128
8696
9040
8600
41656
8752
8648
9040
8592
9032
8632
41416
8880
8552
8984
8568
41640
8720
8640
9088
8640
9056
8600
41504
8904
8608
9024
8640
41792
8632
41480
8912
8560
11832
45256
13408
13944
46080
13888
13440
13632
13952
46152
13568
13728
13464
13544
13944
13032
14344
13864
45960
13448
14000
46312
13568
13368
46240
14128
13336
46352
13480
12968
13240
13800
46160
13488
13952
46344
13312
14168
46240
13632
13480
46968
13704
13944
46344
13360
13576
46568
11880
39824
50080
13664
13400
42160
9008
8744
9096
8720
41856
8704
8664
9712
8784
9128
8784
41816
8744
8784
9120
8752
9120
8768
43128
12976
11968
10352
11568
