432
200
200
192
192
200
216
232
216
224
192
200
200
200
232
224
248
224
224
216
224
256
224
216
232
232
240
248
232
224
264
240
216
232
248
248
264
200
224
200
192
192
200
192
192
200
192
200
200
200
208
192
200
200
192
192
192
192
192
192
192
208
200
208
200
33000
192
200
200
200
192
248
224
208
216
216
240
200
200
224
232
216
232
224
232
224
224
232
216
232
216
216
224
208
216
232
240
232
224
192
192
200
192
192
200
224
224
224
248
256
224
248
232
224
216
224
208
232
248
272
224
240
240
232
200
216
240
240
216
264
224
264
232
232
240
216
232
216
248
216
232
240
232
232
240
232
224
248
224
208
240
232
216
240
248
224
256
240
240
224
256
224
240
224
216
224
216
232
224
208
224
216
232
224
216
240
240
224
232
232
232
232
240
256
264
224
224
240
240
224
224
224
232
240
232
224
248
208
232
208
216
240
232
224
232
240
216
232
224
224
224
224
224
216
232
224
216
232
208
224
224
232
232
224
232
232
232
216
240
240
256
232
240
224
224
240
232
232
224
224
224
232
256
224
224
216
280
232
216
240
232
240
240
240
240
248
248
240
272
1200
192
192
200
208
192
200
208
200
192
200
208
208
200
200
200
208
208
200
200
192
208
232
232
232
224
232
240
248
192
200
208
192
200
200
208
200
208
192
192
192
208
200
200
208
208
200
200
208
200
192
200
200
192
200
192
200
200
208
192
208
192
200
200
208
192
192
208
208
208
200
192
208
208
208
200
192
208
200
208
192
208
192
200
200
200
200
200
208
200
192
208
200
208
208
200
200
200
200
208
192
208
200
200
200
200
192
192
208
208
192
192
200
192
192
192
200
200
192
192
200
200
208
200
200
200
200
208
200
208
200
200
200
208
192
192
200
192
200
192
200
192
200
200
200
200
200
208
200
200
208
192
208
192
200
200
192
200
200
208
208
192
200
200
208
208
192
200
200
208
208
192
256
240
240
216
232
232
240
232
248
216
256
232
264
256
232
224
224
232
264
216
232
232
240
216
224
272
240
232
240
216
248
1088
288
224
224
232
232
232
240
200
200
208
200
200
208
200
192
208
208
208
192
192
208
200
192
208
200
200
208
208
208
200
192
208
200
208
208
192
200
200
208
192
208
208
208
208
192
200
208
200
200
200
200
192
208
200
200
200
208
208
200
200
192
208
200
208
208
200
200
200
208
208
200
208
200
208
208
208
200
192
200
208
192
208
200
200
200
192
200
200
200
208
200
200
200
200
208
200
224
208
280
224
224
232
232
216
224
232
232
280
216
216
224
232
232
232
216
232
248
232
224
224
216
224
208
224
224
232
224
600
216
224
216
216
224
216
224
264
232
224
224
232
232
224
216
232
232
280
216
224
232
224
224
240
224
224
224
240
224
240
224
224
224
240
216
240
248
208
232
232
248
224
248
248
248
248
240
256
240
240
216
256
272
216
240
232
224
232
272
224
232
232
232
232
224
264
208
256
240
224
232
224
232
224
232
240
224
216
240
240
256
232
224
232
216
224
224
224
224
224
224
272
240
232
264
232
256
216
232
224
656
240
248
240
224
232
232
240
208
224
248
216
240
248
240
240
216
240
232
232
208
216
240
232
232
224
232
256
608
232
232
248
232
240
224
224
33192
240
240
232
248
240
248
240
248
240
232
256
208
232
216
208
232
216
232
232
232
240
376
232
248
240
248
240
248
232
216
216
224
224
240
216
224
232
216
224
232
216
240
216
232
216
224
232
216
232
296
224
224
232
216
224
216
232
224
224
224
232
232
232
248
216
264
240
216
232
224
224
240
224
224
232
232
232
208
216
240
240
248
216
248
232
224
232
240
208
216
216
232
256
192
208
200
200
200
200
208
208
200
200
200
208
200
208
192
192
232
232
224
256
240
240
232
224
224
240
224
224
264
240
240
224
216
232
216
224
224
248
216
232
224
240
264
248
200
208
200
192
208
200
208
208
192
200
208
192
224
208
232
248
224
224
232
232
224
248
224
248
240
240
224
224
224
232
240
232
216
224
232
216
232
216
232
232
224
232
232
224
216
216
216
224
240
216
216
224
224
232
224
208
224
232
240
240
248
232
216
224
216
224
248
216
264
224
224
232
232
232
224
192
208
208
200
200
192
200
200
200
208
200
200
200
200
200
208
192
208
208
208
200
192
208
208
200
208
192
208
208
192
208
192
192
200
200
200
200
192
200
200
192
200
208
192
200
208
192
208
200
200
200
208
192
208
200
200
192
200
208
200
