51624
23296
22712
22632
55808
23728
22480
55280
24176
55944
55376
23744
56288
55672
22536
22976
125272
55760
55696
56112
55712
55824
55744
55776
22896
22848
23872
22816
23920
22920
26656
22960
22848
24232
22904
24280
23912
23216
22736
22912
22936
22824
55912
55736
55736
55816
23160
55872
55624
55736
55752
57512
56264
56040
55888
55968
55776
55728
22880
22968
23264
22776
22936
22928
23080
24296
55968
55776
55752
55680
55800
56192
22752
22864
23448
23824
22816
22872
22920
24328
22728
22768
23360
55832
55912
55840
56240
56168
55768
55784
55712
22856
24104
23208
23376
22968
22856
22536
22488
55336
22728
55280
55520
22496
55472
55080
22352
22472
55080
22336
22480
55144
22264
22472
55144
22264
22488
55120
22976
23200
22464
55128
22280
22464
55200
22200
22472
55496
55704
25248
25200
22872
55216
22208
22472
55200
22200
23352
22896
56544
55440
22912
22440
23632
55888
55640
56520
22408
22480
55080
22336
22464
55080
22320
22472
169456
23272
55456
59376
56080
22656
23072
22616
55432
55496
23256
22464
55216
22192
22472
55416
55272
22640
22696
55648
55624
22576
25264
23304
57056
55416
56352
24296
22536
55528
55400
55464
22656
22640
56080
56400
23728
23248
24048
24568
55864
57096
60696
23520
24520
22960
57272
56760
23256
24696
23176
57336
57016
56976
24840
23552
24192
56744
56576
57696
24384
22872
55864
55584
55840
22848
23152
22880
55928
55784
22992
24624
25216
56752
55760
22848
22800
22800
56072
55760
137888
55944
55608
22816
23376
22880
23296
56160
56872
22784
24176
23216
56016
55856
56848
22672
22776
23480
55616
55552
22720
22856
22872
55736
55840
56280
22888
22720
55744
55472
55600
22848
22888
22864
60352
55576
55640
22832
22800
22728
22848
55760
55664
22800
22880
22952
55712
55504
55560
22752
22784
22968
55896
55496
22672
22888
23496
23056
56088
55712
22872
23016
22872
22976
56208
55584
56080
55632
23384
22528
55216
55000
23392
22808
23464
56632
54992
22384
55264
55360
22640
23696
24008
55848
55264
22352
22488
55072
22328
22472
55080
22328
22464
55072
22328
22464
55080
22328
22464
55144
22272
22472
55152
22288
22472
55128
22272
22472
55128
22280
22472
55128
22280
22464
55128
22280
22752
23896
25144
57280
56208
56256
25480
24176
22608
55576
23048
24064
23024
55576
55840
55856
23000
23432
23664
56464
55960
56208
22568
22584
23096
55760
56280
55552
23208
22912
22704
55592
55400
22640
22688
22640
67712
55776
55560
55360
22488
22744
22816
55520
55536
55960
22680
23040
55984
55568
55352
22544
22744
22752
55592
55472
23328
22752
22720
55520
55896
55528
22736
23456
22648
55584
55408
22712
22880
22760
23600
55640
55480
23008
22640
22696
55760
55976
55504
22792
23120
22656
55568
55816
55600
22960
23080
22824
23512
56104
55528
55576
23064
22832
22632
55512
55456
22632
22672
55544
55672
55392
22648
23080
23432
55720
55464
22536
22704
22704
55496
72193
22696
22472
55168
22208
22472
55192
22208
22824
22672
55880
56008
22496
22472
55192
22200
22472
55192
54992
22392
55200
55008
22392
55240
55016
22392
56072
55296
22840
22488
55200
22192
22472
55200
55008
22392
55192
55000
22392
55288
55008
22392
55272
58992
65391
22624
22560
55520
55352
22552
22608
22664
55560
55456
22672
22688
22808
55672
55472
22672
22632
22688
56008
55944
22904
22768
22672
55608
55880
55384
22624
22672
22696
55416
55368
22608
22696
22680
55616
55544
60016
22672
22688
23112
55704
55776
57552
23048
22752
22800
55680
56152
23024
22968
22752
55864
55656
96816
23248
23712
23520
55728
55520
56240
22624
23072
23088
56072
55664
55776
23128
23184
23936
23848
55760
56744
55776
56248
23056
23208
23000
56992
55728
55832
57544
55472
55592
23704
23200
23080
55488
55320
22472
22976
22864
55528
55592
22856
22536
55688
55464
22600
23032
55672
55832
22840
22864
26720
22744
55568
55432
22992
22824
22736
55800
55728
22584
22728
22816
56000
55936
22800
22600
22720
55664
55504
23680
22536
22504
55920
55384
22992
23384
22736
55480
55312
22904
22512
55536
55584
22776
22552
22528
55464
55880
23176
23000
22736
55520
55568
22808
23000
22880
55456
55336
22512
22560
22536
55416
22424
22512
22544
55696
55288
22544
22552
55472
55880
22992
23776
23160
55872
55608
22952
22960
55512
55328
22512
22552
22536
55896
55720
22960
23040
56032
59536
59480
22744
22776
55712
55912
23040
23176
22768
55680
55856
22832
22752
55656
55512
22648
22760
22768
55584
55536
22728
22752
55640
55504
22696
22784
22792
55632
22616
22824
22768
55672
55480
22704
22704
55720
55544
22600
22792
22784
59272
56144
22880
56216
56128
56504
22736
22952
23352
56448
56464
23368
23200
23064
58056
58544
25400
25048
25088
58320
58200
58856
25600
25192
25824
57960
58384
24976
25176
25520
58624
58448
58712
25352
25424
58304
126704
55800
55560
22472
22520
22544
55736
56152
23024
23080
56256
56128
23016
23168
23200
56248
56144
23584
22904
22528
55696
55448
22520
22520
56408
56088
22568
22544
22544
55696
55536
22552
22544
56176
67176
55928
22816
22808
22768
55848
55728
55608
23456
24456
57352
57296
56432
22960
22640
22608
55688
55528
22904
22528
22944
55720
55968
22952
23000
55928
57784
56480
55576
23072
23352
55848
55776
55648
22696
22576
22656
55648
60408
55968
23792
55728
55384
22560
22848
23096
22848
56040
56456
22336
22464
55120
22280
22464
55128
22272
22464
55120
22280
22472
55200
22192
22472
55200
22200
22472
55200
22200
22472
55200
55016
22400
55200
54992
22616
55296
55000
22392
55288
55000
22664
23520
23248
55280
22288
22472
55120
22272
22464
55200
22192
22472
55192
22192
22544
55216
54992
22632
55528
54992
22400
55264
54992
22392
55264
54992
22392
55264
54984
22392
55256
55072
22352
55288
55080
22320
22472
55080
22328
22472
55080
22328
22472
55064
22328
22472
55912
55288
22360
22496
55080
22328
22464
55088
22360
22480
55072
22328
22472
55080
22336
22456
55072
22328
22472
55080
22336
22472
55632
55816
22944
23280
24488
55568
55384
22632
22584
55552
55912
23144
23008
24048
23744
56480
57288
22912
24352
27832
23184
57064
56304
56912
24536
23232
24352
56232
57240
57224
23448
24424
23008
57200
57136
56200
24464
24336
22912
55840
55832
22648
23560
23456
55784
55744
22952
23112
24584
58088
55752
55920
22480
22464
55200
