430216
407048
359136
360632
391816
358752
391488
424584
400344
366480
400864
365232
363928
481496
365008
735160
366400
425127
401648
367696
396624
359160
362728
363120
397496
364176
404920
364616
397760
363224
364800
367912
362760
395792
362560
364264
399760
362672
363048
396584
362856
430865
404208
387376
533768
425320
445376
420232
419816
420040
415920
449120
420760
419840
383712
416496
366656
394360
359056
358744
472654
391280
359152
391528
358856
374808
359136
391888
358808
358800
364112
398408
391864
358840
358800
359040
359144
359088
358800
364096
359136
407961
359136
359096
358808
358840
374376
359144
359096
359064
358800
391840
362488
361864
421264
358400
358560
397608
391960
358512
357944
357664
357664
390464
473504
391320
357968
362264
358856
358264
362984
358264
391056
358112
358560
391352
358568
369560
358360
357976
357920
390752
357968
368240
365592
358264
391056
358264
358072
391200
365616
358792
391248
358560
358544
391344
363280
358456
358256
422376
391336
357976
357520
404560
391832
357664
357968
390752
357808
363280
360048
390872
357968
357664
357968
357656
400048
396632
358448
418288
358256
357680
395048
360280
358056
391056
357968
357672
390464
366640
358960
357968
390480
357664
357656
357672
362232
358256
357968
363776
358896
390752
411560
391896
358456
358352
391008
447080
361776
362280
358360
391008
358208
358200
391056
363616
358360
391056
358096
358216
391008
358208
362848
391144
358264
358216
391008
358200
362944
391392
358160
358216
390888
358208
358208
398408
358744
357912
390704
357968
357968
391952
391160
357912
357968
357912
357960
390712
399152
359104
358224
390952
358168
358160
395648
363360
358320
390992
358200
358208
391008
465072
358648
358208
391008
358216
358304
391344
434976
358744
390760
357960
357808
390616
364448
358704
390528
358016
357952
390464
357528
364792
390760
357664
357672
390456
357672
361752
360320
391072
358256
358160
358560
358560
370648
360200
391056
357952
363688
360832
383064
359136
358304
390632
357664
357664
357520
363856
467384
358592
357976
357672
357672
397776
391504
357968
357664
357616
357680
390448
362776
358360
390456
357664
357664
394424
363336
359104
357672
390768
357664
357664
357680
375528
358904
358312
391072
391808
358352
361760
361208
358152
357968
357632
390312
357520
365864
357912
357664
357648
390464
357672
357672
407104
361456
363032
391288
358248
358248
398416
391584
358248
358264
390968
358544
358552
396208
391392
362264
358944
358272
391048
408760
358896
358256
471296
358512
358264
396176
391904
358256
357968
357672
357968
390456
418336
390904
358248
357920
357672
357672
391880
358368
357976
357928
390752
357936
357928
553843
366248
358496
391312
358496
358512
402448
358416
358208
358504
358504
358504
396080
358496
363360
358560
391200
358648
358208
504128
358512
391312
2585232
359096
1010320
1178928
359152
2546256
403568
359048
391056
357672
357672
390480
357672
360104
357720
357656
390464
357960
358080
390752
360200
357768
390760
357960
357952
390776
360320
358200
357920
391056
357968
357672
390472
611736
358800
428208
358504
400576
391800
360968
357920
390760
357968
357968
357952
360168
390656
357952
357960
390760
357976
358264
393056
358256
358024
390912
371144
358904
358376
513968
358904
390904
358104
357968
390912
510420
359488
358264
391080
358400
358456
421216
390816
358704
358704
391488
358704
431632
358352
358616
391416
358664
358848
391296
428320
391576
358512
358512
391304
358512
510392
359160
358456
390416
357816
357672
357664
430248
359136
360816
358808
358512
358568
393224
359008
358512
391328
358496
358504
429528
359000
391312
359088
358744
358304
472344
358640
358352
391152
358360
358352
476376
391832
358456
449464
391248
358512
358504
480288
358800
358192
358504
358520
430680
495412
391496
358104
358064
390624
357952
370056
358488
357912
357672
390760
357672
357672
397552
358272
357968
390464
357672
357664
393296
358608
357960
391056
357664
431672
358800
428588
359144
357968
357936
358512
358560
428744
358792
391064
358456
358496
422568
431496
359072
358504
358256
358560
358496
391296
508152
391640
415792
391360
358448
358496
530980
391936
358008
357768
391064
358264
625776
388512
358856
357680
357672
357672
397864
390480
357664
357520
357520
357672
390424
360168
357912
391544
392120
358256
358264
393544
357920
357664
390488
357640
357672
357640
379736
358464
357616
357672
357664
390456
357664
385948
359152
359368
391672
358504
358552
400632
391304
358520
358504
391320
358496
358440
528328
359048
358304
390736
357664
357512
398080
357920
357672
390480
357656
397128
404536
358592
358360
358160
358560
358552
391352
410592
431728
357896
358208
358352
391304
419216
391312
358560
363816
360432
358368
431360
391408
358400
358256
391256
358504
358560
425776
358464
358552
358552
358552
358488
433224
391304
358560
358560
358552
358552
358560
424688
391160
403204
358864
358112
391320
401872
358448
358368
359136
391344
358216
367112
358200
391352
358552
358560
358552
361096
358224
358248
358056
391344
358520
358400
421072
358704
391152
357952
357912
390616
405364
391936
358744
357920
391224
358568
358568
418936
358456
358552
358496
391296
358504
426536
358104
358496
467464
358552
358560
391304
448608
391600
357912
357864
390752
357672
365368
390416
357672
357512
390464
357672
357680
391936
359152
503200
359096
390912
358208
357976
390456
357664
357672
357680
357664
393160
358160
357960
390952
357976
357816
390768
502576
358608
358208
390904
358000
358088
398952
358800
358104
358112
358104
358104
390896
423184
359144
357952
390904
358504
358704
426728
358112
391448
358592
358608
391256
358568
429352
358368
358496
391352
358504
358552
433896
358504
391304
358392
358504
470320
435760
358616
358496
358552
391352
358520
358552
414808
358456
358560
363472
358504
391072
363696
391704
358512
358352
391456
358504
358400
401696
358448
358552
391288
358560
358536
402744
391592
358496
358560
358552
358552
358560
516884
359152
357744
390360
357816
357816
427468
391856
358504
358504
391296
358504
358496
510224
403444
358944
357720
390960
358408
368224
358456
390776
357664
357664
357672
360240
390648
357672
357672
390464
357672
357664
392848
357672
357680
357680
357672
421144
358448
407356
391928
358352
358464
391344
358504
1248484
391880
358256
357960
390760
404072
358256
357976
390728
357968
357968
401048
358560
357808
390456
357680
357672
390480
440804
358760
391256
358512
358552
391360
432520
391856
358496
358344
391296
358496
358512
426192
358696
391272
358504
358400
391296
403264
358800
358504
391288
358512
358496
391240
405184
443888
358936
391304
358496
358520
401264
358760
358504
391216
358504
358496
391360
364024
358416
358408
2573648
359104
391288
358304
372032
358840
391304
358496
358512
391296
358512
371664
358400
391136
358512
358496
391304
534464
358944
391296
358504
358504
391288
358504
360056
358512
391296
358504
358512
421328
1126648
391904
358400
358640
391008
401088
358216
358496
391368
362424
358904
396904
358464
358496
391296
358504
358504
391288
419944
391848
358504
358504
391360
