8088
2256
2248
2240
2224
2232
2376
2240
2368
2264
2224
2256
2216
2240
2232
2248
2256
2288
2312
2400
2216
2408
2224
2224
2232
2240
2232
35160
2224
2200
2200
2208
2200
2192
2264
2216
2392
2328
2264
2256
2416
2296
2256
2216
2232
35184
2248
2280
2224
2280
2240
2248
2240
2296
35176
2232
2344
2256
2232
2208
2232
2232
2248
2240
2240
2232
2240
2320
2240
2248
2400
2304
2528
2216
2232
2264
2216
2272
2288
2288
2240
2344
2248
2240
2232
2232
2248
2280
2248
2232
2240
2264
2256
2256
2664
2256
2264
2216
2320
2256
2256
2232
2264
2256
2224
2240
35184
2232
35152
2256
2240
2256
2240
2288
2224
2224
2232
2248
2224
2240
2232
2232
2248
2232
2224
2224
2224
2240
2232
2240
2232
2232
2632
2240
2248
2224
2240
2248
2248
2216
35144
2256
2232
2248
2224
35144
2232
2240
2224
2248
2272
2224
2240
2256
2248
2296
2224
2224
2280
2280
2216
2256
2264
2256
2264
2296
2264
2256
2280
2240
35184
2272
2232
2280
2232
2280
2248
2232
2216
2240
2232
2224
2240
2208
2216
2360
2240
2224
2256
35152
2256
2248
2264
2232
2248
2280
2224
2216
2224
2224
2240
2232
2240
35224
2232
2264
2264
2272
2280
2272
2240
2240
2248
2240
2376
2240
2232
2248
2240
2264
2216
2280
2232
2240
2248
2240
2272
2248
2248
2256
2248
2248
2320
2256
2360
2240
2640
2256
2272
2256
2312
2264
2224
2248
2264
2240
2248
2256
2264
2280
2240
2256
2224
2264
2240
2248
2280
2232
2240
2272
2280
2248
35168
2256
2240
2224
2224
2256
2240
2248
2224
2240
2256
2264
2216
2256
2240
2264
2248
2248
2240
35160
2320
2248
2248
2224
2248
2248
2288
2232
2288
2232
2232
2232
2224
2256
2232
2248
2240
2240
2256
2704
2272
2224
2280
2232
2336
2208
2240
2552
2264
2232
2264
2256
2272
2256
35184
2312
2240
35168
2280
2640
2232
2296
2232
6144
2296
2232
2256
2256
2256
2216
2232
2216
2240
2344
2232
2248
2416
2232
2208
2256
2232
2224
2248
2240
2240
2232
2232
2304
35160
2224
2264
35160
2264
2256
2304
2264
2232
2272
2272
2216
2240
2240
2248
2264
2240
2232
2256
2280
2224
2224
2240
2280
2296
2240
2288
2288
2224
2248
2280
2232
2248
2392
2256
2240
2272
2264
35160
2232
2264
47216
2240
2232
2264
2280
2224
2248
2264
2240
2680
2280
2248
2280
2216
2752
2280
2440
2240
2248
2248
2288
2304
2280
2296
2248
35168
2280
2264
2264
2288
2312
2264
2320
35200
2232
2248
2232
2232
2240
2464
2264
35192
2360
2336
2328
2288
2224
2264
2272
2224
2760
2256
2256
2280
2248
2224
2216
2248
2280
2264
2288
35368
2248
2296
35160
2240
2256
2248
2232
2256
2280
35208
2272
2264
2288
2280
2248
2280
2264
2248
2224
2280
2280
2264
35168
2208
2264
2232
2232
2232
2248
2240
35176
2248
2248
2256
2208
2248
2248
2264
2256
2232
2232
2232
2232
2272
2280
2272
2280
2248
2224
2264
2336
2240
35160
2256
2240
2240
2240
2224
2240
2280
2248
2256
2256
2240
2232
2256
2248
2224
2272
2272
2232
2240
2264
2280
2312
2240
2240
2312
2256
2304
2240
2224
2240
2240
2320
2288
2224
2280
35168
2256
2320
2256
2216
2296
2224
2256
2232
2256
2256
2240
2296
2264
2256
2264
2264
2304
2328
2288
2256
2296
2264
2232
379161
2304
2296
2344
2368
2344
2336
2352
35528
2344
2320
2344
2336
2344
2336
2336
2296
2368
2360
2360
2320
72512
2280
2344
2344
2312
2312
2320
2336
2312
2288
2344
2336
2352
35464
2304
2360
2320
2320
2344
2320
2328
2328
2344
2320
2368
2312
2320
2360
2304
2312
35472
2328
2336
2312
2336
2336
2352
2336
2360
2304
2328
2344
2344
2328
2336
2336
2352
35480
2328
2312
2336
2304
2296
2320
2344
2336
2312
2304
2328
2312
2336
35464
2360
2344
2376
2328
2312
2288
2336
2320
2288
2328
2328
2320
2688
2344
2296
2304
35432
2352
2304
2304
2360
2328
2328
2320
2352
2288
2336
2320
2336
2344
2352
2352
2368
2320
2336
2312
2344
2352
2352
2344
2344
2304
2320
2360
2312
2312
2344
2368
2344
2336
2312
2336
2336
2328
2352
2304
2360
2360
2296
2344
35560
2328
2360
2312
2368
2336
2248
2320
2312
2328
2344
2304
2328
2304
2336
2328
2312
2304
2352
2344
2304
2352
35480
2336
2328
2352
2312
2304
2360
2344
2336
2232
2296
2288
2344
2304
35488
2336
2312
2296
2336
2320
2320
2336
2344
2312
2328
2344
2328
2376
2344
2360
2360
2328
2360
2360
2304
2312
2328
2328
2336
2312
2336
2344
2320
2328
2320
2328
2352
2296
35512
2296
2296
2304
2328
2296
2352
2344
2336
2304
2312
2336
2360
2336
2320
2320
2352
35488
2352
2320
2312
2328
2368
2336
2328
2328
2328
2312
35496
2400
2360
2344
2368
2336
2344
2328
2360
2320
2360
2352
2360
2320
2328
2336
2384
2320
2328
2320
2344
2344
2376
2344
2328
2384
2296
2328
2336
2328
35552
2296
2328
2344
2328
2352
2352
2376
2344
2328
2368
2344
35536
2344
2336
2368
2352
2328
2336
2376
2344
2336
2368
35496
2360
2312
2352
2312
2336
2328
2368
2344
2376
2344
2344
2328
2328
35472
2336
2320
2360
2320
2328
2304
2368
2360
2352
2360
35480
2344
2312
2352
2360
2328
2352
2336
2312
2328
2352
2328
2304
2376
2360
2360
2312
2320
2328
2304
2328
2336
2304
2720
2344
2320
2368
2384
2328
2360
2352
35728
2312
2312
2328
2376
2360
2368
2360
2352
2320
2320
2352
2344
2336
2352
2288
2320
35480
2704
2344
2296
2304
2360
2344
2384
2384
2336
2240
2960
2232
2248
35416
2344
2336
2344
2360
2312
2296
2352
2368
2336
2352
2344
2336
2368
2368
2288
2312
2344
2344
2352
2352
2328
2312
2352
2328
2336
2336
2352
2336
2360
2336
2336
2336
2344
2328
2352
2296
2328
2344
2336
2344
2352
2312
2344
2360
2328
35496
2320
2304
2368
2368
2360
2328
2344
