472
176
160
192
176
160
144
128
128
208
168
184
144
136
136
136
104
112
152
152
152
152
152
152
160
152
160
160
144
168
104
120
160
144
120
128
144
160
152
136
128
160
128
152
144
152
104
128
112
144
176
128
176
152
112
112
128
160
112
144
216
144
136
152
120
104
168
120
120
144
120
136
136
112
136
152
152
144
136
128
136
112
152
136
120
136
152
152
144
192
168
104
144
112
136
144
112
152
128
128
136
120
152
152
168
160
120
112
128
152
136
128
136
128
120
112
152
144
104
152
160
112
152
144
160
184
168
160
120
136
152
128
112
120
104
136
144
176
304
128
120
152
120
152
112
152
128
152
128
160
136
128
152
120
104
120
168
120
112
144
144
136
120
136
144
144
112
160
144
160
176
128
152
152
144
192
152
112
104
160
200
144
200
152
160
184
176
160
136
104
160
160
136
144
152
128
144
136
144
200
168
120
144
144
168
152
152
144
136
144
152
112
112
176
160
160
136
72
144
144
160
112
144
136
200
104
144
168
112
144
144
120
192
144
120
112
176
120
176
168
112
160
160
192
104
192
160
168
192
176
144
136
144
176
128
136
144
160
160
208
152
152
152
184
208
200
152
200
152
144
160
200
184
128
168
192
184
192
128
136
168
144
104
120
144
192
120
104
112
144
160
136
128
192
192
160
168
104
152
112
184
160
152
104
184
160
200
176
144
136
144
144
152
160
144
136
144
152
152
120
160
160
136
128
152
120
200
136
144
152
136
120
152
200
160
160
112
152
152
144
144
136
112
160
192
152
112
144
184
56
96
104
104
104
104
104
104
112
112
152
152
152
136
120
200
104
104
112
104
96
104
112
144
152
144
224
144
144
144
112
160
96
104
152
152
152
136
160
152
136
152
168
144
128
200
128
112
128
160
136
144
168
120
128
200
176
112
176
104
144
64
120
104
120
184
208
168
144
112
152
200
152
104
160
216
192
136
120
120
112
152
152
112
112
160
128
112
112
120
168
152
152
144
152
144
152
152
208
128
208
112
200
144
152
152
176
120
160
144
168
144
112
120
152
152
112
136
176
104
144
184
160
200
160
112
152
160
144
144
152
152
168
152
144
152
112
144
168
120
152
144
144
144
144
176
144
168
136
152
176
152
160
208
184
168
176
144
144
184
168
152
144
112
144
104
104
152
104
144
104
136
184
112
168
144
144
192
144
112
144
184
136
112
136
144
192
160
128
152
104
168
152
152
152
152
120
136
128
288
112
200
192
144
128
200
144
160
208
144
152
144
152
184
160
152
144
200
136
104
200
136
144
152
184
160
168
152
160
200
200
160
152
136
104
152
136
152
152
200
168
33136
192
200
216
152
168
120
152
144
200
184
192
184
152
152
144
144
104
104
144
144
112
192
112
152
144
152
96
112
144
128
128
152
104
160
152
144
152
152
152
160
152
160
112
136
160
120
120
136
144
136
136
112
152
136
136
128
560
152
104
136
144
144
120
144
152
152
136
144
112
136
144
144
144
144
152
144
144
144
144
144
136
144
144
144
152
152
136
144
136
112
144
152
160
160
192
184
152
136
144
152
160
200
200
104
144
152
144
152
152
144
144
144
144
152
160
112
152
152
168
152
144
192
216
152
144
152
136
168
144
128
144
160
152
176
192
112
136
152
136
136
112
144
168
144
144
152
160
176
168
160
208
168
160
208
160
192
128
152
160
160
152
160
144
504
160
128
160
168
33584
160
168
168
128
160
176
160
168
160
200
144
168
192
152
168
33592
152
152
136
144
216
152
112
152
160
520
152
160
152
152
152
152
152
152
152
136
136
160
144
128
152
144
136
160
144
152
144
152
152
216
160
168
136
168
160
128
160
152
128
128
112
112
144
120
136
120
152
136
144
144
160
144
176
200
144
128
160
136
136
144
184
136
136
160
136
144
112
144
152
136
136
136
128
152
136
152
144
136
136
136
144
144
128
104
136
144
152
136
112
128
112
144
144
136
136
128
128
152
136
144
144
128
120
136
152
152
128
120
136
112
112
136
112
144
136
128
112
112
160
160
160
152
136
144
136
152
136
152
136
144
152
136
152
144
152
144
120
152
128
160
128
128
128
144
144
152
160
152
168
144
152
168
128
168
160
160
160
168
168
144
152
168
144
168
160
144
176
168
168
144
168
160
136
160
160
168
168
152
176
136
152
152
168
152
152
128
168
152
136
136
152
136
128
144
152
112
144
152
160
152
144
144
152
144
160
136
152
144
144
152
160
120
144
144
176
136
144
168
144
136
