1848
792
664
33656
616
680
536
456
656
544
408
592
440
616
480
576
520
560
408
416
552
592
416
424
416
416
424
520
408
584
416
416
416
424
416
416
424
416
424
424
424
416
416
416
408
416
416
416
424
432
408
416
424
416
424
416
416
424
432
424
416
416
416
424
416
416
416
416
424
424
648
480
416
520
544
544
496
504
440
472
480
576
520
416
424
416
416
424
416
416
416
416
416
416
416
416
424
416
544
432
424
416
416
424
416
416
424
416
424
416
424
416
416
424
424
416
416
416
416
424
416
416
416
416
416
416
33696
416
416
424
408
664
472
416
416
424
408
416
416
416
408
424
416
424
416
416
416
424
408
400
400
400
400
400
400
400
400
400
400
400
392
392
400
400
400
400
392
400
400
400
400
480
472
400
504
528
976
576
496
528
408
632
504
552
592
576
616
544
512
464
568
480
576
480
528
504
408
520
416
528
408
488
520
568
504
488
456
496
464
584
480
416
456
432
456
536
456
472
480
528
480
504
512
568
416
560
488
536
472
456
624
568
552
592
512
448
512
576
592
496
512
448
448
528
576
408
480
504
600
480
472
560
568
624
600
624
512
648
488
592
616
608
536
672
584
512
552
616
536
528
560
528
416
400
448
408
472
400
392
520
392
440
400
424
416
488
560
496
528
512
432
448
576
536
544
400
552
544
576
448
632
560
496
568
504
424
512
456
432
464
528
416
624
576
520
544
480
504
584
456
408
408
400
392
400
392
400
400
400
400
400
400
400
400
400
400
400
416
576
448
33608
544
536
544
664
440
536
528
432
512
528
416
528
568
480
480
392
1616
504
400
400
408
400
408
400
400
400
400
400
400
400
400
400
400
400
400
392
400
400
400
400
400
400
400
400
400
400
400
400
400
400
400
400
400
400
400
400
400
400
400
400
400
400
400
400
400
400
400
400
392
400
400
400
400
400
400
400
400
400
400
384
400
400
400
400
400
400
400
400
400
400
400
400
400
400
400
400
392
400
400
400
400
400
400
400
400
400
400
400
400
400
400
400
400
400
400
400
520
440
480
400
496
464
400
408
440
528
608
400
512
440
480
416
392
496
480
504
432
400
400
496
448
376
400
384
472
512
432
520
496
512
488
528
424
528
480
440
360
408
400
384
384
536
408
400
408
552
408
400
512
480
456
552
632
544
400
400
1448
400
504
464
440
392
504
496
608
408
408
400
584
440
448
584
568
416
440
448
440
456
464
432
544
496
552
544
560
576
560
512
528
560
568
472
400
400
400
400
392
392
392
400
392
392
392
392
400
392
400
400
400
400
400
400
400
392
400
400
392
392
400
400
400
392
400
400
400
400
400
400
400
400
400
392
464
488
424
416
392
448
504
400
400
392
400
400
384
400
400
400
400
400
400
400
400
400
400
400
400
400
392
400
400
400
400
400
400
400
400
400
400
400
400
400
400
392
400
400
400
400
400
400
400
400
400
400
400
400
400
400
400
400
400
400
400
400
400
400
400
400
400
400
400
400
400
400
400
392
400
400
400
400
400
400
400
392
400
400
400
400
400
400
400
400
400
400
392
400
400
400
400
392
400
400
400
400
400
400
400
400
400
392
400
400
392
400
400
400
392
400
400
400
400
400
400
400
504
456
600
536
576
552
552
432
400
400
400
400
400
400
33224
400
400
400
400
400
400
400
400
512
464
408
400
480
480
400
400
400
400
400
400
400
400
400
400
408
416
400
400
400
400
400
416
408
400
400
400
408
408
400
400
400
400
400
400
400
400
400
392
400
400
400
400
400
392
400
400
392
400
400
400
400
400
400
400
400
400
400
400
400
392
392
400
400
400
400
400
400
400
400
400
400
400
400
400
400
400
400
400
416
424
400
400
400
400
392
400
400
400
400
400
400
400
384
392
392
400
400
400
400
400
400
400
400
400
400
400
400
400
400
400
400
400
400
400
384
400
400
400
392
400
400
400
400
400
400
400
392
400
400
400
400
392
400
512
456
400
400
400
400
400
392
400
392
400
400
400
400
400
400
400
400
400
400
400
400
400
400
400
400
400
400
392
392
400
400
400
400
400
400
400
400
400
400
400
400
400
400
400
400
400
400
400
400
400
400
400
400
400
400
400
400
400
400
400
400
400
400
400
400
400
400
400
400
392
400
392
400
392
392
400
400
392
400
400
400
400
400
400
400
400
392
400
392
400
392
400
392
400
33208
400
400
392
400
392
400
400
400
400
400
400
400
400
400
400
400
400
400
400
400
400
400
400
400
400
400
400
400
400
384
400
