109072
130112
101808
75632
75248
42352
75256
75192
75144
75208
42392
75216
75144
75248
75256
42384
75256
75152
75216
80952
75264
75184
75152
75296
42408
75136
75248
75216
75216
42432
75200
75216
75208
75200
42408
87920
77152
75256
75200
42384
75256
75152
75216
75200
42400
75208
75208
75224
75232
75208
75232
75216
90960
95520
96416
96032
127816
96520
95824
128016
96608
96064
128760
99824
96440
127792
96392
96712
128304
94952
95864
128360
96640
96048
129264
92840
96888
94672
96344
95560
127680
95936
96544
128496
96592
96080
96168
96792
95584
127752
96304
96128
128176
96664
96440
127936
96568
96032
165339
92112
127152
125792
93744
94016
94696
92984
93832
93056
126632
92448
98600
92504
93416
93008
93168
93600
127032
94368
91832
95080
95264
91992
93744
125408
93232
95056
125928
94024
94160
132952
144712
81152
83376
86832
84264
93304
124848
94096
93560
94696
92056
125688
92808
102456
97136
97192
96296
168485
93016
115456
84208
75360
75120
75192
216328
138253
89928
78824
93240
93864
124792
94176
88808
96088
96384
127312
126920
92832
125376
94424
91608
92496
92864
125816
94408
93616
95024
92240
124952
1547827
83152
323536
90448
91616
89680
89976
91280
82488
94104
93888
94248
165960
89960
99090
85000
87504
87792
89680
96638
137013
86944
89344
99456
81184
88912
88120
84328
87152
86600
93144
101648
96824
171424
89824
89208
131904
91968
87296
85848
86368
182027
97048
96640
85224
95584
96784
129688
97760
129048
89832
101874
109134
92448
94464
86992
126696
93512
90856
90200
76032
93352
81784
83968
239661
123464
94256
91008
84216
42392
75280
75136
75136
75104
82920
81896
80168
80896
91496
77344
75264
75272
75208
42416
113080
90096
89168
79888
93392
98640
88152
85856
87440
85752
89072
88376
90304
125952
90128
92080
92712
93728
90144
93496
93880
91816
93912
124952
95784
92144
129040
96288
95176
96664
97128
127976
96480
96424
129464
96312
95848
96688
96040
127792
96872
96184
96008
99896
96168
96568
97032
127944
96784
96408
129160
96232
95352
96616
96576
128216
95640
95416
96544
96448
128032
96280
98584
128416
96704
95696
96728
96752
128080
96016
95544
96264
96552
127448
96120
96328
96144
94968
128392
96440
96272
128504
128712
96472
96016
96288
96848
94632
95976
96488
128832
96344
96168
94984
96168
128368
95912
94992
96480
96592
135640
83488
91240
96712
96784
128528
96848
95552
96088
96504
128304
96520
96560
96048
96464
127720
96560
96624
96624
96352
81752
75248
42408
42432
75080
75072
75080
75224
75112
75088
75248
75200
42432
42256
75120
75088
75152
75224
75144
75104
75240
75216
42384
42392
75136
75088
84816
75328
75112
75152
75072
75064
75136
75168
75192
42368
75064
75008
75064
75168
75096
75040
75072
75216
75184
42376
42248
75024
75008
75112
75176
75064
75040
75176
90176
91120
86720
75472
75120
75176
82464
121784
93160
89400
76568
75152
75112
75216
75184
42376
42264
76208
83384
75200
75192
75160
42392
42280
75024
80776
86480
48616
86512
82440
82408
83528
89584
84392
87328
42464
75048
75008
75120
75168
75072
75072
75224
75152
42384
42280
75072
75064
75096
75160
75048
86240
88016
75344
75096
75056
75200
75144
42384
42352
75056
75032
75064
75152
75088
75064
75120
75224
75168
42360
42264
75008
75016
75120
75120
75072
75048
75224
75152
90000
75720
84520
93896
96008
96360
96832
127728
96528
95584
96456
95704
127600
96392
96448
129168
95472
95904
96992
99472
95000
96200
95392
128416
96904
96160
96480
96520
127568
96440
96288
96064
96536
94984
96384
97200
128248
96504
105672
128232
96856
96256
129104
97184
96144
96752
96824
94768
96528
96816
128680
95824
95176
96528
88728
90792
96184
97120
96512
127984
96704
96088
96560
96472
127632
96640
96344
128856
96608
95528
95672
291744
96320
95984
95664
96728
127440
96224
96552
96024
96432
95520
95608
95416
128672
95680
95296
96248
96456
127744
98416
96408
129176
96384
95208
96984
96048
128512
96808
95560
96280
95680
127664
96592
95088
96432
96864
128120
96584
98688
95152
95512
128104
95520
95920
129112
96848
95152
96240
96736
128032
96648
95520
96576
96488
127856
96672
96288
96144
97024
95272
96048
96616
127096
96392
96232
96088
96464
95352
95576
96480
128224
97096
95968
96168
96744
95224
96456
95544
96384
96632
128160
96576
96696
96192
95696
94576
96024
96400
129168
96448
96008
96152
96024
128320
97256
99256
96320
96864
94728
96720
96856
128568
96168
96248
95856
96664
127424
96720
96608
96568
96632
95200
96168
96432
128224
86456
128168
96072
95520
95880
96456
128384
96256
96376
96312
95792
128016
96640
96656
128968
96720
95648
96616
96224
96464
96248
96000
96648
127512
96760
95048
95464
96528
127416
96376
96024
96264
95416
127552
96320
95944
128952
118435
97432
97048
95304
95808
96632
128792
96024
95368
96696
96872
95720
95856
96496
128688
96936
96088
96360
96048
146955
88064
86472
89584
88192
88264
90248
81656
92944
91048
84712
86128
85400
90544
88568
91456
95496
126352
91488
90184
226952
88712
93496
93200
94216
123632
94544
94680
93408
94088
91160
94096
93240
94600
94408
94240
94808
125368
94792
127216
94992
94120
91880
89440
92792
90992
90904
90368
126160
94240
94720
94864
94416
124688
93536
92304
94856
93848
163008
491784
75360
84680
77736
83752
122152
88704
76368
42344
42392
75096
75048
75152
75176
75120
140221
129248
96224
95456
95784
96536
96696
127544
96176
96392
128024
96504
92656
88256
84760
86248
95744
94608
129472
94560
88800
91904
89952
93360
89352
89872
128816
91088
95624
91640
95888
95840
95872
126912
96400
96008
171056
96696
127984
96328
95816
96248
96624
95680
96496
96736
128360
96832
95848
96384
96856
127808
96304
95672
153675
42872
75136
75192
75088
75168
75104
75112
75224
75224
75208
42400
75080
75032
75072
75176
75104
75120
75120
75280
75240
42408
42304
75072
75048
75176
75176
88384
42496
42320
75128
75056
75144
75152
75128
75088
75256
75208
42408
42264
75064
75056
75176
75240
75096
75072
75232
75200
42424
42424
75104
75048
75136
75200
75128
90728
77320
75216
75104
75120
75104
75200
75248
75224
42408
42312
75104
75080
75160
75120
75120
82728
43208
75240
75064
75152
75208
75096
75088
75256
75200
42440
42320
79288
75256
75104
75216
75240
42424
42400
75112
75040
75112
75192
75104
75096
75168
75224
75232
42408
42312
75088
75064
75168
75160
75136
75104
75256
75216
42408
170976
76736
75176
75264
