1027640
1001576
968080
1105264
999664
969024
1000368
960800
861488
988432
958864
931440
780872
1012152
770704
821816
892480
920360
944960
866880
775640
731104
763008
772648
762656
763824
774160
796968
792792
765432
730528
772824
795288
864344
939608
824656
1002504
1038512
1028688
1029800
1037224
1025360
1036360
1110176
1029584
1295640
1035216
978240
1035112
1032144
1036632
1037496
1035704
1036952
990584
1037600
1030888
1030800
1034520
944016
952240
1016046
15679024
1100048
9259896
1175008
829152
764736
894688
765592
954880
766960
784056
939592
1207448
809008
764872
731392
799488
764728
731512
838792
765584
763608
836192
733320
763504
767816
732192
843832
766480
764504
763944
767632
732864
766088
840904
765152
764624
898296
5426648
773632
766776
838888
733440
765296
833512
765984
765288
955312
765064
765768
798888
766648
767008
866824
5711152
767664
731480
840624
764320
731152
798776
764824
765328
811384
766416
732752
799808
843856
769984
764928
836232
765392
765728
848192
790888
730640
873896
764952
844672
1509200
733568
798336
765832
765632
767504
831136
847984
732400
886408
781352
786760
884880
765328
844360
879592
765512
844240
836304
813960
764672
1032376
766688
845352
799128
807616
764040
913848
5809992
775904
1143520
765008
764416
804016
764216
764024
799200
764488
765672
884088
783616
973056
923352
764960
1825256
768016
764440
800080
766520
766016
803552
765792
764640
800280
765880
764736
765752
955536
769528
832528
1003192
867824
802320
766480
773024
782528
798632
764424
764528
862288
765160
730920
1695936
769600
853544
826968
774656
800552
764880
825696
808832
765296
763872
895312
959736
971592
1041592
1040024
1038600
970008
1046816
3175440
1000000
997416
1034760
1237600
1825392
2128208
1642640
884360
1025480
1202312
1710760
1740056
1112728
1752808
1107592
1139754
3891848
1169712
1035344
1617339
849744
765944
805736
777544
5450656
769840
3696112
739384
766592
916992
766360
765264
1366200
768520
764880
814888
846936
764816
859696
766056
769088
909488
765016
765536
836864
1033936
767512
837976
765472
839688
835792
732800
764072
855632
765320
764504
732008
781368
731248
763024
835912
765512
764944
836400
764072
765616
1002912
940400
782544
853824
765864
764368
835472
765904
3974688
766576
765448
730960
800856
763752
765784
854600
766024
764888
832376
764240
732360
802976
765000
763376
797992
766752
765040
731448
836752
765432
731552
853968
765456
765920
835912
764208
765192
1033712
774304
774376
1038216
859696
731880
839176
766376
764192
835648
769496
764384
832800
765008
857696
1863072
12942096
833264
764792
802992
763824
765248
798032
765320
915608
2497040
1026424
889904
882680
970488
1375154
885744
933272
931952
909584
1392856
937544
870576
869952
901040
763752
772064
2432475
3739125
816272
1103904
787520
764920
773680
35997507
1080421
2947504
1162320
825160
767256
778344
767872
767136
776672
780168
765880
765112
873280
766912
764832
774200
767128
1435355
1468421
796816
763160
765144
817176
767344
731752
763504
2003995
885336
949957
833875
969112
1033296
961736
1060467
875928
912109
1514603
1218037
2496270
818864
886176
959256
1160637
859144
861272
860040
900875
1358712
876296
958616
931640
867640
895080
878136
864352
931912
860592
871792
963448
969024
1010008
925592
948576
1025320
996272
1013336
970096
929256
990736
939096
955072
978400
1917536
1303898
1089960
1064192
1128088
1337779
4243480
864320
4510475
972816
1173504
1019984
930224
1083256
925376
968826
774368
962136
1066686
784336
759096
824048
692328
691784
773000
711048
948768
947376
931040
882608
861818
1028006
725112
1005936
700512
691896
857808
964480
919792
830922
833784
962475
2495421
783368
765200
906584
764064
802936
1058899
1057912
877232
946168
787600
692280
747472
691952
691776
748712
897160
864248
707080
797624
943736
703472
866048
991552
1071088
996136
999720
1045584
851120
1005880
993800
692296
805256
862192
783416
771104
876528
954384
1248704
1010432
1007331
734384
764880
832816
894256
839664
883136
780776
771808
1197341
989832
1284960
953376
885512
1726112
1000456
1016048
874488
936512
933536
846552
767656
858376
961984
966856
864760
948016
1060752
942616
965280
965816
695752
898560
953752
1001640
887877
763744
762880
780240
763560
763840
802152
796496
781512
898720
955112
945352
1221528
1893488
1705312
1026456
952696
957560
1032088
1109518
1030392
869536
1039730
793744
781368
802512
789856
704080
691952
740416
691920
691800
778939
766776
730912
773072
730560
763360
762856
776560
763656
730256
783456
731352
763048
863360
693296
691696
702664
691976
691808
691720
746088
692120
691792
691840
704536
691832
691784
706424
691976
691872
691784
864792
700064
692064
739432
692136
803968
702000
932104
765560
730192
781472
731624
764328
767992
763752
763928
813688
764048
764008
781024
763784
730888
763520
767296
763240
763840
767120
763648
762264
733208
763528
762920
733640
763096
763736
731288
766528
762832
763960
766208
770752
957856
855448
692008
691776
691792
701976
691848
691824
766379
733864
764496
924568
717432
691880
691816
870504
721088
691944
711768
692016
691872
867072
955587
767144
779728
692888
691832
691816
750720
702312
691912
769984
860360
765920
815304
766688
765416
765072
772096
731584
764232
925082
850832
715856
712368
691968
691800
715224
692200
691872
691808
781954
692760
691808
739008
692024
691848
691800
707912
692032
691824
691792
914344
763536
730776
768936
763760
764312
862184
764000
763672
811016
960272
949928
1034560
1129304
959544
897640
949264
943352
865128
731816
769480
762704
763360
810043
764392
731392
776976
731408
765152
771120
869488
888088
791368
692200
724696
691824
772080
764160
763928
770976
764008
732344
911088
692512
691848
691696
752720
724848
691840
740952
692072
691840
691816
1013459
1056824
1063744
1056968
1083341
703760
691776
691832
763216
692048
691808
691896
700128
946944
1012664
950008
875952
728960
865840
694568
739128
743632
691896
691776
745128
691984
691800
691784
796264
692192
691792
710264
691800
691832
691800
827288
691912
691640
820792
725712
691832
701968
692920
691832
724592
710840
692016
691832
691824
744136
691864
691768
816600
744528
691880
691792
905200
764680
764496
785395
693176
691864
795496
701640
691896
691784
781008
765136
937000
773592
764392
765416
778744
763872
732848
777216
765408
765064
777264
763736
764600
764384
746080
691872
691856
752016
913061
705680
731440
707520
691816
691688
760680
692160
691800
691832
699792
691760
691840
772560
692392
691680
691760
708448
691744
691880
849496
708744
724648
699640
696176
691776
691752
726888
692200
724608
691768
845283
764008
731168
766784
692040
691752
755517
765688
818224
770728
731688
764064
763704
770840
763888
763720
1126672
805040
705184
712056
691792
691800
715248
858376
732224
763984
765144
764448
763920
770080
764720
764144
855944
766256
731368
769864
765512
764112
765168
765000
763544
765424
806421
699728
692048
746696
692312
691880
724696
752392
692152
691728
745000
692184
691840
691744
849608
692472
691856
750448
821392
692384
691784
874832
694720
691792
928704
973688
938056
1018920
1025504
956560
951456
705464
706384
691912
691784
691800
755672
691984
691824
705528
691992
691824
691696
739832
691872
691840
744200
