7632
5968
6240
6192
39216
5744
6072
6056
5824
6608
6592
5800
5008
5864
5992
6384
6048
6496
5736
4448
4720
4712
5896
6512
5984
5840
5888
5992
5592
6136
5680
6456
5888
6232
6072
6560
6632
4600
6328
6344
6392
5400
5600
5424
6472
5608
6584
5896
6392
5952
5784
5832
6400
5936
6400
5632
6368
5832
5848
5608
4744
4792
5560
6480
6544
6128
5472
5832
5448
6304
5856
5816
6296
5864
6336
38640
4760
4224
4984
5456
4184
5488
4608
5720
5864
5792
5856
5368
145584
6416
5784
5560
5912
6000
6344
6464
38896
6240
5752
6560
6352
38584
6136
5888
6232
5672
6304
5816
39008
6536
5976
6216
6120
6224
5976
39856
5856
5792
6256
5936
6352
5944
6080
5592
5576
5536
4968
5976
38544
5584
5560
5672
5264
5400
5736
5296
6024
38264
5672
5744
5968
5472
5224
6048
5664
5760
5200
5752
38712
5808
5352
6064
5704
5824
6104
5640
5328
5528
5696
38704
6224
5760
5896
5944
5904
5848
5392
5840
5472
5752
38544
5560
5928
5880
5328
5736
5840
5112
5336
38640
5128
5576
5840
5648
5152
5568
38216
5992
38960
5760
5664
5648
5376
5720
5640
38936
5800
38664
5984
5992
5424
5296
5544
5544
38288
5864
5800
5456
5864
5552
5288
5832
5312
37960
5608
5592
5576
5312
5928
38808
5736
6032
5840
6232
68104
5608
4504
5192
360976
6192
5448
6024
38416
5840
5768
5960
5704
5480
6000
5096
5304
38216
5600
38696
5944
5872
5936
5784
5352
5592
5328
5560
38568
5816
38872
6064
5416
5984
5344
5616
5568
5048
5856
38504
6024
6008
5672
5280
5392
5608
5416
5584
38424
5888
38800
5752
5440
4472
5136
4392
4560
4936
4584
4984
4840
4944
4728
4952
4624
5272
4584
4192
4664
4856
4952
37944
5424
5784
5584
5304
5664
5128
5960
5896
5552
5536
5928
5224
5744
38248
5672
38632
5272
5824
5888
5592
5352
6000
5432
5624
37992
5000
4592
4216
4544
37904
5024
5184
5312
4680
37616
5512
5136
4688
4856
4784
5120
5184
5656
5456
5504
5072
5088
38256
5072
5112
5416
4768
4376
4408
4856
4760
4680
4848
5200
4976
5016
5344
38040
4512
5264
5088
4720
37688
5216
5152
5192
5096
37832
5008
4416
4760
5120
5072
5528
5704
5320
4784
5240
5680
38416
5544
4616
5200
4832
4944
5360
4848
4072
4520
5072
5824
38320
4712
5528
5096
5240
5272
5344
39064
5400
5744
5776
5816
5976
5872
5368
5744
38376
5016
38304
4904
4208
4240
4344
4264
4160
4176
37512
4568
4776
5464
5376
5360
5040
5672
5008
4640
4640
4768
5160
37624
4080
4424
4720
5152
38216
5016
4368
4496
5488
4800
4632
5264
5128
5600
4824
5384
5232
5280
5568
4800
5752
5520
5832
5672
37992
5776
5728
5552
5704
5808
5360
4744
5112
5384
6112
5416
5024
5264
37840
5368
5592
4864
5096
38080
4728
4752
5192
5616
38232
5608
5560
5584
5360
5648
5952
5176
5840
38576
5624
6064
6120
5056
5352
6008
5208
5536
38472
5696
5560
6184
5992
5392
5016
5200
5568
38208
5560
5888
5600
5896
5576
5376
5016
5264
38224
5616
5024
5480
5336
5352
5384
38224
5232
5392
5392
5488
38800
5720
4912
6096
5016
5080
4768
4920
5264
4872
5584
38792
6016
5568
5520
5672
5432
4456
38080
5496
4336
4944
4408
37952
4672
4952
4544
3984
3992
3992
4072
3992
38072
4840
4856
4912
4848
4800
4968
4760
4656
4776
4928
4840
5016
38024
4816
4896
4880
5000
4920
5136
5232
5080
4880
5016
5152
4872
4832
4896
6040
5736
5384
11904
4544
4432
5168
4736
4616
5152
4656
4936
5376
4928
5088
5368
4608
4888
5040
5448
5272
5040
5008
4912
5336
5720
5320
5176
38048
5328
5248
5288
5136
5488
4872
37904
4672
4936
4848
5352
4800
5968
5144
5040
4568
5296
4848
38576
6056
5272
5536
5520
5464
5920
5320
5920
5096
4800
4848
39568
5912
5192
5352
4688
4744
4744
5544
5152
37928
5144
4624
4528
4456
38048
4864
4832
5920
4976
4624
5312
5280
5448
5248
4192
5224
4072
5504
5784
4072
4880
5976
4072
4984
5176
4680
4848
4496
4824
5128
5504
6184
5264
5064
5632
38168
5240
5168
5720
4328
4848
5816
4640
4416
4400
37384
5392
4432
4360
4272
37480
4280
4304
4584
5096
38288
5440
36832
3976
3984
3992
3976
3992
3992
36792
3992
4000
3992
3984
3984
4056
4808
4872
5216
5504
5120
4984
5336
5480
5128
5200
5560
5624
6272
38224
5744
39032
6032
5736
6040
5880
5320
5608
5280
5464
38480
5520
5400
4528
5224
5488
5192
5256
5560
5360
6024
4088
37184
5024
56440
5224
5144
5952
4928
5560
5528
37624
5056
4808
5840
5680
6000
5912
5744
5984
5768
5896
5608
5504
5728
5864
5640
5920
5304
6016
5208
5408
38136
6000
5344
5856
6024
5840
5864
5872
5960
5776
5952
4240
5048
6048
4024
4200
98728
5000
5176
4496
5112
4672
37568
4824
5720
4064
4000
4000
4000
4000
3992
36808
3992
3984
3984
4000
3984
3992
3992
3992
3992
3984
3976
3984
3992
3992
3976
3984
3992
93867
6080
5728
6576
5832
5936
5648
5448
5600
4784
37680
4912
4752
4160
4544
4544
4048
4360
5072
4896
4896
4976
4944
5048
4960
4832
4992
4960
4808
4920
37656
4816
4816
4944
4848
4920
5312
5160
4912
4880
5056
4968
5016
5000
5400
38192
5336
5360
38816
118749
4448
37680
5896
4080
4608
3976
3992
5440
38216
5176
5216
5280
5432
37736
5456
5424
5400
4768
5240
5304
38184
5448
4880
5056
5416
5536
5632
38208
5928
5168
5400
5640
5648
5224
5424
6016
38096
5984
38416
5744
5728
5024
5584
5336
5336
38232
5440
5392
5152
5608
4784
5304
38192
5832
5320
5792
5616
5080
3992
5760
5792
38296
5984
5344
5920
6096
5624
5824
4968
4816
38176
5304
4808
5536
4072
4904
4440
5432
5248
5424
5248
5568
37424
5784
38256
5024
5512
5344
5592
5024
5336
38344
5440
5232
4760
4784
38096
5480
5496
5520
5520
5136
5360
4984
5056
38520
5624
